Event Index,UTC Timestamp,UTC Date,Local Timestamp,Local Timezone,Local Date,Experiment ID,Experiment Version,Tree Node Key,Repeat Key,Schedule ID,Participant Public ID,Participant Private ID,Participant Starting Group,Participant Status,Participant Completion Code,Participant External Session ID,Participant Device Type,Participant Device,Participant OS,Participant Browser,Participant Monitor Size,Participant Viewport Size,Checkpoint,Task Name,Task Version,randomiser-vdsq,branch-kcrj,Spreadsheet,Spreadsheet Name,Spreadsheet Row,Trial Number,Screen Number,Screen Name,Zone Name,Zone Type,Reaction Time,Reaction Onset,Response Type,Response,Attempt,Correct,Incorrect,Dishonest,X Coordinate,Y Coordinate,Timed Out,randomise_blocks,randomise_trials,display,filename,babble,vowel,progress,progress_quiet,group,block,subject,gender,word,token_num
1,1669952968040,02/12/2022 03:49:28,1669952967505,-6,01/12/2022 21:49:27,92237,21,task-bsko,,25622444,BLIND,7588880,,complete,,638974fc642773387b0fa186,mobile,Apple iPhone,iOS 15.6.1,Mobile Safari 15.6.1,414x896,800x364,,Audio Naming Task,26,Block 6-A,soundCheckPassed,6-A,,,BEGIN TASK,,,,,,,,,,0,1,0,,,,,,,,,,,,,,,,,
2,1669952970535,02/12/2022 03:49:30,1669952970028,-6,01/12/2022 21:49:30,92237,21,task-bsko,,25622444,BLIND,7588880,,complete,,638974fc642773387b0fa186,mobile,Apple iPhone,iOS 15.6.1,Mobile Safari 15.6.1,414x896,800x364,,Audio Naming Task,26,Block 6-A,soundCheckPassed,6-A,6-A,1,1,1,Screen 1,advancementZone,continue_button,2479,,,,,0,1,0,,,,,,Start Screen,,,,,,,p,,,,
3,1669952970735,02/12/2022 03:49:30,1669952970389,-6,01/12/2022 21:49:30,92237,21,task-bsko,,25622444,BLIND,7588880,,complete,,638974fc642773387b0fa186,mobile,Apple iPhone,iOS 15.6.1,Mobile Safari 15.6.1,414x896,800x364,,Audio Naming Task,26,Block 6-A,soundCheckPassed,6-A,6-A,136,1,1,Screen 2,fixation,fixation,365,,,,,0,1,0,,,,,1,Trial (Noise),o_subj16_f_bote_162.wav,Babble_121.wav,o,1,,6-A,noise,subj16,f,bote,162
4,1669952970735,02/12/2022 03:49:30,1669952970419,-6,01/12/2022 21:49:30,92237,21,task-bsko,,25622444,BLIND,7588880,,complete,,638974fc642773387b0fa186,mobile,Apple iPhone,iOS 15.6.1,Mobile Safari 15.6.1,414x896,800x364,,Audio Naming Task,26,Block 6-A,soundCheckPassed,6-A,6-A,136,1,2,Screen 1,Zone6,content_web_audio,5,,,AUDIO PLAY REQUESTED,1,0,1,0,,,,,1,Trial (Noise),o_subj16_f_bote_162.wav,Babble_121.wav,o,1,,6-A,noise,subj16,f,bote,162
5,1669952970735,02/12/2022 03:49:30,1669952970420,-6,01/12/2022 21:49:30,92237,21,task-bsko,,25622444,BLIND,7588880,,complete,,638974fc642773387b0fa186,mobile,Apple iPhone,iOS 15.6.1,Mobile Safari 15.6.1,414x896,800x364,,Audio Naming Task,26,Block 6-A,soundCheckPassed,6-A,6-A,136,1,2,Screen 1,Zone8,content_web_audio,6,,,AUDIO PLAY REQUESTED,1,0,1,0,,,,,1,Trial (Noise),o_subj16_f_bote_162.wav,Babble_121.wav,o,1,,6-A,noise,subj16,f,bote,162
6,1669952970735,02/12/2022 03:49:30,1669952970421,-6,01/12/2022 21:49:30,92237,21,task-bsko,,25622444,BLIND,7588880,,complete,,638974fc642773387b0fa186,mobile,Apple iPhone,iOS 15.6.1,Mobile Safari 15.6.1,414x896,800x364,,Audio Naming Task,26,Block 6-A,soundCheckPassed,6-A,6-A,136,1,2,Screen 1,Zone7,content_web_audio,7.0000000000009095,,,AUDIO PLAY REQUESTED,1,0,1,0,,,,,1,Trial (Noise),o_subj16_f_bote_162.wav,Babble_121.wav,o,1,,6-A,noise,subj16,f,bote,162
7,1669952971978,02/12/2022 03:49:31,1669952971520,-6,01/12/2022 21:49:31,92237,21,task-bsko,,25622444,BLIND,7588880,,complete,,638974fc642773387b0fa186,mobile,Apple iPhone,iOS 15.6.1,Mobile Safari 15.6.1,414x896,800x364,,Audio Naming Task,26,Block 6-A,soundCheckPassed,6-A,6-A,136,1,2,Screen 1,Zone3,response_button_text,1105,,,o,1,1,0,0,,,,,1,Trial (Noise),o_subj16_f_bote_162.wav,Babble_121.wav,o,1,,6-A,noise,subj16,f,bote,162
8,1669952972201,02/12/2022 03:49:32,1669952971856,-6,01/12/2022 21:49:31,92237,21,task-bsko,,25622444,BLIND,7588880,,complete,,638974fc642773387b0fa186,mobile,Apple iPhone,iOS 15.6.1,Mobile Safari 15.6.1,414x896,800x364,,Audio Naming Task,26,Block 6-A,soundCheckPassed,6-A,6-A,94,2,1,Screen 2,fixation,fixation,366,,,,,0,1,0,,,,,1,Trial (Noise),i_subj41_f_piso_123.wav,Babble_097.wav,i,1,,6-A,noise,subj41,f,piso,123
9,1669952972201,02/12/2022 03:49:32,1669952971875,-6,01/12/2022 21:49:31,92237,21,task-bsko,,25622444,BLIND,7588880,,complete,,638974fc642773387b0fa186,mobile,Apple iPhone,iOS 15.6.1,Mobile Safari 15.6.1,414x896,800x364,,Audio Naming Task,26,Block 6-A,soundCheckPassed,6-A,6-A,94,2,2,Screen 1,Zone6,content_web_audio,1,,,AUDIO PLAY REQUESTED,1,0,1,0,,,,,1,Trial (Noise),i_subj41_f_piso_123.wav,Babble_097.wav,i,1,,6-A,noise,subj41,f,piso,123
10,1669952972201,02/12/2022 03:49:32,1669952971876,-6,01/12/2022 21:49:31,92237,21,task-bsko,,25622444,BLIND,7588880,,complete,,638974fc642773387b0fa186,mobile,Apple iPhone,iOS 15.6.1,Mobile Safari 15.6.1,414x896,800x364,,Audio Naming Task,26,Block 6-A,soundCheckPassed,6-A,6-A,94,2,2,Screen 1,Zone8,content_web_audio,2,,,AUDIO PLAY REQUESTED,1,0,1,0,,,,,1,Trial (Noise),i_subj41_f_piso_123.wav,Babble_097.wav,i,1,,6-A,noise,subj41,f,piso,123
11,1669952972201,02/12/2022 03:49:32,1669952971877,-6,01/12/2022 21:49:31,92237,21,task-bsko,,25622444,BLIND,7588880,,complete,,638974fc642773387b0fa186,mobile,Apple iPhone,iOS 15.6.1,Mobile Safari 15.6.1,414x896,800x364,,Audio Naming Task,26,Block 6-A,soundCheckPassed,6-A,6-A,94,2,2,Screen 1,Zone7,content_web_audio,3,,,AUDIO PLAY REQUESTED,1,0,1,0,,,,,1,Trial (Noise),i_subj41_f_piso_123.wav,Babble_097.wav,i,1,,6-A,noise,subj41,f,piso,123
12,1669952973315,02/12/2022 03:49:33,1669952973038,-6,01/12/2022 21:49:33,92237,21,task-bsko,,25622444,BLIND,7588880,,complete,,638974fc642773387b0fa186,mobile,Apple iPhone,iOS 15.6.1,Mobile Safari 15.6.1,414x896,800x364,,Audio Naming Task,26,Block 6-A,soundCheckPassed,6-A,6-A,94,2,2,Screen 1,Zone4,response_button_text,1163,,,i,1,1,0,0,,,,,1,Trial (Noise),i_subj41_f_piso_123.wav,Babble_097.wav,i,1,,6-A,noise,subj41,f,piso,123
13,1669952973891,02/12/2022 03:49:33,1669952973389,-6,01/12/2022 21:49:33,92237,21,task-bsko,,25622444,BLIND,7588880,,complete,,638974fc642773387b0fa186,mobile,Apple iPhone,iOS 15.6.1,Mobile Safari 15.6.1,414x896,800x364,,Audio Naming Task,26,Block 6-A,soundCheckPassed,6-A,6-A,135,3,1,Screen 2,fixation,fixation,366,,,,,0,1,0,,,,,1,Trial (Noise),o_subj12_f_coro_124.wav,Babble_001.wav,o,1,,6-A,noise,subj12,f,coro,124
14,1669952974279,02/12/2022 03:49:34,1669952973413,-6,01/12/2022 21:49:33,92237,21,task-bsko,,25622444,BLIND,7588880,,complete,,638974fc642773387b0fa186,mobile,Apple iPhone,iOS 15.6.1,Mobile Safari 15.6.1,414x896,800x364,,Audio Naming Task,26,Block 6-A,soundCheckPassed,6-A,6-A,135,3,2,Screen 1,Zone6,content_web_audio,3,,,AUDIO PLAY REQUESTED,1,0,1,0,,,,,1,Trial (Noise),o_subj12_f_coro_124.wav,Babble_001.wav,o,1,,6-A,noise,subj12,f,coro,124
15,1669952974279,02/12/2022 03:49:34,1669952973415,-6,01/12/2022 21:49:33,92237,21,task-bsko,,25622444,BLIND,7588880,,complete,,638974fc642773387b0fa186,mobile,Apple iPhone,iOS 15.6.1,Mobile Safari 15.6.1,414x896,800x364,,Audio Naming Task,26,Block 6-A,soundCheckPassed,6-A,6-A,135,3,2,Screen 1,Zone8,content_web_audio,4,,,AUDIO PLAY REQUESTED,1,0,1,0,,,,,1,Trial (Noise),o_subj12_f_coro_124.wav,Babble_001.wav,o,1,,6-A,noise,subj12,f,coro,124
16,1669952974279,02/12/2022 03:49:34,1669952973416,-6,01/12/2022 21:49:33,92237,21,task-bsko,,25622444,BLIND,7588880,,complete,,638974fc642773387b0fa186,mobile,Apple iPhone,iOS 15.6.1,Mobile Safari 15.6.1,414x896,800x364,,Audio Naming Task,26,Block 6-A,soundCheckPassed,6-A,6-A,135,3,2,Screen 1,Zone7,content_web_audio,5,,,AUDIO PLAY REQUESTED,1,0,1,0,,,,,1,Trial (Noise),o_subj12_f_coro_124.wav,Babble_001.wav,o,1,,6-A,noise,subj12,f,coro,124
17,1669952975246,02/12/2022 03:49:35,1669952974756,-6,01/12/2022 21:49:34,92237,21,task-bsko,,25622444,BLIND,7588880,,complete,,638974fc642773387b0fa186,mobile,Apple iPhone,iOS 15.6.1,Mobile Safari 15.6.1,414x896,800x364,,Audio Naming Task,26,Block 6-A,soundCheckPassed,6-A,6-A,135,3,2,Screen 1,Zone3,response_button_text,1343,,,o,1,1,0,0,,,,,1,Trial (Noise),o_subj12_f_coro_124.wav,Babble_001.wav,o,1,,6-A,noise,subj12,f,coro,124
18,1669952975574,02/12/2022 03:49:35,1669952975089,-6,01/12/2022 21:49:35,92237,21,task-bsko,,25622444,BLIND,7588880,,complete,,638974fc642773387b0fa186,mobile,Apple iPhone,iOS 15.6.1,Mobile Safari 15.6.1,414x896,800x364,,Audio Naming Task,26,Block 6-A,soundCheckPassed,6-A,6-A,10,4,1,Screen 2,fixation,fixation,366,,,,,0,1,0,,,,,1,Trial (Noise),a_subj12_f_bate_94.wav,Babble_010.wav,a,1,,6-A,noise,subj12,f,bate,94
19,1669952975574,02/12/2022 03:49:35,1669952975109,-6,01/12/2022 21:49:35,92237,21,task-bsko,,25622444,BLIND,7588880,,complete,,638974fc642773387b0fa186,mobile,Apple iPhone,iOS 15.6.1,Mobile Safari 15.6.1,414x896,800x364,,Audio Naming Task,26,Block 6-A,soundCheckPassed,6-A,6-A,10,4,2,Screen 1,Zone6,content_web_audio,2,,,AUDIO PLAY REQUESTED,1,0,1,0,,,,,1,Trial (Noise),a_subj12_f_bate_94.wav,Babble_010.wav,a,1,,6-A,noise,subj12,f,bate,94
20,1669952975574,02/12/2022 03:49:35,1669952975110,-6,01/12/2022 21:49:35,92237,21,task-bsko,,25622444,BLIND,7588880,,complete,,638974fc642773387b0fa186,mobile,Apple iPhone,iOS 15.6.1,Mobile Safari 15.6.1,414x896,800x364,,Audio Naming Task,26,Block 6-A,soundCheckPassed,6-A,6-A,10,4,2,Screen 1,Zone8,content_web_audio,4.000000000001819,,,AUDIO PLAY REQUESTED,1,0,1,0,,,,,1,Trial (Noise),a_subj12_f_bate_94.wav,Babble_010.wav,a,1,,6-A,noise,subj12,f,bate,94
21,1669952975574,02/12/2022 03:49:35,1669952975112,-6,01/12/2022 21:49:35,92237,21,task-bsko,,25622444,BLIND,7588880,,complete,,638974fc642773387b0fa186,mobile,Apple iPhone,iOS 15.6.1,Mobile Safari 15.6.1,414x896,800x364,,Audio Naming Task,26,Block 6-A,soundCheckPassed,6-A,6-A,10,4,2,Screen 1,Zone7,content_web_audio,5,,,AUDIO PLAY REQUESTED,1,0,1,0,,,,,1,Trial (Noise),a_subj12_f_bate_94.wav,Babble_010.wav,a,1,,6-A,noise,subj12,f,bate,94
22,1669952976838,02/12/2022 03:49:36,1669952976413,-6,01/12/2022 21:49:36,92237,21,task-bsko,,25622444,BLIND,7588880,,complete,,638974fc642773387b0fa186,mobile,Apple iPhone,iOS 15.6.1,Mobile Safari 15.6.1,414x896,800x364,,Audio Naming Task,26,Block 6-A,soundCheckPassed,6-A,6-A,10,4,2,Screen 1,Zone1,response_button_text,1305.0000000000018,,,a,1,1,0,0,,,,,1,Trial (Noise),a_subj12_f_bate_94.wav,Babble_010.wav,a,1,,6-A,noise,subj12,f,bate,94
23,1669952977084,02/12/2022 03:49:37,1669952976722,-6,01/12/2022 21:49:36,92237,21,task-bsko,,25622444,BLIND,7588880,,complete,,638974fc642773387b0fa186,mobile,Apple iPhone,iOS 15.6.1,Mobile Safari 15.6.1,414x896,800x364,,Audio Naming Task,26,Block 6-A,soundCheckPassed,6-A,6-A,29,5,1,Screen 2,fixation,fixation,334,,,,,0,1,0,,,,,1,Trial (Noise),a_subj69_m_baso_150.wav,Babble_180.wav,a,1,,6-A,noise,subj69,m,baso,150
24,1669952977084,02/12/2022 03:49:37,1669952976744,-6,01/12/2022 21:49:36,92237,21,task-bsko,,25622444,BLIND,7588880,,complete,,638974fc642773387b0fa186,mobile,Apple iPhone,iOS 15.6.1,Mobile Safari 15.6.1,414x896,800x364,,Audio Naming Task,26,Block 6-A,soundCheckPassed,6-A,6-A,29,5,2,Screen 1,Zone6,content_web_audio,3,,,AUDIO PLAY REQUESTED,1,0,1,0,,,,,1,Trial (Noise),a_subj69_m_baso_150.wav,Babble_180.wav,a,1,,6-A,noise,subj69,m,baso,150
25,1669952977084,02/12/2022 03:49:37,1669952976746,-6,01/12/2022 21:49:36,92237,21,task-bsko,,25622444,BLIND,7588880,,complete,,638974fc642773387b0fa186,mobile,Apple iPhone,iOS 15.6.1,Mobile Safari 15.6.1,414x896,800x364,,Audio Naming Task,26,Block 6-A,soundCheckPassed,6-A,6-A,29,5,2,Screen 1,Zone8,content_web_audio,4,,,AUDIO PLAY REQUESTED,1,0,1,0,,,,,1,Trial (Noise),a_subj69_m_baso_150.wav,Babble_180.wav,a,1,,6-A,noise,subj69,m,baso,150
26,1669952977084,02/12/2022 03:49:37,1669952976747,-6,01/12/2022 21:49:36,92237,21,task-bsko,,25622444,BLIND,7588880,,complete,,638974fc642773387b0fa186,mobile,Apple iPhone,iOS 15.6.1,Mobile Safari 15.6.1,414x896,800x364,,Audio Naming Task,26,Block 6-A,soundCheckPassed,6-A,6-A,29,5,2,Screen 1,Zone7,content_web_audio,5,,,AUDIO PLAY REQUESTED,1,0,1,0,,,,,1,Trial (Noise),a_subj69_m_baso_150.wav,Babble_180.wav,a,1,,6-A,noise,subj69,m,baso,150
27,1669952978694,02/12/2022 03:49:38,1669952977946,-6,01/12/2022 21:49:37,92237,21,task-bsko,,25622444,BLIND,7588880,,complete,,638974fc642773387b0fa186,mobile,Apple iPhone,iOS 15.6.1,Mobile Safari 15.6.1,414x896,800x364,,Audio Naming Task,26,Block 6-A,soundCheckPassed,6-A,6-A,29,5,2,Screen 1,Zone1,response_button_text,1203,,,a,1,1,0,0,,,,,1,Trial (Noise),a_subj69_m_baso_150.wav,Babble_180.wav,a,1,,6-A,noise,subj69,m,baso,150
28,1669952978904,02/12/2022 03:49:38,1669952978289,-6,01/12/2022 21:49:38,92237,21,task-bsko,,25622444,BLIND,7588880,,complete,,638974fc642773387b0fa186,mobile,Apple iPhone,iOS 15.6.1,Mobile Safari 15.6.1,414x896,800x364,,Audio Naming Task,26,Block 6-A,soundCheckPassed,6-A,6-A,161,6,1,Screen 2,fixation,fixation,366,,,,,0,1,0,,,,,1,Trial (Noise),u_subj9_m_buque_123.wav,Babble_163.wav,u,1,,6-A,noise,subj9,m,buque,123
29,1669952978904,02/12/2022 03:49:38,1669952978308,-6,01/12/2022 21:49:38,92237,21,task-bsko,,25622444,BLIND,7588880,,complete,,638974fc642773387b0fa186,mobile,Apple iPhone,iOS 15.6.1,Mobile Safari 15.6.1,414x896,800x364,,Audio Naming Task,26,Block 6-A,soundCheckPassed,6-A,6-A,161,6,2,Screen 1,Zone6,content_web_audio,3,,,AUDIO PLAY REQUESTED,1,0,1,0,,,,,1,Trial (Noise),u_subj9_m_buque_123.wav,Babble_163.wav,u,1,,6-A,noise,subj9,m,buque,123
30,1669952978904,02/12/2022 03:49:38,1669952978310,-6,01/12/2022 21:49:38,92237,21,task-bsko,,25622444,BLIND,7588880,,complete,,638974fc642773387b0fa186,mobile,Apple iPhone,iOS 15.6.1,Mobile Safari 15.6.1,414x896,800x364,,Audio Naming Task,26,Block 6-A,soundCheckPassed,6-A,6-A,161,6,2,Screen 1,Zone8,content_web_audio,4,,,AUDIO PLAY REQUESTED,1,0,1,0,,,,,1,Trial (Noise),u_subj9_m_buque_123.wav,Babble_163.wav,u,1,,6-A,noise,subj9,m,buque,123
31,1669952978904,02/12/2022 03:49:38,1669952978311,-6,01/12/2022 21:49:38,92237,21,task-bsko,,25622444,BLIND,7588880,,complete,,638974fc642773387b0fa186,mobile,Apple iPhone,iOS 15.6.1,Mobile Safari 15.6.1,414x896,800x364,,Audio Naming Task,26,Block 6-A,soundCheckPassed,6-A,6-A,161,6,2,Screen 1,Zone7,content_web_audio,5,,,AUDIO PLAY REQUESTED,1,0,1,0,,,,,1,Trial (Noise),u_subj9_m_buque_123.wav,Babble_163.wav,u,1,,6-A,noise,subj9,m,buque,123
32,1669952980155,02/12/2022 03:49:40,1669952979712,-6,01/12/2022 21:49:39,92237,21,task-bsko,,25622444,BLIND,7588880,,complete,,638974fc642773387b0fa186,mobile,Apple iPhone,iOS 15.6.1,Mobile Safari 15.6.1,414x896,800x364,,Audio Naming Task,26,Block 6-A,soundCheckPassed,6-A,6-A,161,6,2,Screen 1,Zone2,response_button_text,1405,,,u,1,1,0,0,,,,,1,Trial (Noise),u_subj9_m_buque_123.wav,Babble_163.wav,u,1,,6-A,noise,subj9,m,buque,123
33,1669952980384,02/12/2022 03:49:40,1669952980022,-6,01/12/2022 21:49:40,92237,21,task-bsko,,25622444,BLIND,7588880,,complete,,638974fc642773387b0fa186,mobile,Apple iPhone,iOS 15.6.1,Mobile Safari 15.6.1,414x896,800x364,,Audio Naming Task,26,Block 6-A,soundCheckPassed,6-A,6-A,46,7,1,Screen 2,fixation,fixation,334,,,,,0,1,0,,,,,1,Trial (Noise),e_subj14_m_seco_219.wav,Babble_161.wav,e,1,,6-A,noise,subj14,m,seco,219
34,1669952980384,02/12/2022 03:49:40,1669952980042,-6,01/12/2022 21:49:40,92237,21,task-bsko,,25622444,BLIND,7588880,,complete,,638974fc642773387b0fa186,mobile,Apple iPhone,iOS 15.6.1,Mobile Safari 15.6.1,414x896,800x364,,Audio Naming Task,26,Block 6-A,soundCheckPassed,6-A,6-A,46,7,2,Screen 1,Zone6,content_web_audio,2,,,AUDIO PLAY REQUESTED,1,0,1,0,,,,,1,Trial (Noise),e_subj14_m_seco_219.wav,Babble_161.wav,e,1,,6-A,noise,subj14,m,seco,219
35,1669952980384,02/12/2022 03:49:40,1669952980043,-6,01/12/2022 21:49:40,92237,21,task-bsko,,25622444,BLIND,7588880,,complete,,638974fc642773387b0fa186,mobile,Apple iPhone,iOS 15.6.1,Mobile Safari 15.6.1,414x896,800x364,,Audio Naming Task,26,Block 6-A,soundCheckPassed,6-A,6-A,46,7,2,Screen 1,Zone8,content_web_audio,4,,,AUDIO PLAY REQUESTED,1,0,1,0,,,,,1,Trial (Noise),e_subj14_m_seco_219.wav,Babble_161.wav,e,1,,6-A,noise,subj14,m,seco,219
36,1669952980384,02/12/2022 03:49:40,1669952980045,-6,01/12/2022 21:49:40,92237,21,task-bsko,,25622444,BLIND,7588880,,complete,,638974fc642773387b0fa186,mobile,Apple iPhone,iOS 15.6.1,Mobile Safari 15.6.1,414x896,800x364,,Audio Naming Task,26,Block 6-A,soundCheckPassed,6-A,6-A,46,7,2,Screen 1,Zone7,content_web_audio,5,,,AUDIO PLAY REQUESTED,1,0,1,0,,,,,1,Trial (Noise),e_subj14_m_seco_219.wav,Babble_161.wav,e,1,,6-A,noise,subj14,m,seco,219
37,1669952981534,02/12/2022 03:49:41,1669952981255,-6,01/12/2022 21:49:41,92237,21,task-bsko,,25622444,BLIND,7588880,,complete,,638974fc642773387b0fa186,mobile,Apple iPhone,iOS 15.6.1,Mobile Safari 15.6.1,414x896,800x364,,Audio Naming Task,26,Block 6-A,soundCheckPassed,6-A,6-A,46,7,2,Screen 1,Zone5,response_button_text,1213,,,e,1,1,0,0,,,,,1,Trial (Noise),e_subj14_m_seco_219.wav,Babble_161.wav,e,1,,6-A,noise,subj14,m,seco,219
38,1669952982037,02/12/2022 03:49:42,1669952981555,-6,01/12/2022 21:49:41,92237,21,task-bsko,,25622444,BLIND,7588880,,complete,,638974fc642773387b0fa186,mobile,Apple iPhone,iOS 15.6.1,Mobile Safari 15.6.1,414x896,800x364,,Audio Naming Task,26,Block 6-A,soundCheckPassed,6-A,6-A,53,8,1,Screen 2,fixation,fixation,334,,,,,0,1,0,,,,,1,Trial (Noise),e_subj20_m_vete_119.wav,Babble_006.wav,e,1,,6-A,noise,subj20,m,vete,119
39,1669952982548,02/12/2022 03:49:42,1669952981580,-6,01/12/2022 21:49:41,92237,21,task-bsko,,25622444,BLIND,7588880,,complete,,638974fc642773387b0fa186,mobile,Apple iPhone,iOS 15.6.1,Mobile Safari 15.6.1,414x896,800x364,,Audio Naming Task,26,Block 6-A,soundCheckPassed,6-A,6-A,53,8,2,Screen 1,Zone6,content_web_audio,1.999999999998181,,,AUDIO PLAY REQUESTED,1,0,1,0,,,,,1,Trial (Noise),e_subj20_m_vete_119.wav,Babble_006.wav,e,1,,6-A,noise,subj20,m,vete,119
40,1669952982548,02/12/2022 03:49:42,1669952981581,-6,01/12/2022 21:49:41,92237,21,task-bsko,,25622444,BLIND,7588880,,complete,,638974fc642773387b0fa186,mobile,Apple iPhone,iOS 15.6.1,Mobile Safari 15.6.1,414x896,800x364,,Audio Naming Task,26,Block 6-A,soundCheckPassed,6-A,6-A,53,8,2,Screen 1,Zone8,content_web_audio,3.999999999998181,,,AUDIO PLAY REQUESTED,1,0,1,0,,,,,1,Trial (Noise),e_subj20_m_vete_119.wav,Babble_006.wav,e,1,,6-A,noise,subj20,m,vete,119
41,1669952982548,02/12/2022 03:49:42,1669952981582,-6,01/12/2022 21:49:41,92237,21,task-bsko,,25622444,BLIND,7588880,,complete,,638974fc642773387b0fa186,mobile,Apple iPhone,iOS 15.6.1,Mobile Safari 15.6.1,414x896,800x364,,Audio Naming Task,26,Block 6-A,soundCheckPassed,6-A,6-A,53,8,2,Screen 1,Zone7,content_web_audio,4.999999999998181,,,AUDIO PLAY REQUESTED,1,0,1,0,,,,,1,Trial (Noise),e_subj20_m_vete_119.wav,Babble_006.wav,e,1,,6-A,noise,subj20,m,vete,119
42,1669952983416,02/12/2022 03:49:43,1669952982871,-6,01/12/2022 21:49:42,92237,21,task-bsko,,25622444,BLIND,7588880,,complete,,638974fc642773387b0fa186,mobile,Apple iPhone,iOS 15.6.1,Mobile Safari 15.6.1,414x896,800x364,,Audio Naming Task,26,Block 6-A,soundCheckPassed,6-A,6-A,53,8,2,Screen 1,Zone5,response_button_text,1291.9999999999982,,,e,1,1,0,0,,,,,1,Trial (Noise),e_subj20_m_vete_119.wav,Babble_006.wav,e,1,,6-A,noise,subj20,m,vete,119
43,1669952983732,02/12/2022 03:49:43,1669952983221,-6,01/12/2022 21:49:43,92237,21,task-bsko,,25622444,BLIND,7588880,,complete,,638974fc642773387b0fa186,mobile,Apple iPhone,iOS 15.6.1,Mobile Safari 15.6.1,414x896,800x364,,Audio Naming Task,26,Block 6-A,soundCheckPassed,6-A,6-A,96,9,1,Screen 2,fixation,fixation,366,,,,,0,1,0,,,,,1,Trial (Noise),i_subj34_f_piso_218.wav,Babble_099.wav,i,1,,6-A,noise,subj34,f,piso,218
44,1669952983732,02/12/2022 03:49:43,1669952983240,-6,01/12/2022 21:49:43,92237,21,task-bsko,,25622444,BLIND,7588880,,complete,,638974fc642773387b0fa186,mobile,Apple iPhone,iOS 15.6.1,Mobile Safari 15.6.1,414x896,800x364,,Audio Naming Task,26,Block 6-A,soundCheckPassed,6-A,6-A,96,9,2,Screen 1,Zone6,content_web_audio,2,,,AUDIO PLAY REQUESTED,1,0,1,0,,,,,1,Trial (Noise),i_subj34_f_piso_218.wav,Babble_099.wav,i,1,,6-A,noise,subj34,f,piso,218
45,1669952983732,02/12/2022 03:49:43,1669952983242,-6,01/12/2022 21:49:43,92237,21,task-bsko,,25622444,BLIND,7588880,,complete,,638974fc642773387b0fa186,mobile,Apple iPhone,iOS 15.6.1,Mobile Safari 15.6.1,414x896,800x364,,Audio Naming Task,26,Block 6-A,soundCheckPassed,6-A,6-A,96,9,2,Screen 1,Zone8,content_web_audio,3,,,AUDIO PLAY REQUESTED,1,0,1,0,,,,,1,Trial (Noise),i_subj34_f_piso_218.wav,Babble_099.wav,i,1,,6-A,noise,subj34,f,piso,218
46,1669952983732,02/12/2022 03:49:43,1669952983242,-6,01/12/2022 21:49:43,92237,21,task-bsko,,25622444,BLIND,7588880,,complete,,638974fc642773387b0fa186,mobile,Apple iPhone,iOS 15.6.1,Mobile Safari 15.6.1,414x896,800x364,,Audio Naming Task,26,Block 6-A,soundCheckPassed,6-A,6-A,96,9,2,Screen 1,Zone7,content_web_audio,4,,,AUDIO PLAY REQUESTED,1,0,1,0,,,,,1,Trial (Noise),i_subj34_f_piso_218.wav,Babble_099.wav,i,1,,6-A,noise,subj34,f,piso,218
47,1669952984750,02/12/2022 03:49:44,1669952984354,-6,01/12/2022 21:49:44,92237,21,task-bsko,,25622444,BLIND,7588880,,complete,,638974fc642773387b0fa186,mobile,Apple iPhone,iOS 15.6.1,Mobile Safari 15.6.1,414x896,800x364,,Audio Naming Task,26,Block 6-A,soundCheckPassed,6-A,6-A,96,9,2,Screen 1,Zone4,response_button_text,1114,,,i,1,1,0,0,,,,,1,Trial (Noise),i_subj34_f_piso_218.wav,Babble_099.wav,i,1,,6-A,noise,subj34,f,piso,218
48,1669952985114,02/12/2022 03:49:45,1669952984655,-6,01/12/2022 21:49:44,92237,21,task-bsko,,25622444,BLIND,7588880,,complete,,638974fc642773387b0fa186,mobile,Apple iPhone,iOS 15.6.1,Mobile Safari 15.6.1,414x896,800x364,,Audio Naming Task,26,Block 6-A,soundCheckPassed,6-A,6-A,55,10,1,Screen 2,fixation,fixation,334,,,,,0,1,0,,,,,1,Trial (Noise),e_subj78_m_seso_108.wav,Babble_078.wav,e,1,,6-A,noise,subj78,m,seso,108
49,1669952985591,02/12/2022 03:49:45,1669952984676,-6,01/12/2022 21:49:44,92237,21,task-bsko,,25622444,BLIND,7588880,,complete,,638974fc642773387b0fa186,mobile,Apple iPhone,iOS 15.6.1,Mobile Safari 15.6.1,414x896,800x364,,Audio Naming Task,26,Block 6-A,soundCheckPassed,6-A,6-A,55,10,2,Screen 1,Zone6,content_web_audio,2,,,AUDIO PLAY REQUESTED,1,0,1,0,,,,,1,Trial (Noise),e_subj78_m_seso_108.wav,Babble_078.wav,e,1,,6-A,noise,subj78,m,seso,108
50,1669952985591,02/12/2022 03:49:45,1669952984677,-6,01/12/2022 21:49:44,92237,21,task-bsko,,25622444,BLIND,7588880,,complete,,638974fc642773387b0fa186,mobile,Apple iPhone,iOS 15.6.1,Mobile Safari 15.6.1,414x896,800x364,,Audio Naming Task,26,Block 6-A,soundCheckPassed,6-A,6-A,55,10,2,Screen 1,Zone8,content_web_audio,4,,,AUDIO PLAY REQUESTED,1,0,1,0,,,,,1,Trial (Noise),e_subj78_m_seso_108.wav,Babble_078.wav,e,1,,6-A,noise,subj78,m,seso,108
51,1669952985591,02/12/2022 03:49:45,1669952984678,-6,01/12/2022 21:49:44,92237,21,task-bsko,,25622444,BLIND,7588880,,complete,,638974fc642773387b0fa186,mobile,Apple iPhone,iOS 15.6.1,Mobile Safari 15.6.1,414x896,800x364,,Audio Naming Task,26,Block 6-A,soundCheckPassed,6-A,6-A,55,10,2,Screen 1,Zone7,content_web_audio,4,,,AUDIO PLAY REQUESTED,1,0,1,0,,,,,1,Trial (Noise),e_subj78_m_seso_108.wav,Babble_078.wav,e,1,,6-A,noise,subj78,m,seso,108
52,1669952986607,02/12/2022 03:49:46,1669952986062,-6,01/12/2022 21:49:46,92237,21,task-bsko,,25622444,BLIND,7588880,,complete,,638974fc642773387b0fa186,mobile,Apple iPhone,iOS 15.6.1,Mobile Safari 15.6.1,414x896,800x364,,Audio Naming Task,26,Block 6-A,soundCheckPassed,6-A,6-A,55,10,2,Screen 1,Zone5,response_button_text,1387.0000000000036,,,e,1,1,0,0,,,,,1,Trial (Noise),e_subj78_m_seso_108.wav,Babble_078.wav,e,1,,6-A,noise,subj78,m,seso,108
53,1669952986799,02/12/2022 03:49:46,1669952986421,-6,01/12/2022 21:49:46,92237,21,task-bsko,,25622444,BLIND,7588880,,complete,,638974fc642773387b0fa186,mobile,Apple iPhone,iOS 15.6.1,Mobile Safari 15.6.1,414x896,800x364,,Audio Naming Task,26,Block 6-A,soundCheckPassed,6-A,6-A,4,11,1,Screen 2,fixation,fixation,366,,,,,0,1,0,,,,,1,Trial (Noise),a_subj34_f_saco_258.wav,Babble_107.wav,a,1,,6-A,noise,subj34,f,saco,258
54,1669952986799,02/12/2022 03:49:46,1669952986439,-6,01/12/2022 21:49:46,92237,21,task-bsko,,25622444,BLIND,7588880,,complete,,638974fc642773387b0fa186,mobile,Apple iPhone,iOS 15.6.1,Mobile Safari 15.6.1,414x896,800x364,,Audio Naming Task,26,Block 6-A,soundCheckPassed,6-A,6-A,4,11,2,Screen 1,Zone6,content_web_audio,2,,,AUDIO PLAY REQUESTED,1,0,1,0,,,,,1,Trial (Noise),a_subj34_f_saco_258.wav,Babble_107.wav,a,1,,6-A,noise,subj34,f,saco,258
55,1669952986799,02/12/2022 03:49:46,1669952986440,-6,01/12/2022 21:49:46,92237,21,task-bsko,,25622444,BLIND,7588880,,complete,,638974fc642773387b0fa186,mobile,Apple iPhone,iOS 15.6.1,Mobile Safari 15.6.1,414x896,800x364,,Audio Naming Task,26,Block 6-A,soundCheckPassed,6-A,6-A,4,11,2,Screen 1,Zone8,content_web_audio,3,,,AUDIO PLAY REQUESTED,1,0,1,0,,,,,1,Trial (Noise),a_subj34_f_saco_258.wav,Babble_107.wav,a,1,,6-A,noise,subj34,f,saco,258
56,1669952986799,02/12/2022 03:49:46,1669952986441,-6,01/12/2022 21:49:46,92237,21,task-bsko,,25622444,BLIND,7588880,,complete,,638974fc642773387b0fa186,mobile,Apple iPhone,iOS 15.6.1,Mobile Safari 15.6.1,414x896,800x364,,Audio Naming Task,26,Block 6-A,soundCheckPassed,6-A,6-A,4,11,2,Screen 1,Zone7,content_web_audio,4,,,AUDIO PLAY REQUESTED,1,0,1,0,,,,,1,Trial (Noise),a_subj34_f_saco_258.wav,Babble_107.wav,a,1,,6-A,noise,subj34,f,saco,258
57,1669952987926,02/12/2022 03:49:47,1669952987603,-6,01/12/2022 21:49:47,92237,21,task-bsko,,25622444,BLIND,7588880,,complete,,638974fc642773387b0fa186,mobile,Apple iPhone,iOS 15.6.1,Mobile Safari 15.6.1,414x896,800x364,,Audio Naming Task,26,Block 6-A,soundCheckPassed,6-A,6-A,4,11,2,Screen 1,Zone1,response_button_text,1165,,,a,1,1,0,0,,,,,1,Trial (Noise),a_subj34_f_saco_258.wav,Babble_107.wav,a,1,,6-A,noise,subj34,f,saco,258
58,1669952988486,02/12/2022 03:49:48,1669952987954,-6,01/12/2022 21:49:47,92237,21,task-bsko,,25622444,BLIND,7588880,,complete,,638974fc642773387b0fa186,mobile,Apple iPhone,iOS 15.6.1,Mobile Safari 15.6.1,414x896,800x364,,Audio Naming Task,26,Block 6-A,soundCheckPassed,6-A,6-A,112,12,1,Screen 2,fixation,fixation,366,,,,,0,1,0,,,,,1,Trial (Noise),i_subj73_m_quita_99.wav,Babble_193.wav,i,1,,6-A,noise,subj73,m,quita,99
59,1669952988875,02/12/2022 03:49:48,1669952987975,-6,01/12/2022 21:49:47,92237,21,task-bsko,,25622444,BLIND,7588880,,complete,,638974fc642773387b0fa186,mobile,Apple iPhone,iOS 15.6.1,Mobile Safari 15.6.1,414x896,800x364,,Audio Naming Task,26,Block 6-A,soundCheckPassed,6-A,6-A,112,12,2,Screen 1,Zone6,content_web_audio,2,,,AUDIO PLAY REQUESTED,1,0,1,0,,,,,1,Trial (Noise),i_subj73_m_quita_99.wav,Babble_193.wav,i,1,,6-A,noise,subj73,m,quita,99
60,1669952988875,02/12/2022 03:49:48,1669952987976,-6,01/12/2022 21:49:47,92237,21,task-bsko,,25622444,BLIND,7588880,,complete,,638974fc642773387b0fa186,mobile,Apple iPhone,iOS 15.6.1,Mobile Safari 15.6.1,414x896,800x364,,Audio Naming Task,26,Block 6-A,soundCheckPassed,6-A,6-A,112,12,2,Screen 1,Zone8,content_web_audio,4,,,AUDIO PLAY REQUESTED,1,0,1,0,,,,,1,Trial (Noise),i_subj73_m_quita_99.wav,Babble_193.wav,i,1,,6-A,noise,subj73,m,quita,99
61,1669952988875,02/12/2022 03:49:48,1669952987977,-6,01/12/2022 21:49:47,92237,21,task-bsko,,25622444,BLIND,7588880,,complete,,638974fc642773387b0fa186,mobile,Apple iPhone,iOS 15.6.1,Mobile Safari 15.6.1,414x896,800x364,,Audio Naming Task,26,Block 6-A,soundCheckPassed,6-A,6-A,112,12,2,Screen 1,Zone7,content_web_audio,4,,,AUDIO PLAY REQUESTED,1,0,1,0,,,,,1,Trial (Noise),i_subj73_m_quita_99.wav,Babble_193.wav,i,1,,6-A,noise,subj73,m,quita,99
62,1669952990084,02/12/2022 03:49:50,1669952989787,-6,01/12/2022 21:49:49,92237,21,task-bsko,,25622444,BLIND,7588880,,complete,,638974fc642773387b0fa186,mobile,Apple iPhone,iOS 15.6.1,Mobile Safari 15.6.1,414x896,800x364,,Audio Naming Task,26,Block 6-A,soundCheckPassed,6-A,6-A,112,12,2,Screen 1,Zone3,response_button_text,1813,,,o,1,0,1,0,,,,,1,Trial (Noise),i_subj73_m_quita_99.wav,Babble_193.wav,i,1,,6-A,noise,subj73,m,quita,99
63,1669952990540,02/12/2022 03:49:50,1669952990087,-6,01/12/2022 21:49:50,92237,21,task-bsko,,25622444,BLIND,7588880,,complete,,638974fc642773387b0fa186,mobile,Apple iPhone,iOS 15.6.1,Mobile Safari 15.6.1,414x896,800x364,,Audio Naming Task,26,Block 6-A,soundCheckPassed,6-A,6-A,109,13,1,Screen 2,fixation,fixation,334,,,,,0,1,0,,,,,1,Trial (Noise),i_subj1_m_pico_193.wav,Babble_119.wav,i,1,,6-A,noise,subj1,m,pico,193
64,1669952990935,02/12/2022 03:49:50,1669952990109,-6,01/12/2022 21:49:50,92237,21,task-bsko,,25622444,BLIND,7588880,,complete,,638974fc642773387b0fa186,mobile,Apple iPhone,iOS 15.6.1,Mobile Safari 15.6.1,414x896,800x364,,Audio Naming Task,26,Block 6-A,soundCheckPassed,6-A,6-A,109,13,2,Screen 1,Zone6,content_web_audio,2,,,AUDIO PLAY REQUESTED,1,0,1,0,,,,,1,Trial (Noise),i_subj1_m_pico_193.wav,Babble_119.wav,i,1,,6-A,noise,subj1,m,pico,193
65,1669952990935,02/12/2022 03:49:50,1669952990110,-6,01/12/2022 21:49:50,92237,21,task-bsko,,25622444,BLIND,7588880,,complete,,638974fc642773387b0fa186,mobile,Apple iPhone,iOS 15.6.1,Mobile Safari 15.6.1,414x896,800x364,,Audio Naming Task,26,Block 6-A,soundCheckPassed,6-A,6-A,109,13,2,Screen 1,Zone8,content_web_audio,3,,,AUDIO PLAY REQUESTED,1,0,1,0,,,,,1,Trial (Noise),i_subj1_m_pico_193.wav,Babble_119.wav,i,1,,6-A,noise,subj1,m,pico,193
66,1669952990935,02/12/2022 03:49:50,1669952990111,-6,01/12/2022 21:49:50,92237,21,task-bsko,,25622444,BLIND,7588880,,complete,,638974fc642773387b0fa186,mobile,Apple iPhone,iOS 15.6.1,Mobile Safari 15.6.1,414x896,800x364,,Audio Naming Task,26,Block 6-A,soundCheckPassed,6-A,6-A,109,13,2,Screen 1,Zone7,content_web_audio,4,,,AUDIO PLAY REQUESTED,1,0,1,0,,,,,1,Trial (Noise),i_subj1_m_pico_193.wav,Babble_119.wav,i,1,,6-A,noise,subj1,m,pico,193
67,1669952991741,02/12/2022 03:49:51,1669952991267,-6,01/12/2022 21:49:51,92237,21,task-bsko,,25622444,BLIND,7588880,,complete,,638974fc642773387b0fa186,mobile,Apple iPhone,iOS 15.6.1,Mobile Safari 15.6.1,414x896,800x364,,Audio Naming Task,26,Block 6-A,soundCheckPassed,6-A,6-A,109,13,2,Screen 1,Zone4,response_button_text,1159,,,i,1,1,0,0,,,,,1,Trial (Noise),i_subj1_m_pico_193.wav,Babble_119.wav,i,1,,6-A,noise,subj1,m,pico,193
68,1669952992108,02/12/2022 03:49:52,1669952991588,-6,01/12/2022 21:49:51,92237,21,task-bsko,,25622444,BLIND,7588880,,complete,,638974fc642773387b0fa186,mobile,Apple iPhone,iOS 15.6.1,Mobile Safari 15.6.1,414x896,800x364,,Audio Naming Task,26,Block 6-A,soundCheckPassed,6-A,6-A,120,14,1,Screen 2,fixation,fixation,333,,,,,0,1,0,,,,,1,Trial (Noise),o_subj18_f_toca_350.wav,Babble_075.wav,o,1,,6-A,noise,subj18,f,toca,350
69,1669952992108,02/12/2022 03:49:52,1669952991608,-6,01/12/2022 21:49:51,92237,21,task-bsko,,25622444,BLIND,7588880,,complete,,638974fc642773387b0fa186,mobile,Apple iPhone,iOS 15.6.1,Mobile Safari 15.6.1,414x896,800x364,,Audio Naming Task,26,Block 6-A,soundCheckPassed,6-A,6-A,120,14,2,Screen 1,Zone6,content_web_audio,3,,,AUDIO PLAY REQUESTED,1,0,1,0,,,,,1,Trial (Noise),o_subj18_f_toca_350.wav,Babble_075.wav,o,1,,6-A,noise,subj18,f,toca,350
70,1669952992108,02/12/2022 03:49:52,1669952991610,-6,01/12/2022 21:49:51,92237,21,task-bsko,,25622444,BLIND,7588880,,complete,,638974fc642773387b0fa186,mobile,Apple iPhone,iOS 15.6.1,Mobile Safari 15.6.1,414x896,800x364,,Audio Naming Task,26,Block 6-A,soundCheckPassed,6-A,6-A,120,14,2,Screen 1,Zone8,content_web_audio,5,,,AUDIO PLAY REQUESTED,1,0,1,0,,,,,1,Trial (Noise),o_subj18_f_toca_350.wav,Babble_075.wav,o,1,,6-A,noise,subj18,f,toca,350
71,1669952992108,02/12/2022 03:49:52,1669952991611,-6,01/12/2022 21:49:51,92237,21,task-bsko,,25622444,BLIND,7588880,,complete,,638974fc642773387b0fa186,mobile,Apple iPhone,iOS 15.6.1,Mobile Safari 15.6.1,414x896,800x364,,Audio Naming Task,26,Block 6-A,soundCheckPassed,6-A,6-A,120,14,2,Screen 1,Zone7,content_web_audio,6,,,AUDIO PLAY REQUESTED,1,0,1,0,,,,,1,Trial (Noise),o_subj18_f_toca_350.wav,Babble_075.wav,o,1,,6-A,noise,subj18,f,toca,350
72,1669952993082,02/12/2022 03:49:53,1669952992678,-6,01/12/2022 21:49:52,92237,21,task-bsko,,25622444,BLIND,7588880,,complete,,638974fc642773387b0fa186,mobile,Apple iPhone,iOS 15.6.1,Mobile Safari 15.6.1,414x896,800x364,,Audio Naming Task,26,Block 6-A,soundCheckPassed,6-A,6-A,120,14,2,Screen 1,Zone3,response_button_text,1072,,,o,1,1,0,0,,,,,1,Trial (Noise),o_subj18_f_toca_350.wav,Babble_075.wav,o,1,,6-A,noise,subj18,f,toca,350
73,1669952993458,02/12/2022 03:49:53,1669952992988,-6,01/12/2022 21:49:52,92237,21,task-bsko,,25622444,BLIND,7588880,,complete,,638974fc642773387b0fa186,mobile,Apple iPhone,iOS 15.6.1,Mobile Safari 15.6.1,414x896,800x364,,Audio Naming Task,26,Block 6-A,soundCheckPassed,6-A,6-A,34,15,1,Screen 2,fixation,fixation,334,,,,,0,1,0,,,,,1,Trial (Noise),a_subj71_m_baso_330.wav,Babble_184.wav,a,1,,6-A,noise,subj71,m,baso,330
74,1669952993893,02/12/2022 03:49:53,1669952993009,-6,01/12/2022 21:49:53,92237,21,task-bsko,,25622444,BLIND,7588880,,complete,,638974fc642773387b0fa186,mobile,Apple iPhone,iOS 15.6.1,Mobile Safari 15.6.1,414x896,800x364,,Audio Naming Task,26,Block 6-A,soundCheckPassed,6-A,6-A,34,15,2,Screen 1,Zone6,content_web_audio,2,,,AUDIO PLAY REQUESTED,1,0,1,0,,,,,1,Trial (Noise),a_subj71_m_baso_330.wav,Babble_184.wav,a,1,,6-A,noise,subj71,m,baso,330
75,1669952993893,02/12/2022 03:49:53,1669952993010,-6,01/12/2022 21:49:53,92237,21,task-bsko,,25622444,BLIND,7588880,,complete,,638974fc642773387b0fa186,mobile,Apple iPhone,iOS 15.6.1,Mobile Safari 15.6.1,414x896,800x364,,Audio Naming Task,26,Block 6-A,soundCheckPassed,6-A,6-A,34,15,2,Screen 1,Zone8,content_web_audio,4,,,AUDIO PLAY REQUESTED,1,0,1,0,,,,,1,Trial (Noise),a_subj71_m_baso_330.wav,Babble_184.wav,a,1,,6-A,noise,subj71,m,baso,330
76,1669952993893,02/12/2022 03:49:53,1669952993011,-6,01/12/2022 21:49:53,92237,21,task-bsko,,25622444,BLIND,7588880,,complete,,638974fc642773387b0fa186,mobile,Apple iPhone,iOS 15.6.1,Mobile Safari 15.6.1,414x896,800x364,,Audio Naming Task,26,Block 6-A,soundCheckPassed,6-A,6-A,34,15,2,Screen 1,Zone7,content_web_audio,4,,,AUDIO PLAY REQUESTED,1,0,1,0,,,,,1,Trial (Noise),a_subj71_m_baso_330.wav,Babble_184.wav,a,1,,6-A,noise,subj71,m,baso,330
77,1669952994702,02/12/2022 03:49:54,1669952994246,-6,01/12/2022 21:49:54,92237,21,task-bsko,,25622444,BLIND,7588880,,complete,,638974fc642773387b0fa186,mobile,Apple iPhone,iOS 15.6.1,Mobile Safari 15.6.1,414x896,800x364,,Audio Naming Task,26,Block 6-A,soundCheckPassed,6-A,6-A,34,15,2,Screen 1,Zone1,response_button_text,1237,,,a,1,1,0,0,,,,,1,Trial (Noise),a_subj71_m_baso_330.wav,Babble_184.wav,a,1,,6-A,noise,subj71,m,baso,330
78,1669952995053,02/12/2022 03:49:55,1669952994587,-6,01/12/2022 21:49:54,92237,21,task-bsko,,25622444,BLIND,7588880,,complete,,638974fc642773387b0fa186,mobile,Apple iPhone,iOS 15.6.1,Mobile Safari 15.6.1,414x896,800x364,,Audio Naming Task,26,Block 6-A,soundCheckPassed,6-A,6-A,39,16,1,Screen 2,fixation,fixation,367,,,,,0,1,0,,,,,1,Trial (Noise),a_subj15_m_bate_145.wav,Babble_043.wav,a,1,,6-A,noise,subj15,m,bate,145
79,1669952995053,02/12/2022 03:49:55,1669952994607,-6,01/12/2022 21:49:54,92237,21,task-bsko,,25622444,BLIND,7588880,,complete,,638974fc642773387b0fa186,mobile,Apple iPhone,iOS 15.6.1,Mobile Safari 15.6.1,414x896,800x364,,Audio Naming Task,26,Block 6-A,soundCheckPassed,6-A,6-A,39,16,2,Screen 1,Zone6,content_web_audio,2,,,AUDIO PLAY REQUESTED,1,0,1,0,,,,,1,Trial (Noise),a_subj15_m_bate_145.wav,Babble_043.wav,a,1,,6-A,noise,subj15,m,bate,145
80,1669952995053,02/12/2022 03:49:55,1669952994608,-6,01/12/2022 21:49:54,92237,21,task-bsko,,25622444,BLIND,7588880,,complete,,638974fc642773387b0fa186,mobile,Apple iPhone,iOS 15.6.1,Mobile Safari 15.6.1,414x896,800x364,,Audio Naming Task,26,Block 6-A,soundCheckPassed,6-A,6-A,39,16,2,Screen 1,Zone8,content_web_audio,4,,,AUDIO PLAY REQUESTED,1,0,1,0,,,,,1,Trial (Noise),a_subj15_m_bate_145.wav,Babble_043.wav,a,1,,6-A,noise,subj15,m,bate,145
81,1669952995053,02/12/2022 03:49:55,1669952994609,-6,01/12/2022 21:49:54,92237,21,task-bsko,,25622444,BLIND,7588880,,complete,,638974fc642773387b0fa186,mobile,Apple iPhone,iOS 15.6.1,Mobile Safari 15.6.1,414x896,800x364,,Audio Naming Task,26,Block 6-A,soundCheckPassed,6-A,6-A,39,16,2,Screen 1,Zone7,content_web_audio,4,,,AUDIO PLAY REQUESTED,1,0,1,0,,,,,1,Trial (Noise),a_subj15_m_bate_145.wav,Babble_043.wav,a,1,,6-A,noise,subj15,m,bate,145
82,1669952996443,02/12/2022 03:49:56,1669952995961,-6,01/12/2022 21:49:55,92237,21,task-bsko,,25622444,BLIND,7588880,,complete,,638974fc642773387b0fa186,mobile,Apple iPhone,iOS 15.6.1,Mobile Safari 15.6.1,414x896,800x364,,Audio Naming Task,26,Block 6-A,soundCheckPassed,6-A,6-A,39,16,2,Screen 1,Zone1,response_button_text,1356,,,a,1,1,0,0,,,,,1,Trial (Noise),a_subj15_m_bate_145.wav,Babble_043.wav,a,1,,6-A,noise,subj15,m,bate,145
83,1669952996658,02/12/2022 03:49:56,1669952996321,-6,01/12/2022 21:49:56,92237,21,task-bsko,,25622444,BLIND,7588880,,complete,,638974fc642773387b0fa186,mobile,Apple iPhone,iOS 15.6.1,Mobile Safari 15.6.1,414x896,800x364,,Audio Naming Task,26,Block 6-A,soundCheckPassed,6-A,6-A,13,17,1,Screen 2,fixation,fixation,367,,,,,0,1,0,,,,,1,Trial (Noise),a_subj40_f_vato_249.wav,Babble_116.wav,a,1,,6-A,noise,subj40,f,vato,249
84,1669952996658,02/12/2022 03:49:56,1669952996340,-6,01/12/2022 21:49:56,92237,21,task-bsko,,25622444,BLIND,7588880,,complete,,638974fc642773387b0fa186,mobile,Apple iPhone,iOS 15.6.1,Mobile Safari 15.6.1,414x896,800x364,,Audio Naming Task,26,Block 6-A,soundCheckPassed,6-A,6-A,13,17,2,Screen 1,Zone6,content_web_audio,2,,,AUDIO PLAY REQUESTED,1,0,1,0,,,,,1,Trial (Noise),a_subj40_f_vato_249.wav,Babble_116.wav,a,1,,6-A,noise,subj40,f,vato,249
85,1669952996658,02/12/2022 03:49:56,1669952996341,-6,01/12/2022 21:49:56,92237,21,task-bsko,,25622444,BLIND,7588880,,complete,,638974fc642773387b0fa186,mobile,Apple iPhone,iOS 15.6.1,Mobile Safari 15.6.1,414x896,800x364,,Audio Naming Task,26,Block 6-A,soundCheckPassed,6-A,6-A,13,17,2,Screen 1,Zone8,content_web_audio,3,,,AUDIO PLAY REQUESTED,1,0,1,0,,,,,1,Trial (Noise),a_subj40_f_vato_249.wav,Babble_116.wav,a,1,,6-A,noise,subj40,f,vato,249
86,1669952996658,02/12/2022 03:49:56,1669952996342,-6,01/12/2022 21:49:56,92237,21,task-bsko,,25622444,BLIND,7588880,,complete,,638974fc642773387b0fa186,mobile,Apple iPhone,iOS 15.6.1,Mobile Safari 15.6.1,414x896,800x364,,Audio Naming Task,26,Block 6-A,soundCheckPassed,6-A,6-A,13,17,2,Screen 1,Zone7,content_web_audio,4.000000000003638,,,AUDIO PLAY REQUESTED,1,0,1,0,,,,,1,Trial (Noise),a_subj40_f_vato_249.wav,Babble_116.wav,a,1,,6-A,noise,subj40,f,vato,249
87,1669952998076,02/12/2022 03:49:58,1669952997561,-6,01/12/2022 21:49:57,92237,21,task-bsko,,25622444,BLIND,7588880,,complete,,638974fc642773387b0fa186,mobile,Apple iPhone,iOS 15.6.1,Mobile Safari 15.6.1,414x896,800x364,,Audio Naming Task,26,Block 6-A,soundCheckPassed,6-A,6-A,13,17,2,Screen 1,Zone1,response_button_text,1222.0000000000036,,,a,1,1,0,0,,,,,1,Trial (Noise),a_subj40_f_vato_249.wav,Babble_116.wav,a,1,,6-A,noise,subj40,f,vato,249
88,1669952998281,02/12/2022 03:49:58,1669952997921,-6,01/12/2022 21:49:57,92237,21,task-bsko,,25622444,BLIND,7588880,,complete,,638974fc642773387b0fa186,mobile,Apple iPhone,iOS 15.6.1,Mobile Safari 15.6.1,414x896,800x364,,Audio Naming Task,26,Block 6-A,soundCheckPassed,6-A,6-A,164,18,1,Screen 2,fixation,fixation,367,,,,,0,1,0,,,,,1,Trial (Noise),u_subj70_m_tusa_129.wav,Babble_066.wav,u,1,,6-A,noise,subj70,m,tusa,129
89,1669952998281,02/12/2022 03:49:58,1669952997939,-6,01/12/2022 21:49:57,92237,21,task-bsko,,25622444,BLIND,7588880,,complete,,638974fc642773387b0fa186,mobile,Apple iPhone,iOS 15.6.1,Mobile Safari 15.6.1,414x896,800x364,,Audio Naming Task,26,Block 6-A,soundCheckPassed,6-A,6-A,164,18,2,Screen 1,Zone6,content_web_audio,2.000000000003638,,,AUDIO PLAY REQUESTED,1,0,1,0,,,,,1,Trial (Noise),u_subj70_m_tusa_129.wav,Babble_066.wav,u,1,,6-A,noise,subj70,m,tusa,129
90,1669952998281,02/12/2022 03:49:58,1669952997940,-6,01/12/2022 21:49:57,92237,21,task-bsko,,25622444,BLIND,7588880,,complete,,638974fc642773387b0fa186,mobile,Apple iPhone,iOS 15.6.1,Mobile Safari 15.6.1,414x896,800x364,,Audio Naming Task,26,Block 6-A,soundCheckPassed,6-A,6-A,164,18,2,Screen 1,Zone8,content_web_audio,3,,,AUDIO PLAY REQUESTED,1,0,1,0,,,,,1,Trial (Noise),u_subj70_m_tusa_129.wav,Babble_066.wav,u,1,,6-A,noise,subj70,m,tusa,129
91,1669952998281,02/12/2022 03:49:58,1669952997941,-6,01/12/2022 21:49:57,92237,21,task-bsko,,25622444,BLIND,7588880,,complete,,638974fc642773387b0fa186,mobile,Apple iPhone,iOS 15.6.1,Mobile Safari 15.6.1,414x896,800x364,,Audio Naming Task,26,Block 6-A,soundCheckPassed,6-A,6-A,164,18,2,Screen 1,Zone7,content_web_audio,4.000000000007276,,,AUDIO PLAY REQUESTED,1,0,1,0,,,,,1,Trial (Noise),u_subj70_m_tusa_129.wav,Babble_066.wav,u,1,,6-A,noise,subj70,m,tusa,129
92,1669952999718,02/12/2022 03:49:59,1669952999194,-6,01/12/2022 21:49:59,92237,21,task-bsko,,25622444,BLIND,7588880,,complete,,638974fc642773387b0fa186,mobile,Apple iPhone,iOS 15.6.1,Mobile Safari 15.6.1,414x896,800x364,,Audio Naming Task,26,Block 6-A,soundCheckPassed,6-A,6-A,164,18,2,Screen 1,Zone4,response_button_text,1256.0000000000036,,,i,1,0,1,0,,,,,1,Trial (Noise),u_subj70_m_tusa_129.wav,Babble_066.wav,u,1,,6-A,noise,subj70,m,tusa,129
93,1669952999929,02/12/2022 03:49:59,1669952999520,-6,01/12/2022 21:49:59,92237,21,task-bsko,,25622444,BLIND,7588880,,complete,,638974fc642773387b0fa186,mobile,Apple iPhone,iOS 15.6.1,Mobile Safari 15.6.1,414x896,800x364,,Audio Naming Task,26,Block 6-A,soundCheckPassed,6-A,6-A,80,19,1,Screen 2,fixation,fixation,334,,,,,0,1,0,,,,,1,Trial (Noise),i_subj16_f_pite_143.wav,Babble_030.wav,i,1,,6-A,noise,subj16,f,pite,143
94,1669952999929,02/12/2022 03:49:59,1669952999541,-6,01/12/2022 21:49:59,92237,21,task-bsko,,25622444,BLIND,7588880,,complete,,638974fc642773387b0fa186,mobile,Apple iPhone,iOS 15.6.1,Mobile Safari 15.6.1,414x896,800x364,,Audio Naming Task,26,Block 6-A,soundCheckPassed,6-A,6-A,80,19,2,Screen 1,Zone6,content_web_audio,2,,,AUDIO PLAY REQUESTED,1,0,1,0,,,,,1,Trial (Noise),i_subj16_f_pite_143.wav,Babble_030.wav,i,1,,6-A,noise,subj16,f,pite,143
95,1669952999929,02/12/2022 03:49:59,1669952999542,-6,01/12/2022 21:49:59,92237,21,task-bsko,,25622444,BLIND,7588880,,complete,,638974fc642773387b0fa186,mobile,Apple iPhone,iOS 15.6.1,Mobile Safari 15.6.1,414x896,800x364,,Audio Naming Task,26,Block 6-A,soundCheckPassed,6-A,6-A,80,19,2,Screen 1,Zone8,content_web_audio,3,,,AUDIO PLAY REQUESTED,1,0,1,0,,,,,1,Trial (Noise),i_subj16_f_pite_143.wav,Babble_030.wav,i,1,,6-A,noise,subj16,f,pite,143
96,1669952999929,02/12/2022 03:49:59,1669952999543,-6,01/12/2022 21:49:59,92237,21,task-bsko,,25622444,BLIND,7588880,,complete,,638974fc642773387b0fa186,mobile,Apple iPhone,iOS 15.6.1,Mobile Safari 15.6.1,414x896,800x364,,Audio Naming Task,26,Block 6-A,soundCheckPassed,6-A,6-A,80,19,2,Screen 1,Zone7,content_web_audio,4,,,AUDIO PLAY REQUESTED,1,0,1,0,,,,,1,Trial (Noise),i_subj16_f_pite_143.wav,Babble_030.wav,i,1,,6-A,noise,subj16,f,pite,143
97,1669953001010,02/12/2022 03:50:01,1669953000736,-6,01/12/2022 21:50:00,92237,21,task-bsko,,25622444,BLIND,7588880,,complete,,638974fc642773387b0fa186,mobile,Apple iPhone,iOS 15.6.1,Mobile Safari 15.6.1,414x896,800x364,,Audio Naming Task,26,Block 6-A,soundCheckPassed,6-A,6-A,80,19,2,Screen 1,Zone4,response_button_text,1196,,,i,1,1,0,0,,,,,1,Trial (Noise),i_subj16_f_pite_143.wav,Babble_030.wav,i,1,,6-A,noise,subj16,f,pite,143
98,1669953001553,02/12/2022 03:50:01,1669953001087,-6,01/12/2022 21:50:01,92237,21,task-bsko,,25622444,BLIND,7588880,,complete,,638974fc642773387b0fa186,mobile,Apple iPhone,iOS 15.6.1,Mobile Safari 15.6.1,414x896,800x364,,Audio Naming Task,26,Block 6-A,soundCheckPassed,6-A,6-A,73,20,1,Screen 2,fixation,fixation,367,,,,,0,1,0,,,,,1,Trial (Noise),e_subj6_f_seso_174.wav,Babble_067.wav,e,1,,6-A,noise,subj6,f,seso,174
99,1669953002072,02/12/2022 03:50:02,1669953001108,-6,01/12/2022 21:50:01,92237,21,task-bsko,,25622444,BLIND,7588880,,complete,,638974fc642773387b0fa186,mobile,Apple iPhone,iOS 15.6.1,Mobile Safari 15.6.1,414x896,800x364,,Audio Naming Task,26,Block 6-A,soundCheckPassed,6-A,6-A,73,20,2,Screen 1,Zone6,content_web_audio,3,,,AUDIO PLAY REQUESTED,1,0,1,0,,,,,1,Trial (Noise),e_subj6_f_seso_174.wav,Babble_067.wav,e,1,,6-A,noise,subj6,f,seso,174
100,1669953002072,02/12/2022 03:50:02,1669953001109,-6,01/12/2022 21:50:01,92237,21,task-bsko,,25622444,BLIND,7588880,,complete,,638974fc642773387b0fa186,mobile,Apple iPhone,iOS 15.6.1,Mobile Safari 15.6.1,414x896,800x364,,Audio Naming Task,26,Block 6-A,soundCheckPassed,6-A,6-A,73,20,2,Screen 1,Zone8,content_web_audio,3.999999999992724,,,AUDIO PLAY REQUESTED,1,0,1,0,,,,,1,Trial (Noise),e_subj6_f_seso_174.wav,Babble_067.wav,e,1,,6-A,noise,subj6,f,seso,174
101,1669953002072,02/12/2022 03:50:02,1669953001110,-6,01/12/2022 21:50:01,92237,21,task-bsko,,25622444,BLIND,7588880,,complete,,638974fc642773387b0fa186,mobile,Apple iPhone,iOS 15.6.1,Mobile Safari 15.6.1,414x896,800x364,,Audio Naming Task,26,Block 6-A,soundCheckPassed,6-A,6-A,73,20,2,Screen 1,Zone7,content_web_audio,4.999999999992724,,,AUDIO PLAY REQUESTED,1,0,1,0,,,,,1,Trial (Noise),e_subj6_f_seso_174.wav,Babble_067.wav,e,1,,6-A,noise,subj6,f,seso,174
102,1669953002889,02/12/2022 03:50:02,1669953002394,-6,01/12/2022 21:50:02,92237,21,task-bsko,,25622444,BLIND,7588880,,complete,,638974fc642773387b0fa186,mobile,Apple iPhone,iOS 15.6.1,Mobile Safari 15.6.1,414x896,800x364,,Audio Naming Task,26,Block 6-A,soundCheckPassed,6-A,6-A,73,20,2,Screen 1,Zone5,response_button_text,1286.9999999999927,,,e,1,1,0,0,,,,,1,Trial (Noise),e_subj6_f_seso_174.wav,Babble_067.wav,e,1,,6-A,noise,subj6,f,seso,174
103,1669953003122,02/12/2022 03:50:03,1669953002753,-6,01/12/2022 21:50:02,92237,21,task-bsko,,25622444,BLIND,7588880,,complete,,638974fc642773387b0fa186,mobile,Apple iPhone,iOS 15.6.1,Mobile Safari 15.6.1,414x896,800x364,,Audio Naming Task,26,Block 6-A,soundCheckPassed,6-A,6-A,56,21,1,Screen 2,fixation,fixation,367,,,,,0,1,0,,,,,1,Trial (Noise),e_subj29_m_beta_200.wav,Babble_022.wav,e,1,,6-A,noise,subj29,m,beta,200
104,1669953003122,02/12/2022 03:50:03,1669953002772,-6,01/12/2022 21:50:02,92237,21,task-bsko,,25622444,BLIND,7588880,,complete,,638974fc642773387b0fa186,mobile,Apple iPhone,iOS 15.6.1,Mobile Safari 15.6.1,414x896,800x364,,Audio Naming Task,26,Block 6-A,soundCheckPassed,6-A,6-A,56,21,2,Screen 1,Zone6,content_web_audio,2,,,AUDIO PLAY REQUESTED,1,0,1,0,,,,,1,Trial (Noise),e_subj29_m_beta_200.wav,Babble_022.wav,e,1,,6-A,noise,subj29,m,beta,200
105,1669953003122,02/12/2022 03:50:03,1669953002774,-6,01/12/2022 21:50:02,92237,21,task-bsko,,25622444,BLIND,7588880,,complete,,638974fc642773387b0fa186,mobile,Apple iPhone,iOS 15.6.1,Mobile Safari 15.6.1,414x896,800x364,,Audio Naming Task,26,Block 6-A,soundCheckPassed,6-A,6-A,56,21,2,Screen 1,Zone8,content_web_audio,4,,,AUDIO PLAY REQUESTED,1,0,1,0,,,,,1,Trial (Noise),e_subj29_m_beta_200.wav,Babble_022.wav,e,1,,6-A,noise,subj29,m,beta,200
106,1669953003122,02/12/2022 03:50:03,1669953002774,-6,01/12/2022 21:50:02,92237,21,task-bsko,,25622444,BLIND,7588880,,complete,,638974fc642773387b0fa186,mobile,Apple iPhone,iOS 15.6.1,Mobile Safari 15.6.1,414x896,800x364,,Audio Naming Task,26,Block 6-A,soundCheckPassed,6-A,6-A,56,21,2,Screen 1,Zone7,content_web_audio,4,,,AUDIO PLAY REQUESTED,1,0,1,0,,,,,1,Trial (Noise),e_subj29_m_beta_200.wav,Babble_022.wav,e,1,,6-A,noise,subj29,m,beta,200
107,1669953004294,02/12/2022 03:50:04,1669953003886,-6,01/12/2022 21:50:03,92237,21,task-bsko,,25622444,BLIND,7588880,,complete,,638974fc642773387b0fa186,mobile,Apple iPhone,iOS 15.6.1,Mobile Safari 15.6.1,414x896,800x364,,Audio Naming Task,26,Block 6-A,soundCheckPassed,6-A,6-A,56,21,2,Screen 1,Zone5,response_button_text,1115,,,e,1,1,0,0,,,,,1,Trial (Noise),e_subj29_m_beta_200.wav,Babble_022.wav,e,1,,6-A,noise,subj29,m,beta,200
108,1669953004672,02/12/2022 03:50:04,1669953004220,-6,01/12/2022 21:50:04,92237,21,task-bsko,,25622444,BLIND,7588880,,complete,,638974fc642773387b0fa186,mobile,Apple iPhone,iOS 15.6.1,Mobile Safari 15.6.1,414x896,800x364,,Audio Naming Task,26,Block 6-A,soundCheckPassed,6-A,6-A,90,22,1,Screen 2,fixation,fixation,366,,,,,0,1,0,,,,,1,Trial (Noise),i_subj46_f_pica_126.wav,Babble_174.wav,i,1,,6-A,noise,subj46,f,pica,126
109,1669953005058,02/12/2022 03:50:05,1669953004241,-6,01/12/2022 21:50:04,92237,21,task-bsko,,25622444,BLIND,7588880,,complete,,638974fc642773387b0fa186,mobile,Apple iPhone,iOS 15.6.1,Mobile Safari 15.6.1,414x896,800x364,,Audio Naming Task,26,Block 6-A,soundCheckPassed,6-A,6-A,90,22,2,Screen 1,Zone6,content_web_audio,3,,,AUDIO PLAY REQUESTED,1,0,1,0,,,,,1,Trial (Noise),i_subj46_f_pica_126.wav,Babble_174.wav,i,1,,6-A,noise,subj46,f,pica,126
110,1669953005058,02/12/2022 03:50:05,1669953004242,-6,01/12/2022 21:50:04,92237,21,task-bsko,,25622444,BLIND,7588880,,complete,,638974fc642773387b0fa186,mobile,Apple iPhone,iOS 15.6.1,Mobile Safari 15.6.1,414x896,800x364,,Audio Naming Task,26,Block 6-A,soundCheckPassed,6-A,6-A,90,22,2,Screen 1,Zone8,content_web_audio,4.000000000007276,,,AUDIO PLAY REQUESTED,1,0,1,0,,,,,1,Trial (Noise),i_subj46_f_pica_126.wav,Babble_174.wav,i,1,,6-A,noise,subj46,f,pica,126
111,1669953005058,02/12/2022 03:50:05,1669953004242,-6,01/12/2022 21:50:04,92237,21,task-bsko,,25622444,BLIND,7588880,,complete,,638974fc642773387b0fa186,mobile,Apple iPhone,iOS 15.6.1,Mobile Safari 15.6.1,414x896,800x364,,Audio Naming Task,26,Block 6-A,soundCheckPassed,6-A,6-A,90,22,2,Screen 1,Zone7,content_web_audio,4.000000000007276,,,AUDIO PLAY REQUESTED,1,0,1,0,,,,,1,Trial (Noise),i_subj46_f_pica_126.wav,Babble_174.wav,i,1,,6-A,noise,subj46,f,pica,126
112,1669953005805,02/12/2022 03:50:05,1669953005302,-6,01/12/2022 21:50:05,92237,21,task-bsko,,25622444,BLIND,7588880,,complete,,638974fc642773387b0fa186,mobile,Apple iPhone,iOS 15.6.1,Mobile Safari 15.6.1,414x896,800x364,,Audio Naming Task,26,Block 6-A,soundCheckPassed,6-A,6-A,90,22,2,Screen 1,Zone4,response_button_text,1062.0000000000073,,,i,1,1,0,0,,,,,1,Trial (Noise),i_subj46_f_pica_126.wav,Babble_174.wav,i,1,,6-A,noise,subj46,f,pica,126
113,1669953006125,02/12/2022 03:50:06,1669953005653,-6,01/12/2022 21:50:05,92237,21,task-bsko,,25622444,BLIND,7588880,,complete,,638974fc642773387b0fa186,mobile,Apple iPhone,iOS 15.6.1,Mobile Safari 15.6.1,414x896,800x364,,Audio Naming Task,26,Block 6-A,soundCheckPassed,6-A,6-A,167,23,1,Screen 2,fixation,fixation,367,,,,,0,1,0,,,,,1,Trial (Noise),u_subj24_m_tusa_174.wav,Babble_193.wav,u,1,,6-A,noise,subj24,m,tusa,174
114,1669953006125,02/12/2022 03:50:06,1669953005673,-6,01/12/2022 21:50:05,92237,21,task-bsko,,25622444,BLIND,7588880,,complete,,638974fc642773387b0fa186,mobile,Apple iPhone,iOS 15.6.1,Mobile Safari 15.6.1,414x896,800x364,,Audio Naming Task,26,Block 6-A,soundCheckPassed,6-A,6-A,167,23,2,Screen 1,Zone6,content_web_audio,2,,,AUDIO PLAY REQUESTED,1,0,1,0,,,,,1,Trial (Noise),u_subj24_m_tusa_174.wav,Babble_193.wav,u,1,,6-A,noise,subj24,m,tusa,174
115,1669953006125,02/12/2022 03:50:06,1669953005675,-6,01/12/2022 21:50:05,92237,21,task-bsko,,25622444,BLIND,7588880,,complete,,638974fc642773387b0fa186,mobile,Apple iPhone,iOS 15.6.1,Mobile Safari 15.6.1,414x896,800x364,,Audio Naming Task,26,Block 6-A,soundCheckPassed,6-A,6-A,167,23,2,Screen 1,Zone8,content_web_audio,4.000000000007276,,,AUDIO PLAY REQUESTED,1,0,1,0,,,,,1,Trial (Noise),u_subj24_m_tusa_174.wav,Babble_193.wav,u,1,,6-A,noise,subj24,m,tusa,174
116,1669953006125,02/12/2022 03:50:06,1669953005676,-6,01/12/2022 21:50:05,92237,21,task-bsko,,25622444,BLIND,7588880,,complete,,638974fc642773387b0fa186,mobile,Apple iPhone,iOS 15.6.1,Mobile Safari 15.6.1,414x896,800x364,,Audio Naming Task,26,Block 6-A,soundCheckPassed,6-A,6-A,167,23,2,Screen 1,Zone7,content_web_audio,5,,,AUDIO PLAY REQUESTED,1,0,1,0,,,,,1,Trial (Noise),u_subj24_m_tusa_174.wav,Babble_193.wav,u,1,,6-A,noise,subj24,m,tusa,174
117,1669953007606,02/12/2022 03:50:07,1669953007105,-6,01/12/2022 21:50:07,92237,21,task-bsko,,25622444,BLIND,7588880,,complete,,638974fc642773387b0fa186,mobile,Apple iPhone,iOS 15.6.1,Mobile Safari 15.6.1,414x896,800x364,,Audio Naming Task,26,Block 6-A,soundCheckPassed,6-A,6-A,167,23,2,Screen 1,Zone2,response_button_text,1431,,,u,1,1,0,0,,,,,1,Trial (Noise),u_subj24_m_tusa_174.wav,Babble_193.wav,u,1,,6-A,noise,subj24,m,tusa,174
118,1669953007825,02/12/2022 03:50:07,1669953007453,-6,01/12/2022 21:50:07,92237,21,task-bsko,,25622444,BLIND,7588880,,complete,,638974fc642773387b0fa186,mobile,Apple iPhone,iOS 15.6.1,Mobile Safari 15.6.1,414x896,800x364,,Audio Naming Task,26,Block 6-A,soundCheckPassed,6-A,6-A,138,24,1,Screen 2,fixation,fixation,367,,,,,0,1,0,,,,,1,Trial (Noise),o_subj5_f_toca_147.wav,Babble_156.wav,o,1,,6-A,noise,subj5,f,toca,147
119,1669953007825,02/12/2022 03:50:07,1669953007474,-6,01/12/2022 21:50:07,92237,21,task-bsko,,25622444,BLIND,7588880,,complete,,638974fc642773387b0fa186,mobile,Apple iPhone,iOS 15.6.1,Mobile Safari 15.6.1,414x896,800x364,,Audio Naming Task,26,Block 6-A,soundCheckPassed,6-A,6-A,138,24,2,Screen 1,Zone6,content_web_audio,3,,,AUDIO PLAY REQUESTED,1,0,1,0,,,,,1,Trial (Noise),o_subj5_f_toca_147.wav,Babble_156.wav,o,1,,6-A,noise,subj5,f,toca,147
120,1669953007825,02/12/2022 03:50:07,1669953007476,-6,01/12/2022 21:50:07,92237,21,task-bsko,,25622444,BLIND,7588880,,complete,,638974fc642773387b0fa186,mobile,Apple iPhone,iOS 15.6.1,Mobile Safari 15.6.1,414x896,800x364,,Audio Naming Task,26,Block 6-A,soundCheckPassed,6-A,6-A,138,24,2,Screen 1,Zone8,content_web_audio,5,,,AUDIO PLAY REQUESTED,1,0,1,0,,,,,1,Trial (Noise),o_subj5_f_toca_147.wav,Babble_156.wav,o,1,,6-A,noise,subj5,f,toca,147
121,1669953007825,02/12/2022 03:50:07,1669953007478,-6,01/12/2022 21:50:07,92237,21,task-bsko,,25622444,BLIND,7588880,,complete,,638974fc642773387b0fa186,mobile,Apple iPhone,iOS 15.6.1,Mobile Safari 15.6.1,414x896,800x364,,Audio Naming Task,26,Block 6-A,soundCheckPassed,6-A,6-A,138,24,2,Screen 1,Zone7,content_web_audio,7,,,AUDIO PLAY REQUESTED,1,0,1,0,,,,,1,Trial (Noise),o_subj5_f_toca_147.wav,Babble_156.wav,o,1,,6-A,noise,subj5,f,toca,147
122,1669953008964,02/12/2022 03:50:08,1669953008669,-6,01/12/2022 21:50:08,92237,21,task-bsko,,25622444,BLIND,7588880,,complete,,638974fc642773387b0fa186,mobile,Apple iPhone,iOS 15.6.1,Mobile Safari 15.6.1,414x896,800x364,,Audio Naming Task,26,Block 6-A,soundCheckPassed,6-A,6-A,138,24,2,Screen 1,Zone3,response_button_text,1196,,,o,1,1,0,0,,,,,1,Trial (Noise),o_subj5_f_toca_147.wav,Babble_156.wav,o,1,,6-A,noise,subj5,f,toca,147
123,1669953009457,02/12/2022 03:50:09,1669953008986,-6,01/12/2022 21:50:08,92237,21,task-bsko,,25622444,BLIND,7588880,,complete,,638974fc642773387b0fa186,mobile,Apple iPhone,iOS 15.6.1,Mobile Safari 15.6.1,414x896,800x364,,Audio Naming Task,26,Block 6-A,soundCheckPassed,6-A,6-A,16,25,1,Screen 2,fixation,fixation,334,,,,,0,1,0,,,,,1,Trial (Noise),a_subj48_f_pata_156.wav,Babble_108.wav,a,1,,6-A,noise,subj48,f,pata,156
124,1669953009821,02/12/2022 03:50:09,1669953009008,-6,01/12/2022 21:50:09,92237,21,task-bsko,,25622444,BLIND,7588880,,complete,,638974fc642773387b0fa186,mobile,Apple iPhone,iOS 15.6.1,Mobile Safari 15.6.1,414x896,800x364,,Audio Naming Task,26,Block 6-A,soundCheckPassed,6-A,6-A,16,25,2,Screen 1,Zone6,content_web_audio,2,,,AUDIO PLAY REQUESTED,1,0,1,0,,,,,1,Trial (Noise),a_subj48_f_pata_156.wav,Babble_108.wav,a,1,,6-A,noise,subj48,f,pata,156
125,1669953009821,02/12/2022 03:50:09,1669953009010,-6,01/12/2022 21:50:09,92237,21,task-bsko,,25622444,BLIND,7588880,,complete,,638974fc642773387b0fa186,mobile,Apple iPhone,iOS 15.6.1,Mobile Safari 15.6.1,414x896,800x364,,Audio Naming Task,26,Block 6-A,soundCheckPassed,6-A,6-A,16,25,2,Screen 1,Zone8,content_web_audio,4,,,AUDIO PLAY REQUESTED,1,0,1,0,,,,,1,Trial (Noise),a_subj48_f_pata_156.wav,Babble_108.wav,a,1,,6-A,noise,subj48,f,pata,156
126,1669953009821,02/12/2022 03:50:09,1669953009010,-6,01/12/2022 21:50:09,92237,21,task-bsko,,25622444,BLIND,7588880,,complete,,638974fc642773387b0fa186,mobile,Apple iPhone,iOS 15.6.1,Mobile Safari 15.6.1,414x896,800x364,,Audio Naming Task,26,Block 6-A,soundCheckPassed,6-A,6-A,16,25,2,Screen 1,Zone7,content_web_audio,4,,,AUDIO PLAY REQUESTED,1,0,1,0,,,,,1,Trial (Noise),a_subj48_f_pata_156.wav,Babble_108.wav,a,1,,6-A,noise,subj48,f,pata,156
127,1669953010678,02/12/2022 03:50:10,1669953010169,-6,01/12/2022 21:50:10,92237,21,task-bsko,,25622444,BLIND,7588880,,complete,,638974fc642773387b0fa186,mobile,Apple iPhone,iOS 15.6.1,Mobile Safari 15.6.1,414x896,800x364,,Audio Naming Task,26,Block 6-A,soundCheckPassed,6-A,6-A,16,25,2,Screen 1,Zone1,response_button_text,1161,,,a,1,1,0,0,,,,,1,Trial (Noise),a_subj48_f_pata_156.wav,Babble_108.wav,a,1,,6-A,noise,subj48,f,pata,156
128,1669953010881,02/12/2022 03:50:10,1669953010486,-6,01/12/2022 21:50:10,92237,21,task-bsko,,25622444,BLIND,7588880,,complete,,638974fc642773387b0fa186,mobile,Apple iPhone,iOS 15.6.1,Mobile Safari 15.6.1,414x896,800x364,,Audio Naming Task,26,Block 6-A,soundCheckPassed,6-A,6-A,195,26,1,Screen 2,fixation,fixation,334,,,,,0,1,0,,,,,1,Trial (Noise),u_subj37_f_tusa_253.wav,Babble_082.wav,u,1,,6-A,noise,subj37,f,tusa,253
129,1669953010881,02/12/2022 03:50:10,1669953010506,-6,01/12/2022 21:50:10,92237,21,task-bsko,,25622444,BLIND,7588880,,complete,,638974fc642773387b0fa186,mobile,Apple iPhone,iOS 15.6.1,Mobile Safari 15.6.1,414x896,800x364,,Audio Naming Task,26,Block 6-A,soundCheckPassed,6-A,6-A,195,26,2,Screen 1,Zone6,content_web_audio,2,,,AUDIO PLAY REQUESTED,1,0,1,0,,,,,1,Trial (Noise),u_subj37_f_tusa_253.wav,Babble_082.wav,u,1,,6-A,noise,subj37,f,tusa,253
130,1669953010881,02/12/2022 03:50:10,1669953010507,-6,01/12/2022 21:50:10,92237,21,task-bsko,,25622444,BLIND,7588880,,complete,,638974fc642773387b0fa186,mobile,Apple iPhone,iOS 15.6.1,Mobile Safari 15.6.1,414x896,800x364,,Audio Naming Task,26,Block 6-A,soundCheckPassed,6-A,6-A,195,26,2,Screen 1,Zone8,content_web_audio,3,,,AUDIO PLAY REQUESTED,1,0,1,0,,,,,1,Trial (Noise),u_subj37_f_tusa_253.wav,Babble_082.wav,u,1,,6-A,noise,subj37,f,tusa,253
131,1669953010881,02/12/2022 03:50:10,1669953010508,-6,01/12/2022 21:50:10,92237,21,task-bsko,,25622444,BLIND,7588880,,complete,,638974fc642773387b0fa186,mobile,Apple iPhone,iOS 15.6.1,Mobile Safari 15.6.1,414x896,800x364,,Audio Naming Task,26,Block 6-A,soundCheckPassed,6-A,6-A,195,26,2,Screen 1,Zone7,content_web_audio,4,,,AUDIO PLAY REQUESTED,1,0,1,0,,,,,1,Trial (Noise),u_subj37_f_tusa_253.wav,Babble_082.wav,u,1,,6-A,noise,subj37,f,tusa,253
132,1669953012015,02/12/2022 03:50:12,1669953011560,-6,01/12/2022 21:50:11,92237,21,task-bsko,,25622444,BLIND,7588880,,complete,,638974fc642773387b0fa186,mobile,Apple iPhone,iOS 15.6.1,Mobile Safari 15.6.1,414x896,800x364,,Audio Naming Task,26,Block 6-A,soundCheckPassed,6-A,6-A,195,26,2,Screen 1,Zone4,response_button_text,1055.0000000000073,,,i,1,0,1,0,,,,,1,Trial (Noise),u_subj37_f_tusa_253.wav,Babble_082.wav,u,1,,6-A,noise,subj37,f,tusa,253
133,1669953012230,02/12/2022 03:50:12,1669953011886,-6,01/12/2022 21:50:11,92237,21,task-bsko,,25622444,BLIND,7588880,,complete,,638974fc642773387b0fa186,mobile,Apple iPhone,iOS 15.6.1,Mobile Safari 15.6.1,414x896,800x364,,Audio Naming Task,26,Block 6-A,soundCheckPassed,6-A,6-A,123,27,1,Screen 2,fixation,fixation,334,,,,,0,1,0,,,,,1,Trial (Noise),o_subj8_f_toca_146.wav,Babble_124.wav,o,1,,6-A,noise,subj8,f,toca,146
134,1669953012230,02/12/2022 03:50:12,1669953011904,-6,01/12/2022 21:50:11,92237,21,task-bsko,,25622444,BLIND,7588880,,complete,,638974fc642773387b0fa186,mobile,Apple iPhone,iOS 15.6.1,Mobile Safari 15.6.1,414x896,800x364,,Audio Naming Task,26,Block 6-A,soundCheckPassed,6-A,6-A,123,27,2,Screen 1,Zone6,content_web_audio,3,,,AUDIO PLAY REQUESTED,1,0,1,0,,,,,1,Trial (Noise),o_subj8_f_toca_146.wav,Babble_124.wav,o,1,,6-A,noise,subj8,f,toca,146
135,1669953012230,02/12/2022 03:50:12,1669953011906,-6,01/12/2022 21:50:11,92237,21,task-bsko,,25622444,BLIND,7588880,,complete,,638974fc642773387b0fa186,mobile,Apple iPhone,iOS 15.6.1,Mobile Safari 15.6.1,414x896,800x364,,Audio Naming Task,26,Block 6-A,soundCheckPassed,6-A,6-A,123,27,2,Screen 1,Zone8,content_web_audio,4,,,AUDIO PLAY REQUESTED,1,0,1,0,,,,,1,Trial (Noise),o_subj8_f_toca_146.wav,Babble_124.wav,o,1,,6-A,noise,subj8,f,toca,146
136,1669953012230,02/12/2022 03:50:12,1669953011907,-6,01/12/2022 21:50:11,92237,21,task-bsko,,25622444,BLIND,7588880,,complete,,638974fc642773387b0fa186,mobile,Apple iPhone,iOS 15.6.1,Mobile Safari 15.6.1,414x896,800x364,,Audio Naming Task,26,Block 6-A,soundCheckPassed,6-A,6-A,123,27,2,Screen 1,Zone7,content_web_audio,5,,,AUDIO PLAY REQUESTED,1,0,1,0,,,,,1,Trial (Noise),o_subj8_f_toca_146.wav,Babble_124.wav,o,1,,6-A,noise,subj8,f,toca,146
137,1669953013444,02/12/2022 03:50:13,1669953012993,-6,01/12/2022 21:50:12,92237,21,task-bsko,,25622444,BLIND,7588880,,complete,,638974fc642773387b0fa186,mobile,Apple iPhone,iOS 15.6.1,Mobile Safari 15.6.1,414x896,800x364,,Audio Naming Task,26,Block 6-A,soundCheckPassed,6-A,6-A,123,27,2,Screen 1,Zone3,response_button_text,1090.0000000000073,,,o,1,1,0,0,,,,,1,Trial (Noise),o_subj8_f_toca_146.wav,Babble_124.wav,o,1,,6-A,noise,subj8,f,toca,146
138,1669953013670,02/12/2022 03:50:13,1669953013352,-6,01/12/2022 21:50:13,92237,21,task-bsko,,25622444,BLIND,7588880,,complete,,638974fc642773387b0fa186,mobile,Apple iPhone,iOS 15.6.1,Mobile Safari 15.6.1,414x896,800x364,,Audio Naming Task,26,Block 6-A,soundCheckPassed,6-A,6-A,91,28,1,Screen 2,fixation,fixation,366,,,,,0,1,0,,,,,1,Trial (Noise),i_subj7_f_pico_206.wav,Babble_152.wav,i,1,,6-A,noise,subj7,f,pico,206
139,1669953013670,02/12/2022 03:50:13,1669953013372,-6,01/12/2022 21:50:13,92237,21,task-bsko,,25622444,BLIND,7588880,,complete,,638974fc642773387b0fa186,mobile,Apple iPhone,iOS 15.6.1,Mobile Safari 15.6.1,414x896,800x364,,Audio Naming Task,26,Block 6-A,soundCheckPassed,6-A,6-A,91,28,2,Screen 1,Zone6,content_web_audio,1.999999999992724,,,AUDIO PLAY REQUESTED,1,0,1,0,,,,,1,Trial (Noise),i_subj7_f_pico_206.wav,Babble_152.wav,i,1,,6-A,noise,subj7,f,pico,206
140,1669953013670,02/12/2022 03:50:13,1669953013373,-6,01/12/2022 21:50:13,92237,21,task-bsko,,25622444,BLIND,7588880,,complete,,638974fc642773387b0fa186,mobile,Apple iPhone,iOS 15.6.1,Mobile Safari 15.6.1,414x896,800x364,,Audio Naming Task,26,Block 6-A,soundCheckPassed,6-A,6-A,91,28,2,Screen 1,Zone8,content_web_audio,3,,,AUDIO PLAY REQUESTED,1,0,1,0,,,,,1,Trial (Noise),i_subj7_f_pico_206.wav,Babble_152.wav,i,1,,6-A,noise,subj7,f,pico,206
141,1669953013670,02/12/2022 03:50:13,1669953013374,-6,01/12/2022 21:50:13,92237,21,task-bsko,,25622444,BLIND,7588880,,complete,,638974fc642773387b0fa186,mobile,Apple iPhone,iOS 15.6.1,Mobile Safari 15.6.1,414x896,800x364,,Audio Naming Task,26,Block 6-A,soundCheckPassed,6-A,6-A,91,28,2,Screen 1,Zone7,content_web_audio,3.999999999992724,,,AUDIO PLAY REQUESTED,1,0,1,0,,,,,1,Trial (Noise),i_subj7_f_pico_206.wav,Babble_152.wav,i,1,,6-A,noise,subj7,f,pico,206
142,1669953014763,02/12/2022 03:50:14,1669953014302,-6,01/12/2022 21:50:14,92237,21,task-bsko,,25622444,BLIND,7588880,,complete,,638974fc642773387b0fa186,mobile,Apple iPhone,iOS 15.6.1,Mobile Safari 15.6.1,414x896,800x364,,Audio Naming Task,26,Block 6-A,soundCheckPassed,6-A,6-A,91,28,2,Screen 1,Zone4,response_button_text,930.9999999999927,,,i,1,1,0,0,,,,,1,Trial (Noise),i_subj7_f_pico_206.wav,Babble_152.wav,i,1,,6-A,noise,subj7,f,pico,206
143,1669953014967,02/12/2022 03:50:14,1669953014619,-6,01/12/2022 21:50:14,92237,21,task-bsko,,25622444,BLIND,7588880,,complete,,638974fc642773387b0fa186,mobile,Apple iPhone,iOS 15.6.1,Mobile Safari 15.6.1,414x896,800x364,,Audio Naming Task,26,Block 6-A,soundCheckPassed,6-A,6-A,20,29,1,Screen 2,fixation,fixation,334,,,,,0,1,0,,,,,1,Trial (Noise),a_subj46_f_bata_116.wav,Babble_110.wav,a,1,,6-A,noise,subj46,f,bata,116
144,1669953014967,02/12/2022 03:50:14,1669953014637,-6,01/12/2022 21:50:14,92237,21,task-bsko,,25622444,BLIND,7588880,,complete,,638974fc642773387b0fa186,mobile,Apple iPhone,iOS 15.6.1,Mobile Safari 15.6.1,414x896,800x364,,Audio Naming Task,26,Block 6-A,soundCheckPassed,6-A,6-A,20,29,2,Screen 1,Zone6,content_web_audio,2,,,AUDIO PLAY REQUESTED,1,0,1,0,,,,,1,Trial (Noise),a_subj46_f_bata_116.wav,Babble_110.wav,a,1,,6-A,noise,subj46,f,bata,116
145,1669953014967,02/12/2022 03:50:14,1669953014638,-6,01/12/2022 21:50:14,92237,21,task-bsko,,25622444,BLIND,7588880,,complete,,638974fc642773387b0fa186,mobile,Apple iPhone,iOS 15.6.1,Mobile Safari 15.6.1,414x896,800x364,,Audio Naming Task,26,Block 6-A,soundCheckPassed,6-A,6-A,20,29,2,Screen 1,Zone8,content_web_audio,4,,,AUDIO PLAY REQUESTED,1,0,1,0,,,,,1,Trial (Noise),a_subj46_f_bata_116.wav,Babble_110.wav,a,1,,6-A,noise,subj46,f,bata,116
146,1669953014967,02/12/2022 03:50:14,1669953014639,-6,01/12/2022 21:50:14,92237,21,task-bsko,,25622444,BLIND,7588880,,complete,,638974fc642773387b0fa186,mobile,Apple iPhone,iOS 15.6.1,Mobile Safari 15.6.1,414x896,800x364,,Audio Naming Task,26,Block 6-A,soundCheckPassed,6-A,6-A,20,29,2,Screen 1,Zone7,content_web_audio,4,,,AUDIO PLAY REQUESTED,1,0,1,0,,,,,1,Trial (Noise),a_subj46_f_bata_116.wav,Babble_110.wav,a,1,,6-A,noise,subj46,f,bata,116
147,1669953016031,02/12/2022 03:50:16,1669953015676,-6,01/12/2022 21:50:15,92237,21,task-bsko,,25622444,BLIND,7588880,,complete,,638974fc642773387b0fa186,mobile,Apple iPhone,iOS 15.6.1,Mobile Safari 15.6.1,414x896,800x364,,Audio Naming Task,26,Block 6-A,soundCheckPassed,6-A,6-A,20,29,2,Screen 1,Zone1,response_button_text,1040.0000000000073,,,a,1,1,0,0,,,,,1,Trial (Noise),a_subj46_f_bata_116.wav,Babble_110.wav,a,1,,6-A,noise,subj46,f,bata,116
148,1669953016466,02/12/2022 03:50:16,1669953015986,-6,01/12/2022 21:50:15,92237,21,task-bsko,,25622444,BLIND,7588880,,complete,,638974fc642773387b0fa186,mobile,Apple iPhone,iOS 15.6.1,Mobile Safari 15.6.1,414x896,800x364,,Audio Naming Task,26,Block 6-A,soundCheckPassed,6-A,6-A,47,30,1,Screen 2,fixation,fixation,334,,,,,0,1,0,,,,,1,Trial (Noise),e_subj73_m_peca_50.wav,Babble_145.wav,e,1,,6-A,noise,subj73,m,peca,50
149,1669953016933,02/12/2022 03:50:16,1669953016007,-6,01/12/2022 21:50:16,92237,21,task-bsko,,25622444,BLIND,7588880,,complete,,638974fc642773387b0fa186,mobile,Apple iPhone,iOS 15.6.1,Mobile Safari 15.6.1,414x896,800x364,,Audio Naming Task,26,Block 6-A,soundCheckPassed,6-A,6-A,47,30,2,Screen 1,Zone6,content_web_audio,2,,,AUDIO PLAY REQUESTED,1,0,1,0,,,,,1,Trial (Noise),e_subj73_m_peca_50.wav,Babble_145.wav,e,1,,6-A,noise,subj73,m,peca,50
150,1669953016933,02/12/2022 03:50:16,1669953016008,-6,01/12/2022 21:50:16,92237,21,task-bsko,,25622444,BLIND,7588880,,complete,,638974fc642773387b0fa186,mobile,Apple iPhone,iOS 15.6.1,Mobile Safari 15.6.1,414x896,800x364,,Audio Naming Task,26,Block 6-A,soundCheckPassed,6-A,6-A,47,30,2,Screen 1,Zone8,content_web_audio,3,,,AUDIO PLAY REQUESTED,1,0,1,0,,,,,1,Trial (Noise),e_subj73_m_peca_50.wav,Babble_145.wav,e,1,,6-A,noise,subj73,m,peca,50
151,1669953016933,02/12/2022 03:50:16,1669953016009,-6,01/12/2022 21:50:16,92237,21,task-bsko,,25622444,BLIND,7588880,,complete,,638974fc642773387b0fa186,mobile,Apple iPhone,iOS 15.6.1,Mobile Safari 15.6.1,414x896,800x364,,Audio Naming Task,26,Block 6-A,soundCheckPassed,6-A,6-A,47,30,2,Screen 1,Zone7,content_web_audio,4,,,AUDIO PLAY REQUESTED,1,0,1,0,,,,,1,Trial (Noise),e_subj73_m_peca_50.wav,Babble_145.wav,e,1,,6-A,noise,subj73,m,peca,50
152,1669953017927,02/12/2022 03:50:17,1669953017427,-6,01/12/2022 21:50:17,92237,21,task-bsko,,25622444,BLIND,7588880,,complete,,638974fc642773387b0fa186,mobile,Apple iPhone,iOS 15.6.1,Mobile Safari 15.6.1,414x896,800x364,,Audio Naming Task,26,Block 6-A,soundCheckPassed,6-A,6-A,47,30,2,Screen 1,Zone5,response_button_text,1421,,,e,1,1,0,0,,,,,1,Trial (Noise),e_subj73_m_peca_50.wav,Babble_145.wav,e,1,,6-A,noise,subj73,m,peca,50
153,1669953018435,02/12/2022 03:50:18,1669953017785,-6,01/12/2022 21:50:17,92237,21,task-bsko,,25622444,BLIND,7588880,,complete,,638974fc642773387b0fa186,mobile,Apple iPhone,iOS 15.6.1,Mobile Safari 15.6.1,414x896,800x364,,Audio Naming Task,26,Block 6-A,soundCheckPassed,6-A,6-A,41,31,1,Screen 2,fixation,fixation,366,,,,,0,1,0,,,,,1,Trial (Noise),e_subj9_m_vete_191.wav,Babble_193.wav,e,1,,6-A,noise,subj9,m,vete,191
154,1669953018435,02/12/2022 03:50:18,1669953017805,-6,01/12/2022 21:50:17,92237,21,task-bsko,,25622444,BLIND,7588880,,complete,,638974fc642773387b0fa186,mobile,Apple iPhone,iOS 15.6.1,Mobile Safari 15.6.1,414x896,800x364,,Audio Naming Task,26,Block 6-A,soundCheckPassed,6-A,6-A,41,31,2,Screen 1,Zone6,content_web_audio,1.999999999992724,,,AUDIO PLAY REQUESTED,1,0,1,0,,,,,1,Trial (Noise),e_subj9_m_vete_191.wav,Babble_193.wav,e,1,,6-A,noise,subj9,m,vete,191
155,1669953018435,02/12/2022 03:50:18,1669953017806,-6,01/12/2022 21:50:17,92237,21,task-bsko,,25622444,BLIND,7588880,,complete,,638974fc642773387b0fa186,mobile,Apple iPhone,iOS 15.6.1,Mobile Safari 15.6.1,414x896,800x364,,Audio Naming Task,26,Block 6-A,soundCheckPassed,6-A,6-A,41,31,2,Screen 1,Zone8,content_web_audio,3,,,AUDIO PLAY REQUESTED,1,0,1,0,,,,,1,Trial (Noise),e_subj9_m_vete_191.wav,Babble_193.wav,e,1,,6-A,noise,subj9,m,vete,191
156,1669953018435,02/12/2022 03:50:18,1669953017807,-6,01/12/2022 21:50:17,92237,21,task-bsko,,25622444,BLIND,7588880,,complete,,638974fc642773387b0fa186,mobile,Apple iPhone,iOS 15.6.1,Mobile Safari 15.6.1,414x896,800x364,,Audio Naming Task,26,Block 6-A,soundCheckPassed,6-A,6-A,41,31,2,Screen 1,Zone7,content_web_audio,3.999999999992724,,,AUDIO PLAY REQUESTED,1,0,1,0,,,,,1,Trial (Noise),e_subj9_m_vete_191.wav,Babble_193.wav,e,1,,6-A,noise,subj9,m,vete,191
157,1669953019480,02/12/2022 03:50:19,1669953018926,-6,01/12/2022 21:50:18,92237,21,task-bsko,,25622444,BLIND,7588880,,complete,,638974fc642773387b0fa186,mobile,Apple iPhone,iOS 15.6.1,Mobile Safari 15.6.1,414x896,800x364,,Audio Naming Task,26,Block 6-A,soundCheckPassed,6-A,6-A,41,31,2,Screen 1,Zone5,response_button_text,1122,,,e,1,1,0,0,,,,,1,Trial (Noise),e_subj9_m_vete_191.wav,Babble_193.wav,e,1,,6-A,noise,subj9,m,vete,191
158,1669953019672,02/12/2022 03:50:19,1669953019285,-6,01/12/2022 21:50:19,92237,21,task-bsko,,25622444,BLIND,7588880,,complete,,638974fc642773387b0fa186,mobile,Apple iPhone,iOS 15.6.1,Mobile Safari 15.6.1,414x896,800x364,,Audio Naming Task,26,Block 6-A,soundCheckPassed,6-A,6-A,190,32,1,Screen 2,fixation,fixation,366,,,,,0,1,0,,,,,1,Trial (Noise),u_subj22_f_supe_86.wav,Babble_087.wav,u,1,,6-A,noise,subj22,f,supe,86
159,1669953019672,02/12/2022 03:50:19,1669953019304,-6,01/12/2022 21:50:19,92237,21,task-bsko,,25622444,BLIND,7588880,,complete,,638974fc642773387b0fa186,mobile,Apple iPhone,iOS 15.6.1,Mobile Safari 15.6.1,414x896,800x364,,Audio Naming Task,26,Block 6-A,soundCheckPassed,6-A,6-A,190,32,2,Screen 1,Zone6,content_web_audio,3,,,AUDIO PLAY REQUESTED,1,0,1,0,,,,,1,Trial (Noise),u_subj22_f_supe_86.wav,Babble_087.wav,u,1,,6-A,noise,subj22,f,supe,86
160,1669953019672,02/12/2022 03:50:19,1669953019305,-6,01/12/2022 21:50:19,92237,21,task-bsko,,25622444,BLIND,7588880,,complete,,638974fc642773387b0fa186,mobile,Apple iPhone,iOS 15.6.1,Mobile Safari 15.6.1,414x896,800x364,,Audio Naming Task,26,Block 6-A,soundCheckPassed,6-A,6-A,190,32,2,Screen 1,Zone8,content_web_audio,4.000000000007276,,,AUDIO PLAY REQUESTED,1,0,1,0,,,,,1,Trial (Noise),u_subj22_f_supe_86.wav,Babble_087.wav,u,1,,6-A,noise,subj22,f,supe,86
161,1669953019672,02/12/2022 03:50:19,1669953019306,-6,01/12/2022 21:50:19,92237,21,task-bsko,,25622444,BLIND,7588880,,complete,,638974fc642773387b0fa186,mobile,Apple iPhone,iOS 15.6.1,Mobile Safari 15.6.1,414x896,800x364,,Audio Naming Task,26,Block 6-A,soundCheckPassed,6-A,6-A,190,32,2,Screen 1,Zone7,content_web_audio,4.000000000007276,,,AUDIO PLAY REQUESTED,1,0,1,0,,,,,1,Trial (Noise),u_subj22_f_supe_86.wav,Babble_087.wav,u,1,,6-A,noise,subj22,f,supe,86
162,1669953021218,02/12/2022 03:50:21,1669953020651,-6,01/12/2022 21:50:20,92237,21,task-bsko,,25622444,BLIND,7588880,,complete,,638974fc642773387b0fa186,mobile,Apple iPhone,iOS 15.6.1,Mobile Safari 15.6.1,414x896,800x364,,Audio Naming Task,26,Block 6-A,soundCheckPassed,6-A,6-A,190,32,2,Screen 1,Zone2,response_button_text,1348,,,u,1,1,0,0,,,,,1,Trial (Noise),u_subj22_f_supe_86.wav,Babble_087.wav,u,1,,6-A,noise,subj22,f,supe,86
163,1669953021422,02/12/2022 03:50:21,1669953020985,-6,01/12/2022 21:50:20,92237,21,task-bsko,,25622444,BLIND,7588880,,complete,,638974fc642773387b0fa186,mobile,Apple iPhone,iOS 15.6.1,Mobile Safari 15.6.1,414x896,800x364,,Audio Naming Task,26,Block 6-A,soundCheckPassed,6-A,6-A,122,33,1,Screen 2,fixation,fixation,366,,,,,0,1,0,,,,,1,Trial (Noise),o_subj7_f_voto_132.wav,Babble_076.wav,o,1,,6-A,noise,subj7,f,voto,132
164,1669953021422,02/12/2022 03:50:21,1669953021002,-6,01/12/2022 21:50:21,92237,21,task-bsko,,25622444,BLIND,7588880,,complete,,638974fc642773387b0fa186,mobile,Apple iPhone,iOS 15.6.1,Mobile Safari 15.6.1,414x896,800x364,,Audio Naming Task,26,Block 6-A,soundCheckPassed,6-A,6-A,122,33,2,Screen 1,Zone6,content_web_audio,1.999999999992724,,,AUDIO PLAY REQUESTED,1,0,1,0,,,,,1,Trial (Noise),o_subj7_f_voto_132.wav,Babble_076.wav,o,1,,6-A,noise,subj7,f,voto,132
165,1669953021422,02/12/2022 03:50:21,1669953021004,-6,01/12/2022 21:50:21,92237,21,task-bsko,,25622444,BLIND,7588880,,complete,,638974fc642773387b0fa186,mobile,Apple iPhone,iOS 15.6.1,Mobile Safari 15.6.1,414x896,800x364,,Audio Naming Task,26,Block 6-A,soundCheckPassed,6-A,6-A,122,33,2,Screen 1,Zone8,content_web_audio,3,,,AUDIO PLAY REQUESTED,1,0,1,0,,,,,1,Trial (Noise),o_subj7_f_voto_132.wav,Babble_076.wav,o,1,,6-A,noise,subj7,f,voto,132
166,1669953021422,02/12/2022 03:50:21,1669953021005,-6,01/12/2022 21:50:21,92237,21,task-bsko,,25622444,BLIND,7588880,,complete,,638974fc642773387b0fa186,mobile,Apple iPhone,iOS 15.6.1,Mobile Safari 15.6.1,414x896,800x364,,Audio Naming Task,26,Block 6-A,soundCheckPassed,6-A,6-A,122,33,2,Screen 1,Zone7,content_web_audio,3.999999999992724,,,AUDIO PLAY REQUESTED,1,0,1,0,,,,,1,Trial (Noise),o_subj7_f_voto_132.wav,Babble_076.wav,o,1,,6-A,noise,subj7,f,voto,132
167,1669953023065,02/12/2022 03:50:23,1669953022508,-6,01/12/2022 21:50:22,92237,21,task-bsko,,25622444,BLIND,7588880,,complete,,638974fc642773387b0fa186,mobile,Apple iPhone,iOS 15.6.1,Mobile Safari 15.6.1,414x896,800x364,,Audio Naming Task,26,Block 6-A,soundCheckPassed,6-A,6-A,122,33,2,Screen 1,Zone3,response_button_text,1506.9999999999927,,,o,1,1,0,0,,,,,1,Trial (Noise),o_subj7_f_voto_132.wav,Babble_076.wav,o,1,,6-A,noise,subj7,f,voto,132
168,1669953023275,02/12/2022 03:50:23,1669953022852,-6,01/12/2022 21:50:22,92237,21,task-bsko,,25622444,BLIND,7588880,,complete,,638974fc642773387b0fa186,mobile,Apple iPhone,iOS 15.6.1,Mobile Safari 15.6.1,414x896,800x364,,Audio Naming Task,26,Block 6-A,soundCheckPassed,6-A,6-A,151,34,1,Screen 2,fixation,fixation,367,,,,,0,1,0,,,,,1,Trial (Noise),o_subj73_m_toque_170.wav,Babble_024.wav,o,1,,6-A,noise,subj73,m,toque,170
169,1669953023275,02/12/2022 03:50:23,1669953022869,-6,01/12/2022 21:50:22,92237,21,task-bsko,,25622444,BLIND,7588880,,complete,,638974fc642773387b0fa186,mobile,Apple iPhone,iOS 15.6.1,Mobile Safari 15.6.1,414x896,800x364,,Audio Naming Task,26,Block 6-A,soundCheckPassed,6-A,6-A,151,34,2,Screen 1,Zone6,content_web_audio,2.000000000007276,,,AUDIO PLAY REQUESTED,1,0,1,0,,,,,1,Trial (Noise),o_subj73_m_toque_170.wav,Babble_024.wav,o,1,,6-A,noise,subj73,m,toque,170
170,1669953023275,02/12/2022 03:50:23,1669953022871,-6,01/12/2022 21:50:22,92237,21,task-bsko,,25622444,BLIND,7588880,,complete,,638974fc642773387b0fa186,mobile,Apple iPhone,iOS 15.6.1,Mobile Safari 15.6.1,414x896,800x364,,Audio Naming Task,26,Block 6-A,soundCheckPassed,6-A,6-A,151,34,2,Screen 1,Zone8,content_web_audio,3,,,AUDIO PLAY REQUESTED,1,0,1,0,,,,,1,Trial (Noise),o_subj73_m_toque_170.wav,Babble_024.wav,o,1,,6-A,noise,subj73,m,toque,170
171,1669953023275,02/12/2022 03:50:23,1669953022872,-6,01/12/2022 21:50:22,92237,21,task-bsko,,25622444,BLIND,7588880,,complete,,638974fc642773387b0fa186,mobile,Apple iPhone,iOS 15.6.1,Mobile Safari 15.6.1,414x896,800x364,,Audio Naming Task,26,Block 6-A,soundCheckPassed,6-A,6-A,151,34,2,Screen 1,Zone7,content_web_audio,4,,,AUDIO PLAY REQUESTED,1,0,1,0,,,,,1,Trial (Noise),o_subj73_m_toque_170.wav,Babble_024.wav,o,1,,6-A,noise,subj73,m,toque,170
172,1669953024257,02/12/2022 03:50:24,1669953023842,-6,01/12/2022 21:50:23,92237,21,task-bsko,,25622444,BLIND,7588880,,complete,,638974fc642773387b0fa186,mobile,Apple iPhone,iOS 15.6.1,Mobile Safari 15.6.1,414x896,800x364,,Audio Naming Task,26,Block 6-A,soundCheckPassed,6-A,6-A,151,34,2,Screen 1,Zone2,response_button_text,973,,,u,1,0,1,0,,,,,1,Trial (Noise),o_subj73_m_toque_170.wav,Babble_024.wav,o,1,,6-A,noise,subj73,m,toque,170
173,1669953024476,02/12/2022 03:50:24,1669953024152,-6,01/12/2022 21:50:24,92237,21,task-bsko,,25622444,BLIND,7588880,,complete,,638974fc642773387b0fa186,mobile,Apple iPhone,iOS 15.6.1,Mobile Safari 15.6.1,414x896,800x364,,Audio Naming Task,26,Block 6-A,soundCheckPassed,6-A,6-A,99,35,1,Screen 2,fixation,fixation,334,,,,,0,1,0,,,,,1,Trial (Noise),i_subj32_f_pite_88.wav,Babble_047.wav,i,1,,6-A,noise,subj32,f,pite,88
174,1669953024476,02/12/2022 03:50:24,1669953024172,-6,01/12/2022 21:50:24,92237,21,task-bsko,,25622444,BLIND,7588880,,complete,,638974fc642773387b0fa186,mobile,Apple iPhone,iOS 15.6.1,Mobile Safari 15.6.1,414x896,800x364,,Audio Naming Task,26,Block 6-A,soundCheckPassed,6-A,6-A,99,35,2,Screen 1,Zone6,content_web_audio,2.000000000007276,,,AUDIO PLAY REQUESTED,1,0,1,0,,,,,1,Trial (Noise),i_subj32_f_pite_88.wav,Babble_047.wav,i,1,,6-A,noise,subj32,f,pite,88
175,1669953024476,02/12/2022 03:50:24,1669953024173,-6,01/12/2022 21:50:24,92237,21,task-bsko,,25622444,BLIND,7588880,,complete,,638974fc642773387b0fa186,mobile,Apple iPhone,iOS 15.6.1,Mobile Safari 15.6.1,414x896,800x364,,Audio Naming Task,26,Block 6-A,soundCheckPassed,6-A,6-A,99,35,2,Screen 1,Zone8,content_web_audio,3,,,AUDIO PLAY REQUESTED,1,0,1,0,,,,,1,Trial (Noise),i_subj32_f_pite_88.wav,Babble_047.wav,i,1,,6-A,noise,subj32,f,pite,88
176,1669953024476,02/12/2022 03:50:24,1669953024174,-6,01/12/2022 21:50:24,92237,21,task-bsko,,25622444,BLIND,7588880,,complete,,638974fc642773387b0fa186,mobile,Apple iPhone,iOS 15.6.1,Mobile Safari 15.6.1,414x896,800x364,,Audio Naming Task,26,Block 6-A,soundCheckPassed,6-A,6-A,99,35,2,Screen 1,Zone7,content_web_audio,4,,,AUDIO PLAY REQUESTED,1,0,1,0,,,,,1,Trial (Noise),i_subj32_f_pite_88.wav,Babble_047.wav,i,1,,6-A,noise,subj32,f,pite,88
177,1669953025625,02/12/2022 03:50:25,1669953025192,-6,01/12/2022 21:50:25,92237,21,task-bsko,,25622444,BLIND,7588880,,complete,,638974fc642773387b0fa186,mobile,Apple iPhone,iOS 15.6.1,Mobile Safari 15.6.1,414x896,800x364,,Audio Naming Task,26,Block 6-A,soundCheckPassed,6-A,6-A,99,35,2,Screen 1,Zone4,response_button_text,1021,,,i,1,1,0,0,,,,,1,Trial (Noise),i_subj32_f_pite_88.wav,Babble_047.wav,i,1,,6-A,noise,subj32,f,pite,88
178,1669953026027,02/12/2022 03:50:26,1669953025552,-6,01/12/2022 21:50:25,92237,21,task-bsko,,25622444,BLIND,7588880,,complete,,638974fc642773387b0fa186,mobile,Apple iPhone,iOS 15.6.1,Mobile Safari 15.6.1,414x896,800x364,,Audio Naming Task,26,Block 6-A,soundCheckPassed,6-A,6-A,111,36,1,Screen 2,fixation,fixation,367,,,,,0,1,0,,,,,1,Trial (Noise),i_subj67_m_quito_119.wav,Babble_051.wav,i,1,,6-A,noise,subj67,m,quito,119
179,1669953026444,02/12/2022 03:50:26,1669953025573,-6,01/12/2022 21:50:25,92237,21,task-bsko,,25622444,BLIND,7588880,,complete,,638974fc642773387b0fa186,mobile,Apple iPhone,iOS 15.6.1,Mobile Safari 15.6.1,414x896,800x364,,Audio Naming Task,26,Block 6-A,soundCheckPassed,6-A,6-A,111,36,2,Screen 1,Zone6,content_web_audio,1,,,AUDIO PLAY REQUESTED,1,0,1,0,,,,,1,Trial (Noise),i_subj67_m_quito_119.wav,Babble_051.wav,i,1,,6-A,noise,subj67,m,quito,119
180,1669953026444,02/12/2022 03:50:26,1669953025574,-6,01/12/2022 21:50:25,92237,21,task-bsko,,25622444,BLIND,7588880,,complete,,638974fc642773387b0fa186,mobile,Apple iPhone,iOS 15.6.1,Mobile Safari 15.6.1,414x896,800x364,,Audio Naming Task,26,Block 6-A,soundCheckPassed,6-A,6-A,111,36,2,Screen 1,Zone8,content_web_audio,2,,,AUDIO PLAY REQUESTED,1,0,1,0,,,,,1,Trial (Noise),i_subj67_m_quito_119.wav,Babble_051.wav,i,1,,6-A,noise,subj67,m,quito,119
181,1669953026444,02/12/2022 03:50:26,1669953025575,-6,01/12/2022 21:50:25,92237,21,task-bsko,,25622444,BLIND,7588880,,complete,,638974fc642773387b0fa186,mobile,Apple iPhone,iOS 15.6.1,Mobile Safari 15.6.1,414x896,800x364,,Audio Naming Task,26,Block 6-A,soundCheckPassed,6-A,6-A,111,36,2,Screen 1,Zone7,content_web_audio,3,,,AUDIO PLAY REQUESTED,1,0,1,0,,,,,1,Trial (Noise),i_subj67_m_quito_119.wav,Babble_051.wav,i,1,,6-A,noise,subj67,m,quito,119
182,1669953027193,02/12/2022 03:50:27,1669953026709,-6,01/12/2022 21:50:26,92237,21,task-bsko,,25622444,BLIND,7588880,,complete,,638974fc642773387b0fa186,mobile,Apple iPhone,iOS 15.6.1,Mobile Safari 15.6.1,414x896,800x364,,Audio Naming Task,26,Block 6-A,soundCheckPassed,6-A,6-A,111,36,2,Screen 1,Zone4,response_button_text,1136,,,i,1,1,0,0,,,,,1,Trial (Noise),i_subj67_m_quito_119.wav,Babble_051.wav,i,1,,6-A,noise,subj67,m,quito,119
183,1669953027408,02/12/2022 03:50:27,1669953027052,-6,01/12/2022 21:50:27,92237,21,task-bsko,,25622444,BLIND,7588880,,complete,,638974fc642773387b0fa186,mobile,Apple iPhone,iOS 15.6.1,Mobile Safari 15.6.1,414x896,800x364,,Audio Naming Task,26,Block 6-A,soundCheckPassed,6-A,6-A,105,37,1,Screen 2,fixation,fixation,367,,,,,0,1,0,,,,,1,Trial (Noise),i_subj77_m_pica_112.wav,Babble_155.wav,i,1,,6-A,noise,subj77,m,pica,112
184,1669953027408,02/12/2022 03:50:27,1669953027070,-6,01/12/2022 21:50:27,92237,21,task-bsko,,25622444,BLIND,7588880,,complete,,638974fc642773387b0fa186,mobile,Apple iPhone,iOS 15.6.1,Mobile Safari 15.6.1,414x896,800x364,,Audio Naming Task,26,Block 6-A,soundCheckPassed,6-A,6-A,105,37,2,Screen 1,Zone6,content_web_audio,3,,,AUDIO PLAY REQUESTED,1,0,1,0,,,,,1,Trial (Noise),i_subj77_m_pica_112.wav,Babble_155.wav,i,1,,6-A,noise,subj77,m,pica,112
185,1669953027408,02/12/2022 03:50:27,1669953027071,-6,01/12/2022 21:50:27,92237,21,task-bsko,,25622444,BLIND,7588880,,complete,,638974fc642773387b0fa186,mobile,Apple iPhone,iOS 15.6.1,Mobile Safari 15.6.1,414x896,800x364,,Audio Naming Task,26,Block 6-A,soundCheckPassed,6-A,6-A,105,37,2,Screen 1,Zone8,content_web_audio,3.999999999992724,,,AUDIO PLAY REQUESTED,1,0,1,0,,,,,1,Trial (Noise),i_subj77_m_pica_112.wav,Babble_155.wav,i,1,,6-A,noise,subj77,m,pica,112
186,1669953027408,02/12/2022 03:50:27,1669953027072,-6,01/12/2022 21:50:27,92237,21,task-bsko,,25622444,BLIND,7588880,,complete,,638974fc642773387b0fa186,mobile,Apple iPhone,iOS 15.6.1,Mobile Safari 15.6.1,414x896,800x364,,Audio Naming Task,26,Block 6-A,soundCheckPassed,6-A,6-A,105,37,2,Screen 1,Zone7,content_web_audio,4.999999999992724,,,AUDIO PLAY REQUESTED,1,0,1,0,,,,,1,Trial (Noise),i_subj77_m_pica_112.wav,Babble_155.wav,i,1,,6-A,noise,subj77,m,pica,112
187,1669953028528,02/12/2022 03:50:28,1669953028042,-6,01/12/2022 21:50:28,92237,21,task-bsko,,25622444,BLIND,7588880,,complete,,638974fc642773387b0fa186,mobile,Apple iPhone,iOS 15.6.1,Mobile Safari 15.6.1,414x896,800x364,,Audio Naming Task,26,Block 6-A,soundCheckPassed,6-A,6-A,105,37,2,Screen 1,Zone4,response_button_text,972.9999999999927,,,i,1,1,0,0,,,,,1,Trial (Noise),i_subj77_m_pica_112.wav,Babble_155.wav,i,1,,6-A,noise,subj77,m,pica,112
188,1669953028842,02/12/2022 03:50:28,1669953028352,-6,01/12/2022 21:50:28,92237,21,task-bsko,,25622444,BLIND,7588880,,complete,,638974fc642773387b0fa186,mobile,Apple iPhone,iOS 15.6.1,Mobile Safari 15.6.1,414x896,800x364,,Audio Naming Task,26,Block 6-A,soundCheckPassed,6-A,6-A,8,38,1,Screen 2,fixation,fixation,334,,,,,0,1,0,,,,,1,Trial (Noise),a_subj40_f_vate_167.wav,Babble_136.wav,a,1,,6-A,noise,subj40,f,vate,167
189,1669953028842,02/12/2022 03:50:28,1669953028380,-6,01/12/2022 21:50:28,92237,21,task-bsko,,25622444,BLIND,7588880,,complete,,638974fc642773387b0fa186,mobile,Apple iPhone,iOS 15.6.1,Mobile Safari 15.6.1,414x896,800x364,,Audio Naming Task,26,Block 6-A,soundCheckPassed,6-A,6-A,8,38,2,Screen 1,Zone6,content_web_audio,3,,,AUDIO PLAY REQUESTED,1,0,1,0,,,,,1,Trial (Noise),a_subj40_f_vate_167.wav,Babble_136.wav,a,1,,6-A,noise,subj40,f,vate,167
190,1669953028842,02/12/2022 03:50:28,1669953028381,-6,01/12/2022 21:50:28,92237,21,task-bsko,,25622444,BLIND,7588880,,complete,,638974fc642773387b0fa186,mobile,Apple iPhone,iOS 15.6.1,Mobile Safari 15.6.1,414x896,800x364,,Audio Naming Task,26,Block 6-A,soundCheckPassed,6-A,6-A,8,38,2,Screen 1,Zone8,content_web_audio,3,,,AUDIO PLAY REQUESTED,1,0,1,0,,,,,1,Trial (Noise),a_subj40_f_vate_167.wav,Babble_136.wav,a,1,,6-A,noise,subj40,f,vate,167
191,1669953028842,02/12/2022 03:50:28,1669953028381,-6,01/12/2022 21:50:28,92237,21,task-bsko,,25622444,BLIND,7588880,,complete,,638974fc642773387b0fa186,mobile,Apple iPhone,iOS 15.6.1,Mobile Safari 15.6.1,414x896,800x364,,Audio Naming Task,26,Block 6-A,soundCheckPassed,6-A,6-A,8,38,2,Screen 1,Zone7,content_web_audio,4.000000000007276,,,AUDIO PLAY REQUESTED,1,0,1,0,,,,,1,Trial (Noise),a_subj40_f_vate_167.wav,Babble_136.wav,a,1,,6-A,noise,subj40,f,vate,167
192,1669953029921,02/12/2022 03:50:29,1669953029501,-6,01/12/2022 21:50:29,92237,21,task-bsko,,25622444,BLIND,7588880,,complete,,638974fc642773387b0fa186,mobile,Apple iPhone,iOS 15.6.1,Mobile Safari 15.6.1,414x896,800x364,,Audio Naming Task,26,Block 6-A,soundCheckPassed,6-A,6-A,8,38,2,Screen 1,Zone1,response_button_text,1122,,,a,1,1,0,0,,,,,1,Trial (Noise),a_subj40_f_vate_167.wav,Babble_136.wav,a,1,,6-A,noise,subj40,f,vate,167
193,1669953030310,02/12/2022 03:50:30,1669953029851,-6,01/12/2022 21:50:29,92237,21,task-bsko,,25622444,BLIND,7588880,,complete,,638974fc642773387b0fa186,mobile,Apple iPhone,iOS 15.6.1,Mobile Safari 15.6.1,414x896,800x364,,Audio Naming Task,26,Block 6-A,soundCheckPassed,6-A,6-A,32,39,1,Screen 2,fixation,fixation,366,,,,,0,1,0,,,,,1,Trial (Noise),a_subj3_m_saque_273.wav,Babble_164.wav,a,1,,6-A,noise,subj3,m,saque,273
194,1669953030848,02/12/2022 03:50:30,1669953029872,-6,01/12/2022 21:50:29,92237,21,task-bsko,,25622444,BLIND,7588880,,complete,,638974fc642773387b0fa186,mobile,Apple iPhone,iOS 15.6.1,Mobile Safari 15.6.1,414x896,800x364,,Audio Naming Task,26,Block 6-A,soundCheckPassed,6-A,6-A,32,39,2,Screen 1,Zone6,content_web_audio,2.000000000007276,,,AUDIO PLAY REQUESTED,1,0,1,0,,,,,1,Trial (Noise),a_subj3_m_saque_273.wav,Babble_164.wav,a,1,,6-A,noise,subj3,m,saque,273
195,1669953030848,02/12/2022 03:50:30,1669953029873,-6,01/12/2022 21:50:29,92237,21,task-bsko,,25622444,BLIND,7588880,,complete,,638974fc642773387b0fa186,mobile,Apple iPhone,iOS 15.6.1,Mobile Safari 15.6.1,414x896,800x364,,Audio Naming Task,26,Block 6-A,soundCheckPassed,6-A,6-A,32,39,2,Screen 1,Zone8,content_web_audio,3,,,AUDIO PLAY REQUESTED,1,0,1,0,,,,,1,Trial (Noise),a_subj3_m_saque_273.wav,Babble_164.wav,a,1,,6-A,noise,subj3,m,saque,273
196,1669953030848,02/12/2022 03:50:30,1669953029873,-6,01/12/2022 21:50:29,92237,21,task-bsko,,25622444,BLIND,7588880,,complete,,638974fc642773387b0fa186,mobile,Apple iPhone,iOS 15.6.1,Mobile Safari 15.6.1,414x896,800x364,,Audio Naming Task,26,Block 6-A,soundCheckPassed,6-A,6-A,32,39,2,Screen 1,Zone7,content_web_audio,4,,,AUDIO PLAY REQUESTED,1,0,1,0,,,,,1,Trial (Noise),a_subj3_m_saque_273.wav,Babble_164.wav,a,1,,6-A,noise,subj3,m,saque,273
197,1669953031459,02/12/2022 03:50:31,1669953030967,-6,01/12/2022 21:50:30,92237,21,task-bsko,,25622444,BLIND,7588880,,complete,,638974fc642773387b0fa186,mobile,Apple iPhone,iOS 15.6.1,Mobile Safari 15.6.1,414x896,800x364,,Audio Naming Task,26,Block 6-A,soundCheckPassed,6-A,6-A,32,39,2,Screen 1,Zone1,response_button_text,1096,,,a,1,1,0,0,,,,,1,Trial (Noise),a_subj3_m_saque_273.wav,Babble_164.wav,a,1,,6-A,noise,subj3,m,saque,273
198,1669953031678,02/12/2022 03:50:31,1669953031285,-6,01/12/2022 21:50:31,92237,21,task-bsko,,25622444,BLIND,7588880,,complete,,638974fc642773387b0fa186,mobile,Apple iPhone,iOS 15.6.1,Mobile Safari 15.6.1,414x896,800x364,,Audio Naming Task,26,Block 6-A,soundCheckPassed,6-A,6-A,180,40,1,Screen 2,fixation,fixation,334,,,,,0,1,0,,,,,1,Trial (Noise),u_subj28_f_cuco_274.wav,Babble_069.wav,u,1,,6-A,noise,subj28,f,cuco,274
199,1669953031678,02/12/2022 03:50:31,1669953031304,-6,01/12/2022 21:50:31,92237,21,task-bsko,,25622444,BLIND,7588880,,complete,,638974fc642773387b0fa186,mobile,Apple iPhone,iOS 15.6.1,Mobile Safari 15.6.1,414x896,800x364,,Audio Naming Task,26,Block 6-A,soundCheckPassed,6-A,6-A,180,40,2,Screen 1,Zone6,content_web_audio,2,,,AUDIO PLAY REQUESTED,1,0,1,0,,,,,1,Trial (Noise),u_subj28_f_cuco_274.wav,Babble_069.wav,u,1,,6-A,noise,subj28,f,cuco,274
200,1669953031678,02/12/2022 03:50:31,1669953031305,-6,01/12/2022 21:50:31,92237,21,task-bsko,,25622444,BLIND,7588880,,complete,,638974fc642773387b0fa186,mobile,Apple iPhone,iOS 15.6.1,Mobile Safari 15.6.1,414x896,800x364,,Audio Naming Task,26,Block 6-A,soundCheckPassed,6-A,6-A,180,40,2,Screen 1,Zone8,content_web_audio,3,,,AUDIO PLAY REQUESTED,1,0,1,0,,,,,1,Trial (Noise),u_subj28_f_cuco_274.wav,Babble_069.wav,u,1,,6-A,noise,subj28,f,cuco,274
201,1669953031678,02/12/2022 03:50:31,1669953031306,-6,01/12/2022 21:50:31,92237,21,task-bsko,,25622444,BLIND,7588880,,complete,,638974fc642773387b0fa186,mobile,Apple iPhone,iOS 15.6.1,Mobile Safari 15.6.1,414x896,800x364,,Audio Naming Task,26,Block 6-A,soundCheckPassed,6-A,6-A,180,40,2,Screen 1,Zone7,content_web_audio,4,,,AUDIO PLAY REQUESTED,1,0,1,0,,,,,1,Trial (Noise),u_subj28_f_cuco_274.wav,Babble_069.wav,u,1,,6-A,noise,subj28,f,cuco,274
202,1669953033420,02/12/2022 03:50:33,1669953032959,-6,01/12/2022 21:50:32,92237,21,task-bsko,,25622444,BLIND,7588880,,complete,,638974fc642773387b0fa186,mobile,Apple iPhone,iOS 15.6.1,Mobile Safari 15.6.1,414x896,800x364,,Audio Naming Task,26,Block 6-A,soundCheckPassed,6-A,6-A,180,40,2,Screen 1,Zone5,response_button_text,1656,,,e,1,0,1,0,,,,,1,Trial (Noise),u_subj28_f_cuco_274.wav,Babble_069.wav,u,1,,6-A,noise,subj28,f,cuco,274
203,1669953033640,02/12/2022 03:50:33,1669953033284,-6,01/12/2022 21:50:33,92237,21,task-bsko,,25622444,BLIND,7588880,,complete,,638974fc642773387b0fa186,mobile,Apple iPhone,iOS 15.6.1,Mobile Safari 15.6.1,414x896,800x364,,Audio Naming Task,26,Block 6-A,soundCheckPassed,6-A,6-A,172,41,1,Screen 2,fixation,fixation,334,,,,,0,1,0,,,,,1,Trial (Noise),u_subj29_m_tusa_219.wav,Babble_001.wav,u,1,,6-A,noise,subj29,m,tusa,219
204,1669953033640,02/12/2022 03:50:33,1669953033302,-6,01/12/2022 21:50:33,92237,21,task-bsko,,25622444,BLIND,7588880,,complete,,638974fc642773387b0fa186,mobile,Apple iPhone,iOS 15.6.1,Mobile Safari 15.6.1,414x896,800x364,,Audio Naming Task,26,Block 6-A,soundCheckPassed,6-A,6-A,172,41,2,Screen 1,Zone6,content_web_audio,2,,,AUDIO PLAY REQUESTED,1,0,1,0,,,,,1,Trial (Noise),u_subj29_m_tusa_219.wav,Babble_001.wav,u,1,,6-A,noise,subj29,m,tusa,219
205,1669953033640,02/12/2022 03:50:33,1669953033303,-6,01/12/2022 21:50:33,92237,21,task-bsko,,25622444,BLIND,7588880,,complete,,638974fc642773387b0fa186,mobile,Apple iPhone,iOS 15.6.1,Mobile Safari 15.6.1,414x896,800x364,,Audio Naming Task,26,Block 6-A,soundCheckPassed,6-A,6-A,172,41,2,Screen 1,Zone8,content_web_audio,3,,,AUDIO PLAY REQUESTED,1,0,1,0,,,,,1,Trial (Noise),u_subj29_m_tusa_219.wav,Babble_001.wav,u,1,,6-A,noise,subj29,m,tusa,219
206,1669953033640,02/12/2022 03:50:33,1669953033304,-6,01/12/2022 21:50:33,92237,21,task-bsko,,25622444,BLIND,7588880,,complete,,638974fc642773387b0fa186,mobile,Apple iPhone,iOS 15.6.1,Mobile Safari 15.6.1,414x896,800x364,,Audio Naming Task,26,Block 6-A,soundCheckPassed,6-A,6-A,172,41,2,Screen 1,Zone7,content_web_audio,4,,,AUDIO PLAY REQUESTED,1,0,1,0,,,,,1,Trial (Noise),u_subj29_m_tusa_219.wav,Babble_001.wav,u,1,,6-A,noise,subj29,m,tusa,219
207,1669953034707,02/12/2022 03:50:34,1669953034403,-6,01/12/2022 21:50:34,92237,21,task-bsko,,25622444,BLIND,7588880,,complete,,638974fc642773387b0fa186,mobile,Apple iPhone,iOS 15.6.1,Mobile Safari 15.6.1,414x896,800x364,,Audio Naming Task,26,Block 6-A,soundCheckPassed,6-A,6-A,172,41,2,Screen 1,Zone4,response_button_text,1100,,,i,1,0,1,0,,,,,1,Trial (Noise),u_subj29_m_tusa_219.wav,Babble_001.wav,u,1,,6-A,noise,subj29,m,tusa,219
208,1669953035199,02/12/2022 03:50:35,1669953034751,-6,01/12/2022 21:50:34,92237,21,task-bsko,,25622444,BLIND,7588880,,complete,,638974fc642773387b0fa186,mobile,Apple iPhone,iOS 15.6.1,Mobile Safari 15.6.1,414x896,800x364,,Audio Naming Task,26,Block 6-A,soundCheckPassed,6-A,6-A,40,42,1,Screen 2,fixation,fixation,367,,,,,0,1,0,,,,,1,Trial (Noise),a_subj14_m_vara_229.wav,Babble_072.wav,a,1,,6-A,noise,subj14,m,vara,229
209,1669953035574,02/12/2022 03:50:35,1669953034775,-6,01/12/2022 21:50:34,92237,21,task-bsko,,25622444,BLIND,7588880,,complete,,638974fc642773387b0fa186,mobile,Apple iPhone,iOS 15.6.1,Mobile Safari 15.6.1,414x896,800x364,,Audio Naming Task,26,Block 6-A,soundCheckPassed,6-A,6-A,40,42,2,Screen 1,Zone6,content_web_audio,3,,,AUDIO PLAY REQUESTED,1,0,1,0,,,,,1,Trial (Noise),a_subj14_m_vara_229.wav,Babble_072.wav,a,1,,6-A,noise,subj14,m,vara,229
210,1669953035574,02/12/2022 03:50:35,1669953034777,-6,01/12/2022 21:50:34,92237,21,task-bsko,,25622444,BLIND,7588880,,complete,,638974fc642773387b0fa186,mobile,Apple iPhone,iOS 15.6.1,Mobile Safari 15.6.1,414x896,800x364,,Audio Naming Task,26,Block 6-A,soundCheckPassed,6-A,6-A,40,42,2,Screen 1,Zone8,content_web_audio,5,,,AUDIO PLAY REQUESTED,1,0,1,0,,,,,1,Trial (Noise),a_subj14_m_vara_229.wav,Babble_072.wav,a,1,,6-A,noise,subj14,m,vara,229
211,1669953035574,02/12/2022 03:50:35,1669953034778,-6,01/12/2022 21:50:34,92237,21,task-bsko,,25622444,BLIND,7588880,,complete,,638974fc642773387b0fa186,mobile,Apple iPhone,iOS 15.6.1,Mobile Safari 15.6.1,414x896,800x364,,Audio Naming Task,26,Block 6-A,soundCheckPassed,6-A,6-A,40,42,2,Screen 1,Zone7,content_web_audio,6,,,AUDIO PLAY REQUESTED,1,0,1,0,,,,,1,Trial (Noise),a_subj14_m_vara_229.wav,Babble_072.wav,a,1,,6-A,noise,subj14,m,vara,229
212,1669953036591,02/12/2022 03:50:36,1669953036050,-6,01/12/2022 21:50:36,92237,21,task-bsko,,25622444,BLIND,7588880,,complete,,638974fc642773387b0fa186,mobile,Apple iPhone,iOS 15.6.1,Mobile Safari 15.6.1,414x896,800x364,,Audio Naming Task,26,Block 6-A,soundCheckPassed,6-A,6-A,40,42,2,Screen 1,Zone1,response_button_text,1277,,,a,1,1,0,0,,,,,1,Trial (Noise),a_subj14_m_vara_229.wav,Babble_072.wav,a,1,,6-A,noise,subj14,m,vara,229
213,1669953036943,02/12/2022 03:50:36,1669953036385,-6,01/12/2022 21:50:36,92237,21,task-bsko,,25622444,BLIND,7588880,,complete,,638974fc642773387b0fa186,mobile,Apple iPhone,iOS 15.6.1,Mobile Safari 15.6.1,414x896,800x364,,Audio Naming Task,26,Block 6-A,soundCheckPassed,6-A,6-A,102,43,1,Screen 2,fixation,fixation,367,,,,,0,1,0,,,,,1,Trial (Noise),i_subj75_m_quito_217.wav,Babble_090.wav,i,1,,6-A,noise,subj75,m,quito,217
214,1669953036943,02/12/2022 03:50:36,1669953036403,-6,01/12/2022 21:50:36,92237,21,task-bsko,,25622444,BLIND,7588880,,complete,,638974fc642773387b0fa186,mobile,Apple iPhone,iOS 15.6.1,Mobile Safari 15.6.1,414x896,800x364,,Audio Naming Task,26,Block 6-A,soundCheckPassed,6-A,6-A,102,43,2,Screen 1,Zone6,content_web_audio,1.999999999985448,,,AUDIO PLAY REQUESTED,1,0,1,0,,,,,1,Trial (Noise),i_subj75_m_quito_217.wav,Babble_090.wav,i,1,,6-A,noise,subj75,m,quito,217
215,1669953036943,02/12/2022 03:50:36,1669953036405,-6,01/12/2022 21:50:36,92237,21,task-bsko,,25622444,BLIND,7588880,,complete,,638974fc642773387b0fa186,mobile,Apple iPhone,iOS 15.6.1,Mobile Safari 15.6.1,414x896,800x364,,Audio Naming Task,26,Block 6-A,soundCheckPassed,6-A,6-A,102,43,2,Screen 1,Zone8,content_web_audio,3,,,AUDIO PLAY REQUESTED,1,0,1,0,,,,,1,Trial (Noise),i_subj75_m_quito_217.wav,Babble_090.wav,i,1,,6-A,noise,subj75,m,quito,217
216,1669953036943,02/12/2022 03:50:36,1669953036405,-6,01/12/2022 21:50:36,92237,21,task-bsko,,25622444,BLIND,7588880,,complete,,638974fc642773387b0fa186,mobile,Apple iPhone,iOS 15.6.1,Mobile Safari 15.6.1,414x896,800x364,,Audio Naming Task,26,Block 6-A,soundCheckPassed,6-A,6-A,102,43,2,Screen 1,Zone7,content_web_audio,3.999999999985448,,,AUDIO PLAY REQUESTED,1,0,1,0,,,,,1,Trial (Noise),i_subj75_m_quito_217.wav,Babble_090.wav,i,1,,6-A,noise,subj75,m,quito,217
217,1669953037859,02/12/2022 03:50:37,1669953037375,-6,01/12/2022 21:50:37,92237,21,task-bsko,,25622444,BLIND,7588880,,complete,,638974fc642773387b0fa186,mobile,Apple iPhone,iOS 15.6.1,Mobile Safari 15.6.1,414x896,800x364,,Audio Naming Task,26,Block 6-A,soundCheckPassed,6-A,6-A,102,43,2,Screen 1,Zone4,response_button_text,971.9999999999854,,,i,1,1,0,0,,,,,1,Trial (Noise),i_subj75_m_quito_217.wav,Babble_090.wav,i,1,,6-A,noise,subj75,m,quito,217
218,1669953038204,02/12/2022 03:50:38,1669953037684,-6,01/12/2022 21:50:37,92237,21,task-bsko,,25622444,BLIND,7588880,,complete,,638974fc642773387b0fa186,mobile,Apple iPhone,iOS 15.6.1,Mobile Safari 15.6.1,414x896,800x364,,Audio Naming Task,26,Block 6-A,soundCheckPassed,6-A,6-A,45,44,1,Screen 2,fixation,fixation,334,,,,,0,1,0,,,,,1,Trial (Noise),e_subj9_m_beta_388.wav,Babble_153.wav,e,1,,6-A,noise,subj9,m,beta,388
219,1669953038204,02/12/2022 03:50:38,1669953037703,-6,01/12/2022 21:50:37,92237,21,task-bsko,,25622444,BLIND,7588880,,complete,,638974fc642773387b0fa186,mobile,Apple iPhone,iOS 15.6.1,Mobile Safari 15.6.1,414x896,800x364,,Audio Naming Task,26,Block 6-A,soundCheckPassed,6-A,6-A,45,44,2,Screen 1,Zone6,content_web_audio,3,,,AUDIO PLAY REQUESTED,1,0,1,0,,,,,1,Trial (Noise),e_subj9_m_beta_388.wav,Babble_153.wav,e,1,,6-A,noise,subj9,m,beta,388
220,1669953038204,02/12/2022 03:50:38,1669953037704,-6,01/12/2022 21:50:37,92237,21,task-bsko,,25622444,BLIND,7588880,,complete,,638974fc642773387b0fa186,mobile,Apple iPhone,iOS 15.6.1,Mobile Safari 15.6.1,414x896,800x364,,Audio Naming Task,26,Block 6-A,soundCheckPassed,6-A,6-A,45,44,2,Screen 1,Zone8,content_web_audio,4,,,AUDIO PLAY REQUESTED,1,0,1,0,,,,,1,Trial (Noise),e_subj9_m_beta_388.wav,Babble_153.wav,e,1,,6-A,noise,subj9,m,beta,388
221,1669953038204,02/12/2022 03:50:38,1669953037705,-6,01/12/2022 21:50:37,92237,21,task-bsko,,25622444,BLIND,7588880,,complete,,638974fc642773387b0fa186,mobile,Apple iPhone,iOS 15.6.1,Mobile Safari 15.6.1,414x896,800x364,,Audio Naming Task,26,Block 6-A,soundCheckPassed,6-A,6-A,45,44,2,Screen 1,Zone7,content_web_audio,4,,,AUDIO PLAY REQUESTED,1,0,1,0,,,,,1,Trial (Noise),e_subj9_m_beta_388.wav,Babble_153.wav,e,1,,6-A,noise,subj9,m,beta,388
222,1669953039752,02/12/2022 03:50:39,1669953039233,-6,01/12/2022 21:50:39,92237,21,task-bsko,,25622444,BLIND,7588880,,complete,,638974fc642773387b0fa186,mobile,Apple iPhone,iOS 15.6.1,Mobile Safari 15.6.1,414x896,800x364,,Audio Naming Task,26,Block 6-A,soundCheckPassed,6-A,6-A,45,44,2,Screen 1,Zone5,response_button_text,1532,,,e,1,1,0,0,,,,,1,Trial (Noise),e_subj9_m_beta_388.wav,Babble_153.wav,e,1,,6-A,noise,subj9,m,beta,388
223,1669953039994,02/12/2022 03:50:39,1669953039584,-6,01/12/2022 21:50:39,92237,21,task-bsko,,25622444,BLIND,7588880,,complete,,638974fc642773387b0fa186,mobile,Apple iPhone,iOS 15.6.1,Mobile Safari 15.6.1,414x896,800x364,,Audio Naming Task,26,Block 6-A,soundCheckPassed,6-A,6-A,191,45,1,Screen 2,fixation,fixation,366,,,,,0,1,0,,,,,1,Trial (Noise),u_subj38_f_tusa_169.wav,Babble_043.wav,u,1,,6-A,noise,subj38,f,tusa,169
224,1669953039994,02/12/2022 03:50:39,1669953039603,-6,01/12/2022 21:50:39,92237,21,task-bsko,,25622444,BLIND,7588880,,complete,,638974fc642773387b0fa186,mobile,Apple iPhone,iOS 15.6.1,Mobile Safari 15.6.1,414x896,800x364,,Audio Naming Task,26,Block 6-A,soundCheckPassed,6-A,6-A,191,45,2,Screen 1,Zone6,content_web_audio,2,,,AUDIO PLAY REQUESTED,1,0,1,0,,,,,1,Trial (Noise),u_subj38_f_tusa_169.wav,Babble_043.wav,u,1,,6-A,noise,subj38,f,tusa,169
225,1669953039994,02/12/2022 03:50:39,1669953039605,-6,01/12/2022 21:50:39,92237,21,task-bsko,,25622444,BLIND,7588880,,complete,,638974fc642773387b0fa186,mobile,Apple iPhone,iOS 15.6.1,Mobile Safari 15.6.1,414x896,800x364,,Audio Naming Task,26,Block 6-A,soundCheckPassed,6-A,6-A,191,45,2,Screen 1,Zone8,content_web_audio,4,,,AUDIO PLAY REQUESTED,1,0,1,0,,,,,1,Trial (Noise),u_subj38_f_tusa_169.wav,Babble_043.wav,u,1,,6-A,noise,subj38,f,tusa,169
226,1669953039994,02/12/2022 03:50:39,1669953039606,-6,01/12/2022 21:50:39,92237,21,task-bsko,,25622444,BLIND,7588880,,complete,,638974fc642773387b0fa186,mobile,Apple iPhone,iOS 15.6.1,Mobile Safari 15.6.1,414x896,800x364,,Audio Naming Task,26,Block 6-A,soundCheckPassed,6-A,6-A,191,45,2,Screen 1,Zone7,content_web_audio,5,,,AUDIO PLAY REQUESTED,1,0,1,0,,,,,1,Trial (Noise),u_subj38_f_tusa_169.wav,Babble_043.wav,u,1,,6-A,noise,subj38,f,tusa,169
227,1669953041288,02/12/2022 03:50:41,1669953040766,-6,01/12/2022 21:50:40,92237,21,task-bsko,,25622444,BLIND,7588880,,complete,,638974fc642773387b0fa186,mobile,Apple iPhone,iOS 15.6.1,Mobile Safari 15.6.1,414x896,800x364,,Audio Naming Task,26,Block 6-A,soundCheckPassed,6-A,6-A,191,45,2,Screen 1,Zone2,response_button_text,1163.0000000000146,,,u,1,1,0,0,,,,,1,Trial (Noise),u_subj38_f_tusa_169.wav,Babble_043.wav,u,1,,6-A,noise,subj38,f,tusa,169
228,1669953041493,02/12/2022 03:50:41,1669953041117,-6,01/12/2022 21:50:41,92237,21,task-bsko,,25622444,BLIND,7588880,,complete,,638974fc642773387b0fa186,mobile,Apple iPhone,iOS 15.6.1,Mobile Safari 15.6.1,414x896,800x364,,Audio Naming Task,26,Block 6-A,soundCheckPassed,6-A,6-A,171,46,1,Screen 2,fixation,fixation,366,,,,,0,1,0,,,,,1,Trial (Noise),u_subj1_m_buque_262.wav,Babble_072.wav,u,1,,6-A,noise,subj1,m,buque,262
229,1669953041493,02/12/2022 03:50:41,1669953041136,-6,01/12/2022 21:50:41,92237,21,task-bsko,,25622444,BLIND,7588880,,complete,,638974fc642773387b0fa186,mobile,Apple iPhone,iOS 15.6.1,Mobile Safari 15.6.1,414x896,800x364,,Audio Naming Task,26,Block 6-A,soundCheckPassed,6-A,6-A,171,46,2,Screen 1,Zone6,content_web_audio,2,,,AUDIO PLAY REQUESTED,1,0,1,0,,,,,1,Trial (Noise),u_subj1_m_buque_262.wav,Babble_072.wav,u,1,,6-A,noise,subj1,m,buque,262
230,1669953041493,02/12/2022 03:50:41,1669953041137,-6,01/12/2022 21:50:41,92237,21,task-bsko,,25622444,BLIND,7588880,,complete,,638974fc642773387b0fa186,mobile,Apple iPhone,iOS 15.6.1,Mobile Safari 15.6.1,414x896,800x364,,Audio Naming Task,26,Block 6-A,soundCheckPassed,6-A,6-A,171,46,2,Screen 1,Zone8,content_web_audio,3,,,AUDIO PLAY REQUESTED,1,0,1,0,,,,,1,Trial (Noise),u_subj1_m_buque_262.wav,Babble_072.wav,u,1,,6-A,noise,subj1,m,buque,262
231,1669953041493,02/12/2022 03:50:41,1669953041138,-6,01/12/2022 21:50:41,92237,21,task-bsko,,25622444,BLIND,7588880,,complete,,638974fc642773387b0fa186,mobile,Apple iPhone,iOS 15.6.1,Mobile Safari 15.6.1,414x896,800x364,,Audio Naming Task,26,Block 6-A,soundCheckPassed,6-A,6-A,171,46,2,Screen 1,Zone7,content_web_audio,4,,,AUDIO PLAY REQUESTED,1,0,1,0,,,,,1,Trial (Noise),u_subj1_m_buque_262.wav,Babble_072.wav,u,1,,6-A,noise,subj1,m,buque,262
232,1669953042601,02/12/2022 03:50:42,1669953042266,-6,01/12/2022 21:50:42,92237,21,task-bsko,,25622444,BLIND,7588880,,complete,,638974fc642773387b0fa186,mobile,Apple iPhone,iOS 15.6.1,Mobile Safari 15.6.1,414x896,800x364,,Audio Naming Task,26,Block 6-A,soundCheckPassed,6-A,6-A,171,46,2,Screen 1,Zone2,response_button_text,1131,,,u,1,1,0,0,,,,,1,Trial (Noise),u_subj1_m_buque_262.wav,Babble_072.wav,u,1,,6-A,noise,subj1,m,buque,262
233,1669953043073,02/12/2022 03:50:43,1669953042617,-6,01/12/2022 21:50:42,92237,21,task-bsko,,25622444,BLIND,7588880,,complete,,638974fc642773387b0fa186,mobile,Apple iPhone,iOS 15.6.1,Mobile Safari 15.6.1,414x896,800x364,,Audio Naming Task,26,Block 6-A,soundCheckPassed,6-A,6-A,145,47,1,Screen 2,fixation,fixation,366,,,,,0,1,0,,,,,1,Trial (Noise),o_subj73_m_toco_273.wav,Babble_079.wav,o,1,,6-A,noise,subj73,m,toco,273
234,1669953043454,02/12/2022 03:50:43,1669953042637,-6,01/12/2022 21:50:42,92237,21,task-bsko,,25622444,BLIND,7588880,,complete,,638974fc642773387b0fa186,mobile,Apple iPhone,iOS 15.6.1,Mobile Safari 15.6.1,414x896,800x364,,Audio Naming Task,26,Block 6-A,soundCheckPassed,6-A,6-A,145,47,2,Screen 1,Zone6,content_web_audio,2,,,AUDIO PLAY REQUESTED,1,0,1,0,,,,,1,Trial (Noise),o_subj73_m_toco_273.wav,Babble_079.wav,o,1,,6-A,noise,subj73,m,toco,273
235,1669953043454,02/12/2022 03:50:43,1669953042638,-6,01/12/2022 21:50:42,92237,21,task-bsko,,25622444,BLIND,7588880,,complete,,638974fc642773387b0fa186,mobile,Apple iPhone,iOS 15.6.1,Mobile Safari 15.6.1,414x896,800x364,,Audio Naming Task,26,Block 6-A,soundCheckPassed,6-A,6-A,145,47,2,Screen 1,Zone8,content_web_audio,3,,,AUDIO PLAY REQUESTED,1,0,1,0,,,,,1,Trial (Noise),o_subj73_m_toco_273.wav,Babble_079.wav,o,1,,6-A,noise,subj73,m,toco,273
236,1669953043454,02/12/2022 03:50:43,1669953042639,-6,01/12/2022 21:50:42,92237,21,task-bsko,,25622444,BLIND,7588880,,complete,,638974fc642773387b0fa186,mobile,Apple iPhone,iOS 15.6.1,Mobile Safari 15.6.1,414x896,800x364,,Audio Naming Task,26,Block 6-A,soundCheckPassed,6-A,6-A,145,47,2,Screen 1,Zone7,content_web_audio,4.000000000014552,,,AUDIO PLAY REQUESTED,1,0,1,0,,,,,1,Trial (Noise),o_subj73_m_toco_273.wav,Babble_079.wav,o,1,,6-A,noise,subj73,m,toco,273
237,1669953044793,02/12/2022 03:50:44,1669953044207,-6,01/12/2022 21:50:44,92237,21,task-bsko,,25622444,BLIND,7588880,,complete,,638974fc642773387b0fa186,mobile,Apple iPhone,iOS 15.6.1,Mobile Safari 15.6.1,414x896,800x364,,Audio Naming Task,26,Block 6-A,soundCheckPassed,6-A,6-A,145,47,2,Screen 1,Zone3,response_button_text,1571,,,o,1,1,0,0,,,,,1,Trial (Noise),o_subj73_m_toco_273.wav,Babble_079.wav,o,1,,6-A,noise,subj73,m,toco,273
238,1669953045024,02/12/2022 03:50:45,1669953044550,-6,01/12/2022 21:50:44,92237,21,task-bsko,,25622444,BLIND,7588880,,complete,,638974fc642773387b0fa186,mobile,Apple iPhone,iOS 15.6.1,Mobile Safari 15.6.1,414x896,800x364,,Audio Naming Task,26,Block 6-A,soundCheckPassed,6-A,6-A,81,48,1,Screen 2,fixation,fixation,367,,,,,0,1,0,,,,,1,Trial (Noise),i_subj12_f_quite_72.wav,Babble_127.wav,i,1,,6-A,noise,subj12,f,quite,72
239,1669953045024,02/12/2022 03:50:45,1669953044568,-6,01/12/2022 21:50:44,92237,21,task-bsko,,25622444,BLIND,7588880,,complete,,638974fc642773387b0fa186,mobile,Apple iPhone,iOS 15.6.1,Mobile Safari 15.6.1,414x896,800x364,,Audio Naming Task,26,Block 6-A,soundCheckPassed,6-A,6-A,81,48,2,Screen 1,Zone6,content_web_audio,2,,,AUDIO PLAY REQUESTED,1,0,1,0,,,,,1,Trial (Noise),i_subj12_f_quite_72.wav,Babble_127.wav,i,1,,6-A,noise,subj12,f,quite,72
240,1669953045024,02/12/2022 03:50:45,1669953044569,-6,01/12/2022 21:50:44,92237,21,task-bsko,,25622444,BLIND,7588880,,complete,,638974fc642773387b0fa186,mobile,Apple iPhone,iOS 15.6.1,Mobile Safari 15.6.1,414x896,800x364,,Audio Naming Task,26,Block 6-A,soundCheckPassed,6-A,6-A,81,48,2,Screen 1,Zone8,content_web_audio,3,,,AUDIO PLAY REQUESTED,1,0,1,0,,,,,1,Trial (Noise),i_subj12_f_quite_72.wav,Babble_127.wav,i,1,,6-A,noise,subj12,f,quite,72
241,1669953045024,02/12/2022 03:50:45,1669953044570,-6,01/12/2022 21:50:44,92237,21,task-bsko,,25622444,BLIND,7588880,,complete,,638974fc642773387b0fa186,mobile,Apple iPhone,iOS 15.6.1,Mobile Safari 15.6.1,414x896,800x364,,Audio Naming Task,26,Block 6-A,soundCheckPassed,6-A,6-A,81,48,2,Screen 1,Zone7,content_web_audio,3,,,AUDIO PLAY REQUESTED,1,0,1,0,,,,,1,Trial (Noise),i_subj12_f_quite_72.wav,Babble_127.wav,i,1,,6-A,noise,subj12,f,quite,72
242,1669953046104,02/12/2022 03:50:46,1669953045658,-6,01/12/2022 21:50:45,92237,21,task-bsko,,25622444,BLIND,7588880,,complete,,638974fc642773387b0fa186,mobile,Apple iPhone,iOS 15.6.1,Mobile Safari 15.6.1,414x896,800x364,,Audio Naming Task,26,Block 6-A,soundCheckPassed,6-A,6-A,81,48,2,Screen 1,Zone4,response_button_text,1091.0000000000146,,,i,1,1,0,0,,,,,1,Trial (Noise),i_subj12_f_quite_72.wav,Babble_127.wav,i,1,,6-A,noise,subj12,f,quite,72
243,1669953046608,02/12/2022 03:50:46,1669953046017,-6,01/12/2022 21:50:46,92237,21,task-bsko,,25622444,BLIND,7588880,,complete,,638974fc642773387b0fa186,mobile,Apple iPhone,iOS 15.6.1,Mobile Safari 15.6.1,414x896,800x364,,Audio Naming Task,26,Block 6-A,soundCheckPassed,6-A,6-A,103,49,1,Screen 2,fixation,fixation,366,,,,,0,1,0,,,,,1,Trial (Noise),i_subj11_m_pico_117.wav,Babble_126.wav,i,1,,6-A,noise,subj11,m,pico,117
244,1669953046994,02/12/2022 03:50:46,1669953046036,-6,01/12/2022 21:50:46,92237,21,task-bsko,,25622444,BLIND,7588880,,complete,,638974fc642773387b0fa186,mobile,Apple iPhone,iOS 15.6.1,Mobile Safari 15.6.1,414x896,800x364,,Audio Naming Task,26,Block 6-A,soundCheckPassed,6-A,6-A,103,49,2,Screen 1,Zone6,content_web_audio,2,,,AUDIO PLAY REQUESTED,1,0,1,0,,,,,1,Trial (Noise),i_subj11_m_pico_117.wav,Babble_126.wav,i,1,,6-A,noise,subj11,m,pico,117
245,1669953046994,02/12/2022 03:50:46,1669953046037,-6,01/12/2022 21:50:46,92237,21,task-bsko,,25622444,BLIND,7588880,,complete,,638974fc642773387b0fa186,mobile,Apple iPhone,iOS 15.6.1,Mobile Safari 15.6.1,414x896,800x364,,Audio Naming Task,26,Block 6-A,soundCheckPassed,6-A,6-A,103,49,2,Screen 1,Zone8,content_web_audio,3,,,AUDIO PLAY REQUESTED,1,0,1,0,,,,,1,Trial (Noise),i_subj11_m_pico_117.wav,Babble_126.wav,i,1,,6-A,noise,subj11,m,pico,117
246,1669953046994,02/12/2022 03:50:46,1669953046038,-6,01/12/2022 21:50:46,92237,21,task-bsko,,25622444,BLIND,7588880,,complete,,638974fc642773387b0fa186,mobile,Apple iPhone,iOS 15.6.1,Mobile Safari 15.6.1,414x896,800x364,,Audio Naming Task,26,Block 6-A,soundCheckPassed,6-A,6-A,103,49,2,Screen 1,Zone7,content_web_audio,4.000000000014552,,,AUDIO PLAY REQUESTED,1,0,1,0,,,,,1,Trial (Noise),i_subj11_m_pico_117.wav,Babble_126.wav,i,1,,6-A,noise,subj11,m,pico,117
247,1669953047861,02/12/2022 03:50:47,1669953047290,-6,01/12/2022 21:50:47,92237,21,task-bsko,,25622444,BLIND,7588880,,complete,,638974fc642773387b0fa186,mobile,Apple iPhone,iOS 15.6.1,Mobile Safari 15.6.1,414x896,800x364,,Audio Naming Task,26,Block 6-A,soundCheckPassed,6-A,6-A,103,49,2,Screen 1,Zone4,response_button_text,1255,,,i,1,1,0,0,,,,,1,Trial (Noise),i_subj11_m_pico_117.wav,Babble_126.wav,i,1,,6-A,noise,subj11,m,pico,117
248,1669953048085,02/12/2022 03:50:48,1669953047650,-6,01/12/2022 21:50:47,92237,21,task-bsko,,25622444,BLIND,7588880,,complete,,638974fc642773387b0fa186,mobile,Apple iPhone,iOS 15.6.1,Mobile Safari 15.6.1,414x896,800x364,,Audio Naming Task,26,Block 6-A,soundCheckPassed,6-A,6-A,92,50,1,Screen 2,fixation,fixation,367,,,,,0,1,0,,,,,1,Trial (Noise),i_subj2_f_pisa_156.wav,Babble_137.wav,i,1,,6-A,noise,subj2,f,pisa,156
249,1669953048085,02/12/2022 03:50:48,1669953047668,-6,01/12/2022 21:50:47,92237,21,task-bsko,,25622444,BLIND,7588880,,complete,,638974fc642773387b0fa186,mobile,Apple iPhone,iOS 15.6.1,Mobile Safari 15.6.1,414x896,800x364,,Audio Naming Task,26,Block 6-A,soundCheckPassed,6-A,6-A,92,50,2,Screen 1,Zone6,content_web_audio,1.999999999985448,,,AUDIO PLAY REQUESTED,1,0,1,0,,,,,1,Trial (Noise),i_subj2_f_pisa_156.wav,Babble_137.wav,i,1,,6-A,noise,subj2,f,pisa,156
250,1669953048085,02/12/2022 03:50:48,1669953047669,-6,01/12/2022 21:50:47,92237,21,task-bsko,,25622444,BLIND,7588880,,complete,,638974fc642773387b0fa186,mobile,Apple iPhone,iOS 15.6.1,Mobile Safari 15.6.1,414x896,800x364,,Audio Naming Task,26,Block 6-A,soundCheckPassed,6-A,6-A,92,50,2,Screen 1,Zone8,content_web_audio,3,,,AUDIO PLAY REQUESTED,1,0,1,0,,,,,1,Trial (Noise),i_subj2_f_pisa_156.wav,Babble_137.wav,i,1,,6-A,noise,subj2,f,pisa,156
251,1669953048085,02/12/2022 03:50:48,1669953047670,-6,01/12/2022 21:50:47,92237,21,task-bsko,,25622444,BLIND,7588880,,complete,,638974fc642773387b0fa186,mobile,Apple iPhone,iOS 15.6.1,Mobile Safari 15.6.1,414x896,800x364,,Audio Naming Task,26,Block 6-A,soundCheckPassed,6-A,6-A,92,50,2,Screen 1,Zone7,content_web_audio,3.999999999985448,,,AUDIO PLAY REQUESTED,1,0,1,0,,,,,1,Trial (Noise),i_subj2_f_pisa_156.wav,Babble_137.wav,i,1,,6-A,noise,subj2,f,pisa,156
252,1669953049213,02/12/2022 03:50:49,1669953048933,-6,01/12/2022 21:50:48,92237,21,task-bsko,,25622444,BLIND,7588880,,complete,,638974fc642773387b0fa186,mobile,Apple iPhone,iOS 15.6.1,Mobile Safari 15.6.1,414x896,800x364,,Audio Naming Task,26,Block 6-A,soundCheckPassed,6-A,6-A,92,50,2,Screen 1,Zone4,response_button_text,1265.9999999999854,,,i,1,1,0,0,,,,,1,Trial (Noise),i_subj2_f_pisa_156.wav,Babble_137.wav,i,1,,6-A,noise,subj2,f,pisa,156
253,1669953049732,02/12/2022 03:50:49,1669953049283,-6,01/12/2022 21:50:49,92237,21,task-bsko,,25622444,BLIND,7588880,,complete,,638974fc642773387b0fa186,mobile,Apple iPhone,iOS 15.6.1,Mobile Safari 15.6.1,414x896,800x364,,Audio Naming Task,26,Block 6-A,soundCheckPassed,6-A,6-A,193,51,1,Screen 2,fixation,fixation,367,,,,,0,1,0,,,,,1,Trial (Noise),u_subj41_f_cura_183.wav,Babble_071.wav,u,1,,6-A,noise,subj41,f,cura,183
254,1669953050106,02/12/2022 03:50:50,1669953049304,-6,01/12/2022 21:50:49,92237,21,task-bsko,,25622444,BLIND,7588880,,complete,,638974fc642773387b0fa186,mobile,Apple iPhone,iOS 15.6.1,Mobile Safari 15.6.1,414x896,800x364,,Audio Naming Task,26,Block 6-A,soundCheckPassed,6-A,6-A,193,51,2,Screen 1,Zone6,content_web_audio,3,,,AUDIO PLAY REQUESTED,1,0,1,0,,,,,1,Trial (Noise),u_subj41_f_cura_183.wav,Babble_071.wav,u,1,,6-A,noise,subj41,f,cura,183
255,1669953050106,02/12/2022 03:50:50,1669953049305,-6,01/12/2022 21:50:49,92237,21,task-bsko,,25622444,BLIND,7588880,,complete,,638974fc642773387b0fa186,mobile,Apple iPhone,iOS 15.6.1,Mobile Safari 15.6.1,414x896,800x364,,Audio Naming Task,26,Block 6-A,soundCheckPassed,6-A,6-A,193,51,2,Screen 1,Zone8,content_web_audio,4,,,AUDIO PLAY REQUESTED,1,0,1,0,,,,,1,Trial (Noise),u_subj41_f_cura_183.wav,Babble_071.wav,u,1,,6-A,noise,subj41,f,cura,183
256,1669953050106,02/12/2022 03:50:50,1669953049305,-6,01/12/2022 21:50:49,92237,21,task-bsko,,25622444,BLIND,7588880,,complete,,638974fc642773387b0fa186,mobile,Apple iPhone,iOS 15.6.1,Mobile Safari 15.6.1,414x896,800x364,,Audio Naming Task,26,Block 6-A,soundCheckPassed,6-A,6-A,193,51,2,Screen 1,Zone7,content_web_audio,5,,,AUDIO PLAY REQUESTED,1,0,1,0,,,,,1,Trial (Noise),u_subj41_f_cura_183.wav,Babble_071.wav,u,1,,6-A,noise,subj41,f,cura,183
257,1669953051015,02/12/2022 03:50:51,1669953050534,-6,01/12/2022 21:50:50,92237,21,task-bsko,,25622444,BLIND,7588880,,complete,,638974fc642773387b0fa186,mobile,Apple iPhone,iOS 15.6.1,Mobile Safari 15.6.1,414x896,800x364,,Audio Naming Task,26,Block 6-A,soundCheckPassed,6-A,6-A,193,51,2,Screen 1,Zone2,response_button_text,1231.0000000000146,,,u,1,1,0,0,,,,,1,Trial (Noise),u_subj41_f_cura_183.wav,Babble_071.wav,u,1,,6-A,noise,subj41,f,cura,183
258,1669953051215,02/12/2022 03:50:51,1669953050883,-6,01/12/2022 21:50:50,92237,21,task-bsko,,25622444,BLIND,7588880,,complete,,638974fc642773387b0fa186,mobile,Apple iPhone,iOS 15.6.1,Mobile Safari 15.6.1,414x896,800x364,,Audio Naming Task,26,Block 6-A,soundCheckPassed,6-A,6-A,126,52,1,Screen 2,fixation,fixation,367,,,,,0,1,0,,,,,1,Trial (Noise),o_subj21_f_toca_77.wav,Babble_000.wav,o,1,,6-A,noise,subj21,f,toca,77
259,1669953051215,02/12/2022 03:50:51,1669953050904,-6,01/12/2022 21:50:50,92237,21,task-bsko,,25622444,BLIND,7588880,,complete,,638974fc642773387b0fa186,mobile,Apple iPhone,iOS 15.6.1,Mobile Safari 15.6.1,414x896,800x364,,Audio Naming Task,26,Block 6-A,soundCheckPassed,6-A,6-A,126,52,2,Screen 1,Zone6,content_web_audio,3,,,AUDIO PLAY REQUESTED,1,0,1,0,,,,,1,Trial (Noise),o_subj21_f_toca_77.wav,Babble_000.wav,o,1,,6-A,noise,subj21,f,toca,77
260,1669953051215,02/12/2022 03:50:51,1669953050905,-6,01/12/2022 21:50:50,92237,21,task-bsko,,25622444,BLIND,7588880,,complete,,638974fc642773387b0fa186,mobile,Apple iPhone,iOS 15.6.1,Mobile Safari 15.6.1,414x896,800x364,,Audio Naming Task,26,Block 6-A,soundCheckPassed,6-A,6-A,126,52,2,Screen 1,Zone8,content_web_audio,3.999999999985448,,,AUDIO PLAY REQUESTED,1,0,1,0,,,,,1,Trial (Noise),o_subj21_f_toca_77.wav,Babble_000.wav,o,1,,6-A,noise,subj21,f,toca,77
261,1669953051215,02/12/2022 03:50:51,1669953050906,-6,01/12/2022 21:50:50,92237,21,task-bsko,,25622444,BLIND,7588880,,complete,,638974fc642773387b0fa186,mobile,Apple iPhone,iOS 15.6.1,Mobile Safari 15.6.1,414x896,800x364,,Audio Naming Task,26,Block 6-A,soundCheckPassed,6-A,6-A,126,52,2,Screen 1,Zone7,content_web_audio,4.999999999985448,,,AUDIO PLAY REQUESTED,1,0,1,0,,,,,1,Trial (Noise),o_subj21_f_toca_77.wav,Babble_000.wav,o,1,,6-A,noise,subj21,f,toca,77
262,1669953052270,02/12/2022 03:50:52,1669953051958,-6,01/12/2022 21:50:51,92237,21,task-bsko,,25622444,BLIND,7588880,,complete,,638974fc642773387b0fa186,mobile,Apple iPhone,iOS 15.6.1,Mobile Safari 15.6.1,414x896,800x364,,Audio Naming Task,26,Block 6-A,soundCheckPassed,6-A,6-A,126,52,2,Screen 1,Zone3,response_button_text,1054.9999999999854,,,o,1,1,0,0,,,,,1,Trial (Noise),o_subj21_f_toca_77.wav,Babble_000.wav,o,1,,6-A,noise,subj21,f,toca,77
263,1669953052731,02/12/2022 03:50:52,1669953052283,-6,01/12/2022 21:50:52,92237,21,task-bsko,,25622444,BLIND,7588880,,complete,,638974fc642773387b0fa186,mobile,Apple iPhone,iOS 15.6.1,Mobile Safari 15.6.1,414x896,800x364,,Audio Naming Task,26,Block 6-A,soundCheckPassed,6-A,6-A,97,53,1,Screen 2,fixation,fixation,334,,,,,0,1,0,,,,,1,Trial (Noise),i_subj23_f_pisa_207.wav,Babble_081.wav,i,1,,6-A,noise,subj23,f,pisa,207
264,1669953053205,02/12/2022 03:50:53,1669953052304,-6,01/12/2022 21:50:52,92237,21,task-bsko,,25622444,BLIND,7588880,,complete,,638974fc642773387b0fa186,mobile,Apple iPhone,iOS 15.6.1,Mobile Safari 15.6.1,414x896,800x364,,Audio Naming Task,26,Block 6-A,soundCheckPassed,6-A,6-A,97,53,2,Screen 1,Zone6,content_web_audio,2,,,AUDIO PLAY REQUESTED,1,0,1,0,,,,,1,Trial (Noise),i_subj23_f_pisa_207.wav,Babble_081.wav,i,1,,6-A,noise,subj23,f,pisa,207
265,1669953053205,02/12/2022 03:50:53,1669953052305,-6,01/12/2022 21:50:52,92237,21,task-bsko,,25622444,BLIND,7588880,,complete,,638974fc642773387b0fa186,mobile,Apple iPhone,iOS 15.6.1,Mobile Safari 15.6.1,414x896,800x364,,Audio Naming Task,26,Block 6-A,soundCheckPassed,6-A,6-A,97,53,2,Screen 1,Zone8,content_web_audio,3,,,AUDIO PLAY REQUESTED,1,0,1,0,,,,,1,Trial (Noise),i_subj23_f_pisa_207.wav,Babble_081.wav,i,1,,6-A,noise,subj23,f,pisa,207
266,1669953053205,02/12/2022 03:50:53,1669953052306,-6,01/12/2022 21:50:52,92237,21,task-bsko,,25622444,BLIND,7588880,,complete,,638974fc642773387b0fa186,mobile,Apple iPhone,iOS 15.6.1,Mobile Safari 15.6.1,414x896,800x364,,Audio Naming Task,26,Block 6-A,soundCheckPassed,6-A,6-A,97,53,2,Screen 1,Zone7,content_web_audio,4,,,AUDIO PLAY REQUESTED,1,0,1,0,,,,,1,Trial (Noise),i_subj23_f_pisa_207.wav,Babble_081.wav,i,1,,6-A,noise,subj23,f,pisa,207
267,1669953053920,02/12/2022 03:50:53,1669953053399,-6,01/12/2022 21:50:53,92237,21,task-bsko,,25622444,BLIND,7588880,,complete,,638974fc642773387b0fa186,mobile,Apple iPhone,iOS 15.6.1,Mobile Safari 15.6.1,414x896,800x364,,Audio Naming Task,26,Block 6-A,soundCheckPassed,6-A,6-A,97,53,2,Screen 1,Zone4,response_button_text,1095,,,i,1,1,0,0,,,,,1,Trial (Noise),i_subj23_f_pisa_207.wav,Babble_081.wav,i,1,,6-A,noise,subj23,f,pisa,207
268,1669953054120,02/12/2022 03:50:54,1669953053750,-6,01/12/2022 21:50:53,92237,21,task-bsko,,25622444,BLIND,7588880,,complete,,638974fc642773387b0fa186,mobile,Apple iPhone,iOS 15.6.1,Mobile Safari 15.6.1,414x896,800x364,,Audio Naming Task,26,Block 6-A,soundCheckPassed,6-A,6-A,75,54,1,Screen 2,fixation,fixation,367,,,,,0,1,0,,,,,1,Trial (Noise),e_subj16_f_seso_154.wav,Babble_180.wav,e,1,,6-A,noise,subj16,f,seso,154
269,1669953054120,02/12/2022 03:50:54,1669953053768,-6,01/12/2022 21:50:53,92237,21,task-bsko,,25622444,BLIND,7588880,,complete,,638974fc642773387b0fa186,mobile,Apple iPhone,iOS 15.6.1,Mobile Safari 15.6.1,414x896,800x364,,Audio Naming Task,26,Block 6-A,soundCheckPassed,6-A,6-A,75,54,2,Screen 1,Zone6,content_web_audio,2,,,AUDIO PLAY REQUESTED,1,0,1,0,,,,,1,Trial (Noise),e_subj16_f_seso_154.wav,Babble_180.wav,e,1,,6-A,noise,subj16,f,seso,154
270,1669953054120,02/12/2022 03:50:54,1669953053769,-6,01/12/2022 21:50:53,92237,21,task-bsko,,25622444,BLIND,7588880,,complete,,638974fc642773387b0fa186,mobile,Apple iPhone,iOS 15.6.1,Mobile Safari 15.6.1,414x896,800x364,,Audio Naming Task,26,Block 6-A,soundCheckPassed,6-A,6-A,75,54,2,Screen 1,Zone8,content_web_audio,4.000000000014552,,,AUDIO PLAY REQUESTED,1,0,1,0,,,,,1,Trial (Noise),e_subj16_f_seso_154.wav,Babble_180.wav,e,1,,6-A,noise,subj16,f,seso,154
271,1669953054120,02/12/2022 03:50:54,1669953053770,-6,01/12/2022 21:50:53,92237,21,task-bsko,,25622444,BLIND,7588880,,complete,,638974fc642773387b0fa186,mobile,Apple iPhone,iOS 15.6.1,Mobile Safari 15.6.1,414x896,800x364,,Audio Naming Task,26,Block 6-A,soundCheckPassed,6-A,6-A,75,54,2,Screen 1,Zone7,content_web_audio,4.000000000014552,,,AUDIO PLAY REQUESTED,1,0,1,0,,,,,1,Trial (Noise),e_subj16_f_seso_154.wav,Babble_180.wav,e,1,,6-A,noise,subj16,f,seso,154
272,1669953055129,02/12/2022 03:50:55,1669953054790,-6,01/12/2022 21:50:54,92237,21,task-bsko,,25622444,BLIND,7588880,,complete,,638974fc642773387b0fa186,mobile,Apple iPhone,iOS 15.6.1,Mobile Safari 15.6.1,414x896,800x364,,Audio Naming Task,26,Block 6-A,soundCheckPassed,6-A,6-A,75,54,2,Screen 1,Zone5,response_button_text,1023,,,e,1,1,0,0,,,,,1,Trial (Noise),e_subj16_f_seso_154.wav,Babble_180.wav,e,1,,6-A,noise,subj16,f,seso,154
273,1669953055578,02/12/2022 03:50:55,1669953055116,-6,01/12/2022 21:50:55,92237,21,task-bsko,,25622444,BLIND,7588880,,complete,,638974fc642773387b0fa186,mobile,Apple iPhone,iOS 15.6.1,Mobile Safari 15.6.1,414x896,800x364,,Audio Naming Task,26,Block 6-A,soundCheckPassed,6-A,6-A,49,55,1,Screen 2,fixation,fixation,334,,,,,0,1,0,,,,,1,Trial (Noise),e_subj67_m_peca_105.wav,Babble_041.wav,e,1,,6-A,noise,subj67,m,peca,105
274,1669953056043,02/12/2022 03:50:56,1669953055137,-6,01/12/2022 21:50:55,92237,21,task-bsko,,25622444,BLIND,7588880,,complete,,638974fc642773387b0fa186,mobile,Apple iPhone,iOS 15.6.1,Mobile Safari 15.6.1,414x896,800x364,,Audio Naming Task,26,Block 6-A,soundCheckPassed,6-A,6-A,49,55,2,Screen 1,Zone6,content_web_audio,2,,,AUDIO PLAY REQUESTED,1,0,1,0,,,,,1,Trial (Noise),e_subj67_m_peca_105.wav,Babble_041.wav,e,1,,6-A,noise,subj67,m,peca,105
275,1669953056043,02/12/2022 03:50:56,1669953055139,-6,01/12/2022 21:50:55,92237,21,task-bsko,,25622444,BLIND,7588880,,complete,,638974fc642773387b0fa186,mobile,Apple iPhone,iOS 15.6.1,Mobile Safari 15.6.1,414x896,800x364,,Audio Naming Task,26,Block 6-A,soundCheckPassed,6-A,6-A,49,55,2,Screen 1,Zone8,content_web_audio,4.000000000014552,,,AUDIO PLAY REQUESTED,1,0,1,0,,,,,1,Trial (Noise),e_subj67_m_peca_105.wav,Babble_041.wav,e,1,,6-A,noise,subj67,m,peca,105
276,1669953056043,02/12/2022 03:50:56,1669953055140,-6,01/12/2022 21:50:55,92237,21,task-bsko,,25622444,BLIND,7588880,,complete,,638974fc642773387b0fa186,mobile,Apple iPhone,iOS 15.6.1,Mobile Safari 15.6.1,414x896,800x364,,Audio Naming Task,26,Block 6-A,soundCheckPassed,6-A,6-A,49,55,2,Screen 1,Zone7,content_web_audio,5,,,AUDIO PLAY REQUESTED,1,0,1,0,,,,,1,Trial (Noise),e_subj67_m_peca_105.wav,Babble_041.wav,e,1,,6-A,noise,subj67,m,peca,105
277,1669953056644,02/12/2022 03:50:56,1669953056156,-6,01/12/2022 21:50:56,92237,21,task-bsko,,25622444,BLIND,7588880,,complete,,638974fc642773387b0fa186,mobile,Apple iPhone,iOS 15.6.1,Mobile Safari 15.6.1,414x896,800x364,,Audio Naming Task,26,Block 6-A,soundCheckPassed,6-A,6-A,49,55,2,Screen 1,Zone5,response_button_text,1020,,,e,1,1,0,0,,,,,1,Trial (Noise),e_subj67_m_peca_105.wav,Babble_041.wav,e,1,,6-A,noise,subj67,m,peca,105
278,1669953056865,02/12/2022 03:50:56,1669953056516,-6,01/12/2022 21:50:56,92237,21,task-bsko,,25622444,BLIND,7588880,,complete,,638974fc642773387b0fa186,mobile,Apple iPhone,iOS 15.6.1,Mobile Safari 15.6.1,414x896,800x364,,Audio Naming Task,26,Block 6-A,soundCheckPassed,6-A,6-A,186,56,1,Screen 2,fixation,fixation,367,,,,,0,1,0,,,,,1,Trial (Noise),u_subj42_f_pura_203.wav,Babble_085.wav,u,1,,6-A,noise,subj42,f,pura,203
279,1669953056865,02/12/2022 03:50:56,1669953056535,-6,01/12/2022 21:50:56,92237,21,task-bsko,,25622444,BLIND,7588880,,complete,,638974fc642773387b0fa186,mobile,Apple iPhone,iOS 15.6.1,Mobile Safari 15.6.1,414x896,800x364,,Audio Naming Task,26,Block 6-A,soundCheckPassed,6-A,6-A,186,56,2,Screen 1,Zone6,content_web_audio,2.000000000014552,,,AUDIO PLAY REQUESTED,1,0,1,0,,,,,1,Trial (Noise),u_subj42_f_pura_203.wav,Babble_085.wav,u,1,,6-A,noise,subj42,f,pura,203
280,1669953056865,02/12/2022 03:50:56,1669953056536,-6,01/12/2022 21:50:56,92237,21,task-bsko,,25622444,BLIND,7588880,,complete,,638974fc642773387b0fa186,mobile,Apple iPhone,iOS 15.6.1,Mobile Safari 15.6.1,414x896,800x364,,Audio Naming Task,26,Block 6-A,soundCheckPassed,6-A,6-A,186,56,2,Screen 1,Zone8,content_web_audio,3,,,AUDIO PLAY REQUESTED,1,0,1,0,,,,,1,Trial (Noise),u_subj42_f_pura_203.wav,Babble_085.wav,u,1,,6-A,noise,subj42,f,pura,203
281,1669953056865,02/12/2022 03:50:56,1669953056537,-6,01/12/2022 21:50:56,92237,21,task-bsko,,25622444,BLIND,7588880,,complete,,638974fc642773387b0fa186,mobile,Apple iPhone,iOS 15.6.1,Mobile Safari 15.6.1,414x896,800x364,,Audio Naming Task,26,Block 6-A,soundCheckPassed,6-A,6-A,186,56,2,Screen 1,Zone7,content_web_audio,4,,,AUDIO PLAY REQUESTED,1,0,1,0,,,,,1,Trial (Noise),u_subj42_f_pura_203.wav,Babble_085.wav,u,1,,6-A,noise,subj42,f,pura,203
282,1669953058320,02/12/2022 03:50:58,1669953057857,-6,01/12/2022 21:50:57,92237,21,task-bsko,,25622444,BLIND,7588880,,complete,,638974fc642773387b0fa186,mobile,Apple iPhone,iOS 15.6.1,Mobile Safari 15.6.1,414x896,800x364,,Audio Naming Task,26,Block 6-A,soundCheckPassed,6-A,6-A,186,56,2,Screen 1,Zone2,response_button_text,1323,,,u,1,1,0,0,,,,,1,Trial (Noise),u_subj42_f_pura_203.wav,Babble_085.wav,u,1,,6-A,noise,subj42,f,pura,203
283,1669953058538,02/12/2022 03:50:58,1669953058216,-6,01/12/2022 21:50:58,92237,21,task-bsko,,25622444,BLIND,7588880,,complete,,638974fc642773387b0fa186,mobile,Apple iPhone,iOS 15.6.1,Mobile Safari 15.6.1,414x896,800x364,,Audio Naming Task,26,Block 6-A,soundCheckPassed,6-A,6-A,169,57,1,Screen 2,fixation,fixation,367,,,,,0,1,0,,,,,1,Trial (Noise),u_subj11_m_supo_206.wav,Babble_138.wav,u,1,,6-A,noise,subj11,m,supo,206
284,1669953058538,02/12/2022 03:50:58,1669953058234,-6,01/12/2022 21:50:58,92237,21,task-bsko,,25622444,BLIND,7588880,,complete,,638974fc642773387b0fa186,mobile,Apple iPhone,iOS 15.6.1,Mobile Safari 15.6.1,414x896,800x364,,Audio Naming Task,26,Block 6-A,soundCheckPassed,6-A,6-A,169,57,2,Screen 1,Zone6,content_web_audio,2,,,AUDIO PLAY REQUESTED,1,0,1,0,,,,,1,Trial (Noise),u_subj11_m_supo_206.wav,Babble_138.wav,u,1,,6-A,noise,subj11,m,supo,206
285,1669953058538,02/12/2022 03:50:58,1669953058235,-6,01/12/2022 21:50:58,92237,21,task-bsko,,25622444,BLIND,7588880,,complete,,638974fc642773387b0fa186,mobile,Apple iPhone,iOS 15.6.1,Mobile Safari 15.6.1,414x896,800x364,,Audio Naming Task,26,Block 6-A,soundCheckPassed,6-A,6-A,169,57,2,Screen 1,Zone8,content_web_audio,3,,,AUDIO PLAY REQUESTED,1,0,1,0,,,,,1,Trial (Noise),u_subj11_m_supo_206.wav,Babble_138.wav,u,1,,6-A,noise,subj11,m,supo,206
286,1669953058538,02/12/2022 03:50:58,1669953058236,-6,01/12/2022 21:50:58,92237,21,task-bsko,,25622444,BLIND,7588880,,complete,,638974fc642773387b0fa186,mobile,Apple iPhone,iOS 15.6.1,Mobile Safari 15.6.1,414x896,800x364,,Audio Naming Task,26,Block 6-A,soundCheckPassed,6-A,6-A,169,57,2,Screen 1,Zone7,content_web_audio,3,,,AUDIO PLAY REQUESTED,1,0,1,0,,,,,1,Trial (Noise),u_subj11_m_supo_206.wav,Babble_138.wav,u,1,,6-A,noise,subj11,m,supo,206
287,1669953060573,02/12/2022 03:51:00,1669953060031,-6,01/12/2022 21:51:00,92237,21,task-bsko,,25622444,BLIND,7588880,,complete,,638974fc642773387b0fa186,mobile,Apple iPhone,iOS 15.6.1,Mobile Safari 15.6.1,414x896,800x364,,Audio Naming Task,26,Block 6-A,soundCheckPassed,6-A,6-A,169,57,2,Screen 1,Zone5,response_button_text,1797,,,e,1,0,1,0,,,,,1,Trial (Noise),u_subj11_m_supo_206.wav,Babble_138.wav,u,1,,6-A,noise,subj11,m,supo,206
288,1669953060760,02/12/2022 03:51:00,1669953060349,-6,01/12/2022 21:51:00,92237,21,task-bsko,,25622444,BLIND,7588880,,complete,,638974fc642773387b0fa186,mobile,Apple iPhone,iOS 15.6.1,Mobile Safari 15.6.1,414x896,800x364,,Audio Naming Task,26,Block 6-A,soundCheckPassed,6-A,6-A,133,58,1,Screen 2,fixation,fixation,333,,,,,0,1,0,,,,,1,Trial (Noise),o_subj17_f_voto_302.wav,Babble_060.wav,o,1,,6-A,noise,subj17,f,voto,302
289,1669953060760,02/12/2022 03:51:00,1669953060367,-6,01/12/2022 21:51:00,92237,21,task-bsko,,25622444,BLIND,7588880,,complete,,638974fc642773387b0fa186,mobile,Apple iPhone,iOS 15.6.1,Mobile Safari 15.6.1,414x896,800x364,,Audio Naming Task,26,Block 6-A,soundCheckPassed,6-A,6-A,133,58,2,Screen 1,Zone6,content_web_audio,2,,,AUDIO PLAY REQUESTED,1,0,1,0,,,,,1,Trial (Noise),o_subj17_f_voto_302.wav,Babble_060.wav,o,1,,6-A,noise,subj17,f,voto,302
290,1669953060760,02/12/2022 03:51:00,1669953060368,-6,01/12/2022 21:51:00,92237,21,task-bsko,,25622444,BLIND,7588880,,complete,,638974fc642773387b0fa186,mobile,Apple iPhone,iOS 15.6.1,Mobile Safari 15.6.1,414x896,800x364,,Audio Naming Task,26,Block 6-A,soundCheckPassed,6-A,6-A,133,58,2,Screen 1,Zone8,content_web_audio,3,,,AUDIO PLAY REQUESTED,1,0,1,0,,,,,1,Trial (Noise),o_subj17_f_voto_302.wav,Babble_060.wav,o,1,,6-A,noise,subj17,f,voto,302
291,1669953060760,02/12/2022 03:51:00,1669953060369,-6,01/12/2022 21:51:00,92237,21,task-bsko,,25622444,BLIND,7588880,,complete,,638974fc642773387b0fa186,mobile,Apple iPhone,iOS 15.6.1,Mobile Safari 15.6.1,414x896,800x364,,Audio Naming Task,26,Block 6-A,soundCheckPassed,6-A,6-A,133,58,2,Screen 1,Zone7,content_web_audio,4,,,AUDIO PLAY REQUESTED,1,0,1,0,,,,,1,Trial (Noise),o_subj17_f_voto_302.wav,Babble_060.wav,o,1,,6-A,noise,subj17,f,voto,302
292,1669953061976,02/12/2022 03:51:01,1669953061445,-6,01/12/2022 21:51:01,92237,21,task-bsko,,25622444,BLIND,7588880,,complete,,638974fc642773387b0fa186,mobile,Apple iPhone,iOS 15.6.1,Mobile Safari 15.6.1,414x896,800x364,,Audio Naming Task,26,Block 6-A,soundCheckPassed,6-A,6-A,133,58,2,Screen 1,Zone3,response_button_text,1080,,,o,1,1,0,0,,,,,1,Trial (Noise),o_subj17_f_voto_302.wav,Babble_060.wav,o,1,,6-A,noise,subj17,f,voto,302
293,1669953062180,02/12/2022 03:51:02,1669953061749,-6,01/12/2022 21:51:01,92237,21,task-bsko,,25622444,BLIND,7588880,,complete,,638974fc642773387b0fa186,mobile,Apple iPhone,iOS 15.6.1,Mobile Safari 15.6.1,414x896,800x364,,Audio Naming Task,26,Block 6-A,soundCheckPassed,6-A,6-A,194,59,1,Screen 2,fixation,fixation,333,,,,,0,1,0,,,,,1,Trial (Noise),u_subj17_f_cuco_231.wav,Babble_086.wav,u,1,,6-A,noise,subj17,f,cuco,231
294,1669953062180,02/12/2022 03:51:02,1669953061768,-6,01/12/2022 21:51:01,92237,21,task-bsko,,25622444,BLIND,7588880,,complete,,638974fc642773387b0fa186,mobile,Apple iPhone,iOS 15.6.1,Mobile Safari 15.6.1,414x896,800x364,,Audio Naming Task,26,Block 6-A,soundCheckPassed,6-A,6-A,194,59,2,Screen 1,Zone6,content_web_audio,1.999999999985448,,,AUDIO PLAY REQUESTED,1,0,1,0,,,,,1,Trial (Noise),u_subj17_f_cuco_231.wav,Babble_086.wav,u,1,,6-A,noise,subj17,f,cuco,231
295,1669953062180,02/12/2022 03:51:02,1669953061770,-6,01/12/2022 21:51:01,92237,21,task-bsko,,25622444,BLIND,7588880,,complete,,638974fc642773387b0fa186,mobile,Apple iPhone,iOS 15.6.1,Mobile Safari 15.6.1,414x896,800x364,,Audio Naming Task,26,Block 6-A,soundCheckPassed,6-A,6-A,194,59,2,Screen 1,Zone8,content_web_audio,3,,,AUDIO PLAY REQUESTED,1,0,1,0,,,,,1,Trial (Noise),u_subj17_f_cuco_231.wav,Babble_086.wav,u,1,,6-A,noise,subj17,f,cuco,231
296,1669953062180,02/12/2022 03:51:02,1669953061770,-6,01/12/2022 21:51:01,92237,21,task-bsko,,25622444,BLIND,7588880,,complete,,638974fc642773387b0fa186,mobile,Apple iPhone,iOS 15.6.1,Mobile Safari 15.6.1,414x896,800x364,,Audio Naming Task,26,Block 6-A,soundCheckPassed,6-A,6-A,194,59,2,Screen 1,Zone7,content_web_audio,3.999999999985448,,,AUDIO PLAY REQUESTED,1,0,1,0,,,,,1,Trial (Noise),u_subj17_f_cuco_231.wav,Babble_086.wav,u,1,,6-A,noise,subj17,f,cuco,231
297,1669953063226,02/12/2022 03:51:03,1669953062856,-6,01/12/2022 21:51:02,92237,21,task-bsko,,25622444,BLIND,7588880,,complete,,638974fc642773387b0fa186,mobile,Apple iPhone,iOS 15.6.1,Mobile Safari 15.6.1,414x896,800x364,,Audio Naming Task,26,Block 6-A,soundCheckPassed,6-A,6-A,194,59,2,Screen 1,Zone2,response_button_text,1087.9999999999854,,,u,1,1,0,0,,,,,1,Trial (Noise),u_subj17_f_cuco_231.wav,Babble_086.wav,u,1,,6-A,noise,subj17,f,cuco,231
298,1669953063726,02/12/2022 03:51:03,1669953063215,-6,01/12/2022 21:51:03,92237,21,task-bsko,,25622444,BLIND,7588880,,complete,,638974fc642773387b0fa186,mobile,Apple iPhone,iOS 15.6.1,Mobile Safari 15.6.1,414x896,800x364,,Audio Naming Task,26,Block 6-A,soundCheckPassed,6-A,6-A,22,60,1,Screen 2,fixation,fixation,366,,,,,0,1,0,,,,,1,Trial (Noise),a_subj27_f_saque_216.wav,Babble_192.wav,a,1,,6-A,noise,subj27,f,saque,216
299,1669953064205,02/12/2022 03:51:04,1669953063235,-6,01/12/2022 21:51:03,92237,21,task-bsko,,25622444,BLIND,7588880,,complete,,638974fc642773387b0fa186,mobile,Apple iPhone,iOS 15.6.1,Mobile Safari 15.6.1,414x896,800x364,,Audio Naming Task,26,Block 6-A,soundCheckPassed,6-A,6-A,22,60,2,Screen 1,Zone6,content_web_audio,1,,,AUDIO PLAY REQUESTED,1,0,1,0,,,,,1,Trial (Noise),a_subj27_f_saque_216.wav,Babble_192.wav,a,1,,6-A,noise,subj27,f,saque,216
300,1669953064205,02/12/2022 03:51:04,1669953063236,-6,01/12/2022 21:51:03,92237,21,task-bsko,,25622444,BLIND,7588880,,complete,,638974fc642773387b0fa186,mobile,Apple iPhone,iOS 15.6.1,Mobile Safari 15.6.1,414x896,800x364,,Audio Naming Task,26,Block 6-A,soundCheckPassed,6-A,6-A,22,60,2,Screen 1,Zone8,content_web_audio,2,,,AUDIO PLAY REQUESTED,1,0,1,0,,,,,1,Trial (Noise),a_subj27_f_saque_216.wav,Babble_192.wav,a,1,,6-A,noise,subj27,f,saque,216
301,1669953064205,02/12/2022 03:51:04,1669953063237,-6,01/12/2022 21:51:03,92237,21,task-bsko,,25622444,BLIND,7588880,,complete,,638974fc642773387b0fa186,mobile,Apple iPhone,iOS 15.6.1,Mobile Safari 15.6.1,414x896,800x364,,Audio Naming Task,26,Block 6-A,soundCheckPassed,6-A,6-A,22,60,2,Screen 1,Zone7,content_web_audio,3,,,AUDIO PLAY REQUESTED,1,0,1,0,,,,,1,Trial (Noise),a_subj27_f_saque_216.wav,Babble_192.wav,a,1,,6-A,noise,subj27,f,saque,216
302,1669953064843,02/12/2022 03:51:04,1669953064340,-6,01/12/2022 21:51:04,92237,21,task-bsko,,25622444,BLIND,7588880,,complete,,638974fc642773387b0fa186,mobile,Apple iPhone,iOS 15.6.1,Mobile Safari 15.6.1,414x896,800x364,,Audio Naming Task,26,Block 6-A,soundCheckPassed,6-A,6-A,22,60,2,Screen 1,Zone1,response_button_text,1105,,,a,1,1,0,0,,,,,1,Trial (Noise),a_subj27_f_saque_216.wav,Babble_192.wav,a,1,,6-A,noise,subj27,f,saque,216
303,1669953065035,02/12/2022 03:51:05,1669953064649,-6,01/12/2022 21:51:04,92237,21,task-bsko,,25622444,BLIND,7588880,,complete,,638974fc642773387b0fa186,mobile,Apple iPhone,iOS 15.6.1,Mobile Safari 15.6.1,414x896,800x364,,Audio Naming Task,26,Block 6-A,soundCheckPassed,6-A,6-A,2,61,1,Screen 2,fixation,fixation,334,,,,,0,1,0,,,,,1,Trial (Noise),a_subj4_f_saca_300.wav,Babble_012.wav,a,1,,6-A,noise,subj4,f,saca,300
304,1669953065035,02/12/2022 03:51:05,1669953064666,-6,01/12/2022 21:51:04,92237,21,task-bsko,,25622444,BLIND,7588880,,complete,,638974fc642773387b0fa186,mobile,Apple iPhone,iOS 15.6.1,Mobile Safari 15.6.1,414x896,800x364,,Audio Naming Task,26,Block 6-A,soundCheckPassed,6-A,6-A,2,61,2,Screen 1,Zone6,content_web_audio,2.000000000014552,,,AUDIO PLAY REQUESTED,1,0,1,0,,,,,1,Trial (Noise),a_subj4_f_saca_300.wav,Babble_012.wav,a,1,,6-A,noise,subj4,f,saca,300
305,1669953065035,02/12/2022 03:51:05,1669953064667,-6,01/12/2022 21:51:04,92237,21,task-bsko,,25622444,BLIND,7588880,,complete,,638974fc642773387b0fa186,mobile,Apple iPhone,iOS 15.6.1,Mobile Safari 15.6.1,414x896,800x364,,Audio Naming Task,26,Block 6-A,soundCheckPassed,6-A,6-A,2,61,2,Screen 1,Zone8,content_web_audio,4,,,AUDIO PLAY REQUESTED,1,0,1,0,,,,,1,Trial (Noise),a_subj4_f_saca_300.wav,Babble_012.wav,a,1,,6-A,noise,subj4,f,saca,300
306,1669953065035,02/12/2022 03:51:05,1669953064668,-6,01/12/2022 21:51:04,92237,21,task-bsko,,25622444,BLIND,7588880,,complete,,638974fc642773387b0fa186,mobile,Apple iPhone,iOS 15.6.1,Mobile Safari 15.6.1,414x896,800x364,,Audio Naming Task,26,Block 6-A,soundCheckPassed,6-A,6-A,2,61,2,Screen 1,Zone7,content_web_audio,5.000000000014552,,,AUDIO PLAY REQUESTED,1,0,1,0,,,,,1,Trial (Noise),a_subj4_f_saca_300.wav,Babble_012.wav,a,1,,6-A,noise,subj4,f,saca,300
307,1669953066102,02/12/2022 03:51:06,1669953065823,-6,01/12/2022 21:51:05,92237,21,task-bsko,,25622444,BLIND,7588880,,complete,,638974fc642773387b0fa186,mobile,Apple iPhone,iOS 15.6.1,Mobile Safari 15.6.1,414x896,800x364,,Audio Naming Task,26,Block 6-A,soundCheckPassed,6-A,6-A,2,61,2,Screen 1,Zone1,response_button_text,1158,,,a,1,1,0,0,,,,,1,Trial (Noise),a_subj4_f_saca_300.wav,Babble_012.wav,a,1,,6-A,noise,subj4,f,saca,300
308,1669953066685,02/12/2022 03:51:06,1669953066149,-6,01/12/2022 21:51:06,92237,21,task-bsko,,25622444,BLIND,7588880,,complete,,638974fc642773387b0fa186,mobile,Apple iPhone,iOS 15.6.1,Mobile Safari 15.6.1,414x896,800x364,,Audio Naming Task,26,Block 6-A,soundCheckPassed,6-A,6-A,114,62,1,Screen 2,fixation,fixation,334,,,,,0,1,0,,,,,1,Trial (Noise),i_subj14_m_pisa_61.wav,Babble_036.wav,i,1,,6-A,noise,subj14,m,pisa,61
309,1669953067106,02/12/2022 03:51:07,1669953066169,-6,01/12/2022 21:51:06,92237,21,task-bsko,,25622444,BLIND,7588880,,complete,,638974fc642773387b0fa186,mobile,Apple iPhone,iOS 15.6.1,Mobile Safari 15.6.1,414x896,800x364,,Audio Naming Task,26,Block 6-A,soundCheckPassed,6-A,6-A,114,62,2,Screen 1,Zone6,content_web_audio,2.000000000014552,,,AUDIO PLAY REQUESTED,1,0,1,0,,,,,1,Trial (Noise),i_subj14_m_pisa_61.wav,Babble_036.wav,i,1,,6-A,noise,subj14,m,pisa,61
310,1669953067106,02/12/2022 03:51:07,1669953066170,-6,01/12/2022 21:51:06,92237,21,task-bsko,,25622444,BLIND,7588880,,complete,,638974fc642773387b0fa186,mobile,Apple iPhone,iOS 15.6.1,Mobile Safari 15.6.1,414x896,800x364,,Audio Naming Task,26,Block 6-A,soundCheckPassed,6-A,6-A,114,62,2,Screen 1,Zone8,content_web_audio,4,,,AUDIO PLAY REQUESTED,1,0,1,0,,,,,1,Trial (Noise),i_subj14_m_pisa_61.wav,Babble_036.wav,i,1,,6-A,noise,subj14,m,pisa,61
311,1669953067106,02/12/2022 03:51:07,1669953066171,-6,01/12/2022 21:51:06,92237,21,task-bsko,,25622444,BLIND,7588880,,complete,,638974fc642773387b0fa186,mobile,Apple iPhone,iOS 15.6.1,Mobile Safari 15.6.1,414x896,800x364,,Audio Naming Task,26,Block 6-A,soundCheckPassed,6-A,6-A,114,62,2,Screen 1,Zone7,content_web_audio,4,,,AUDIO PLAY REQUESTED,1,0,1,0,,,,,1,Trial (Noise),i_subj14_m_pisa_61.wav,Babble_036.wav,i,1,,6-A,noise,subj14,m,pisa,61
312,1669953067821,02/12/2022 03:51:07,1669953067264,-6,01/12/2022 21:51:07,92237,21,task-bsko,,25622444,BLIND,7588880,,complete,,638974fc642773387b0fa186,mobile,Apple iPhone,iOS 15.6.1,Mobile Safari 15.6.1,414x896,800x364,,Audio Naming Task,26,Block 6-A,soundCheckPassed,6-A,6-A,114,62,2,Screen 1,Zone4,response_button_text,1097.0000000000146,,,i,1,1,0,0,,,,,1,Trial (Noise),i_subj14_m_pisa_61.wav,Babble_036.wav,i,1,,6-A,noise,subj14,m,pisa,61
313,1669953068017,02/12/2022 03:51:08,1669953067615,-6,01/12/2022 21:51:07,92237,21,task-bsko,,25622444,BLIND,7588880,,complete,,638974fc642773387b0fa186,mobile,Apple iPhone,iOS 15.6.1,Mobile Safari 15.6.1,414x896,800x364,,Audio Naming Task,26,Block 6-A,soundCheckPassed,6-A,6-A,60,63,1,Screen 2,fixation,fixation,367,,,,,0,1,0,,,,,1,Trial (Noise),e_subj16_f_beta_197.wav,Babble_145.wav,e,1,,6-A,noise,subj16,f,beta,197
314,1669953068017,02/12/2022 03:51:08,1669953067633,-6,01/12/2022 21:51:07,92237,21,task-bsko,,25622444,BLIND,7588880,,complete,,638974fc642773387b0fa186,mobile,Apple iPhone,iOS 15.6.1,Mobile Safari 15.6.1,414x896,800x364,,Audio Naming Task,26,Block 6-A,soundCheckPassed,6-A,6-A,60,63,2,Screen 1,Zone6,content_web_audio,1,,,AUDIO PLAY REQUESTED,1,0,1,0,,,,,1,Trial (Noise),e_subj16_f_beta_197.wav,Babble_145.wav,e,1,,6-A,noise,subj16,f,beta,197
315,1669953068017,02/12/2022 03:51:08,1669953067634,-6,01/12/2022 21:51:07,92237,21,task-bsko,,25622444,BLIND,7588880,,complete,,638974fc642773387b0fa186,mobile,Apple iPhone,iOS 15.6.1,Mobile Safari 15.6.1,414x896,800x364,,Audio Naming Task,26,Block 6-A,soundCheckPassed,6-A,6-A,60,63,2,Screen 1,Zone8,content_web_audio,2,,,AUDIO PLAY REQUESTED,1,0,1,0,,,,,1,Trial (Noise),e_subj16_f_beta_197.wav,Babble_145.wav,e,1,,6-A,noise,subj16,f,beta,197
316,1669953068017,02/12/2022 03:51:08,1669953067635,-6,01/12/2022 21:51:07,92237,21,task-bsko,,25622444,BLIND,7588880,,complete,,638974fc642773387b0fa186,mobile,Apple iPhone,iOS 15.6.1,Mobile Safari 15.6.1,414x896,800x364,,Audio Naming Task,26,Block 6-A,soundCheckPassed,6-A,6-A,60,63,2,Screen 1,Zone7,content_web_audio,3,,,AUDIO PLAY REQUESTED,1,0,1,0,,,,,1,Trial (Noise),e_subj16_f_beta_197.wav,Babble_145.wav,e,1,,6-A,noise,subj16,f,beta,197
317,1669953069063,02/12/2022 03:51:09,1669953068732,-6,01/12/2022 21:51:08,92237,21,task-bsko,,25622444,BLIND,7588880,,complete,,638974fc642773387b0fa186,mobile,Apple iPhone,iOS 15.6.1,Mobile Safari 15.6.1,414x896,800x364,,Audio Naming Task,26,Block 6-A,soundCheckPassed,6-A,6-A,60,63,2,Screen 1,Zone5,response_button_text,1099,,,e,1,1,0,0,,,,,1,Trial (Noise),e_subj16_f_beta_197.wav,Babble_145.wav,e,1,,6-A,noise,subj16,f,beta,197
318,1669953069528,02/12/2022 03:51:09,1669953069048,-6,01/12/2022 21:51:09,92237,21,task-bsko,,25622444,BLIND,7588880,,complete,,638974fc642773387b0fa186,mobile,Apple iPhone,iOS 15.6.1,Mobile Safari 15.6.1,414x896,800x364,,Audio Naming Task,26,Block 6-A,soundCheckPassed,6-A,6-A,187,64,1,Screen 2,fixation,fixation,334,,,,,0,1,0,,,,,1,Trial (Noise),u_subj18_f_supe_229.wav,Babble_055.wav,u,1,,6-A,noise,subj18,f,supe,229
319,1669953069910,02/12/2022 03:51:09,1669953069069,-6,01/12/2022 21:51:09,92237,21,task-bsko,,25622444,BLIND,7588880,,complete,,638974fc642773387b0fa186,mobile,Apple iPhone,iOS 15.6.1,Mobile Safari 15.6.1,414x896,800x364,,Audio Naming Task,26,Block 6-A,soundCheckPassed,6-A,6-A,187,64,2,Screen 1,Zone6,content_web_audio,2,,,AUDIO PLAY REQUESTED,1,0,1,0,,,,,1,Trial (Noise),u_subj18_f_supe_229.wav,Babble_055.wav,u,1,,6-A,noise,subj18,f,supe,229
320,1669953069910,02/12/2022 03:51:09,1669953069070,-6,01/12/2022 21:51:09,92237,21,task-bsko,,25622444,BLIND,7588880,,complete,,638974fc642773387b0fa186,mobile,Apple iPhone,iOS 15.6.1,Mobile Safari 15.6.1,414x896,800x364,,Audio Naming Task,26,Block 6-A,soundCheckPassed,6-A,6-A,187,64,2,Screen 1,Zone8,content_web_audio,3,,,AUDIO PLAY REQUESTED,1,0,1,0,,,,,1,Trial (Noise),u_subj18_f_supe_229.wav,Babble_055.wav,u,1,,6-A,noise,subj18,f,supe,229
321,1669953069910,02/12/2022 03:51:09,1669953069071,-6,01/12/2022 21:51:09,92237,21,task-bsko,,25622444,BLIND,7588880,,complete,,638974fc642773387b0fa186,mobile,Apple iPhone,iOS 15.6.1,Mobile Safari 15.6.1,414x896,800x364,,Audio Naming Task,26,Block 6-A,soundCheckPassed,6-A,6-A,187,64,2,Screen 1,Zone7,content_web_audio,4,,,AUDIO PLAY REQUESTED,1,0,1,0,,,,,1,Trial (Noise),u_subj18_f_supe_229.wav,Babble_055.wav,u,1,,6-A,noise,subj18,f,supe,229
322,1669953071043,02/12/2022 03:51:11,1669953070705,-6,01/12/2022 21:51:10,92237,21,task-bsko,,25622444,BLIND,7588880,,complete,,638974fc642773387b0fa186,mobile,Apple iPhone,iOS 15.6.1,Mobile Safari 15.6.1,414x896,800x364,,Audio Naming Task,26,Block 6-A,soundCheckPassed,6-A,6-A,187,64,2,Screen 1,Zone2,response_button_text,1637,,,u,1,1,0,0,,,,,1,Trial (Noise),u_subj18_f_supe_229.wav,Babble_055.wav,u,1,,6-A,noise,subj18,f,supe,229
323,1669953071504,02/12/2022 03:51:11,1669953071048,-6,01/12/2022 21:51:11,92237,21,task-bsko,,25622444,BLIND,7588880,,complete,,638974fc642773387b0fa186,mobile,Apple iPhone,iOS 15.6.1,Mobile Safari 15.6.1,414x896,800x364,,Audio Naming Task,26,Block 6-A,soundCheckPassed,6-A,6-A,175,65,1,Screen 2,fixation,fixation,367,,,,,0,1,0,,,,,1,Trial (Noise),u_subj32_f_supe_272.wav,Babble_032.wav,u,1,,6-A,noise,subj32,f,supe,272
324,1669953071900,02/12/2022 03:51:11,1669953071069,-6,01/12/2022 21:51:11,92237,21,task-bsko,,25622444,BLIND,7588880,,complete,,638974fc642773387b0fa186,mobile,Apple iPhone,iOS 15.6.1,Mobile Safari 15.6.1,414x896,800x364,,Audio Naming Task,26,Block 6-A,soundCheckPassed,6-A,6-A,175,65,2,Screen 1,Zone6,content_web_audio,2,,,AUDIO PLAY REQUESTED,1,0,1,0,,,,,1,Trial (Noise),u_subj32_f_supe_272.wav,Babble_032.wav,u,1,,6-A,noise,subj32,f,supe,272
325,1669953071900,02/12/2022 03:51:11,1669953071071,-6,01/12/2022 21:51:11,92237,21,task-bsko,,25622444,BLIND,7588880,,complete,,638974fc642773387b0fa186,mobile,Apple iPhone,iOS 15.6.1,Mobile Safari 15.6.1,414x896,800x364,,Audio Naming Task,26,Block 6-A,soundCheckPassed,6-A,6-A,175,65,2,Screen 1,Zone8,content_web_audio,3,,,AUDIO PLAY REQUESTED,1,0,1,0,,,,,1,Trial (Noise),u_subj32_f_supe_272.wav,Babble_032.wav,u,1,,6-A,noise,subj32,f,supe,272
326,1669953071900,02/12/2022 03:51:11,1669953071072,-6,01/12/2022 21:51:11,92237,21,task-bsko,,25622444,BLIND,7588880,,complete,,638974fc642773387b0fa186,mobile,Apple iPhone,iOS 15.6.1,Mobile Safari 15.6.1,414x896,800x364,,Audio Naming Task,26,Block 6-A,soundCheckPassed,6-A,6-A,175,65,2,Screen 1,Zone7,content_web_audio,4,,,AUDIO PLAY REQUESTED,1,0,1,0,,,,,1,Trial (Noise),u_subj32_f_supe_272.wav,Babble_032.wav,u,1,,6-A,noise,subj32,f,supe,272
327,1669953072736,02/12/2022 03:51:12,1669953072264,-6,01/12/2022 21:51:12,92237,21,task-bsko,,25622444,BLIND,7588880,,complete,,638974fc642773387b0fa186,mobile,Apple iPhone,iOS 15.6.1,Mobile Safari 15.6.1,414x896,800x364,,Audio Naming Task,26,Block 6-A,soundCheckPassed,6-A,6-A,175,65,2,Screen 1,Zone2,response_button_text,1195,,,u,1,1,0,0,,,,,1,Trial (Noise),u_subj32_f_supe_272.wav,Babble_032.wav,u,1,,6-A,noise,subj32,f,supe,272
328,1669953073094,02/12/2022 03:51:13,1669953072582,-6,01/12/2022 21:51:12,92237,21,task-bsko,,25622444,BLIND,7588880,,complete,,638974fc642773387b0fa186,mobile,Apple iPhone,iOS 15.6.1,Mobile Safari 15.6.1,414x896,800x364,,Audio Naming Task,26,Block 6-A,soundCheckPassed,6-A,6-A,58,66,1,Screen 2,fixation,fixation,334,,,,,0,1,0,,,,,1,Trial (Noise),e_subj37_f_seca_221.wav,Babble_115.wav,e,1,,6-A,noise,subj37,f,seca,221
329,1669953073094,02/12/2022 03:51:13,1669953072599,-6,01/12/2022 21:51:12,92237,21,task-bsko,,25622444,BLIND,7588880,,complete,,638974fc642773387b0fa186,mobile,Apple iPhone,iOS 15.6.1,Mobile Safari 15.6.1,414x896,800x364,,Audio Naming Task,26,Block 6-A,soundCheckPassed,6-A,6-A,58,66,2,Screen 1,Zone6,content_web_audio,2,,,AUDIO PLAY REQUESTED,1,0,1,0,,,,,1,Trial (Noise),e_subj37_f_seca_221.wav,Babble_115.wav,e,1,,6-A,noise,subj37,f,seca,221
330,1669953073094,02/12/2022 03:51:13,1669953072600,-6,01/12/2022 21:51:12,92237,21,task-bsko,,25622444,BLIND,7588880,,complete,,638974fc642773387b0fa186,mobile,Apple iPhone,iOS 15.6.1,Mobile Safari 15.6.1,414x896,800x364,,Audio Naming Task,26,Block 6-A,soundCheckPassed,6-A,6-A,58,66,2,Screen 1,Zone8,content_web_audio,2,,,AUDIO PLAY REQUESTED,1,0,1,0,,,,,1,Trial (Noise),e_subj37_f_seca_221.wav,Babble_115.wav,e,1,,6-A,noise,subj37,f,seca,221
331,1669953073094,02/12/2022 03:51:13,1669953072600,-6,01/12/2022 21:51:12,92237,21,task-bsko,,25622444,BLIND,7588880,,complete,,638974fc642773387b0fa186,mobile,Apple iPhone,iOS 15.6.1,Mobile Safari 15.6.1,414x896,800x364,,Audio Naming Task,26,Block 6-A,soundCheckPassed,6-A,6-A,58,66,2,Screen 1,Zone7,content_web_audio,3,,,AUDIO PLAY REQUESTED,1,0,1,0,,,,,1,Trial (Noise),e_subj37_f_seca_221.wav,Babble_115.wav,e,1,,6-A,noise,subj37,f,seca,221
332,1669953074165,02/12/2022 03:51:14,1669953073638,-6,01/12/2022 21:51:13,92237,21,task-bsko,,25622444,BLIND,7588880,,complete,,638974fc642773387b0fa186,mobile,Apple iPhone,iOS 15.6.1,Mobile Safari 15.6.1,414x896,800x364,,Audio Naming Task,26,Block 6-A,soundCheckPassed,6-A,6-A,58,66,2,Screen 1,Zone5,response_button_text,1040,,,e,1,1,0,0,,,,,1,Trial (Noise),e_subj37_f_seca_221.wav,Babble_115.wav,e,1,,6-A,noise,subj37,f,seca,221
333,1669953074374,02/12/2022 03:51:14,1669953073981,-6,01/12/2022 21:51:13,92237,21,task-bsko,,25622444,BLIND,7588880,,complete,,638974fc642773387b0fa186,mobile,Apple iPhone,iOS 15.6.1,Mobile Safari 15.6.1,414x896,800x364,,Audio Naming Task,26,Block 6-A,soundCheckPassed,6-A,6-A,21,67,1,Screen 2,fixation,fixation,367,,,,,0,1,0,,,,,1,Trial (Noise),a_subj5_f_vaso_155.wav,Babble_013.wav,a,1,,6-A,noise,subj5,f,vaso,155
334,1669953074374,02/12/2022 03:51:14,1669953073999,-6,01/12/2022 21:51:13,92237,21,task-bsko,,25622444,BLIND,7588880,,complete,,638974fc642773387b0fa186,mobile,Apple iPhone,iOS 15.6.1,Mobile Safari 15.6.1,414x896,800x364,,Audio Naming Task,26,Block 6-A,soundCheckPassed,6-A,6-A,21,67,2,Screen 1,Zone6,content_web_audio,2,,,AUDIO PLAY REQUESTED,1,0,1,0,,,,,1,Trial (Noise),a_subj5_f_vaso_155.wav,Babble_013.wav,a,1,,6-A,noise,subj5,f,vaso,155
335,1669953074374,02/12/2022 03:51:14,1669953074000,-6,01/12/2022 21:51:14,92237,21,task-bsko,,25622444,BLIND,7588880,,complete,,638974fc642773387b0fa186,mobile,Apple iPhone,iOS 15.6.1,Mobile Safari 15.6.1,414x896,800x364,,Audio Naming Task,26,Block 6-A,soundCheckPassed,6-A,6-A,21,67,2,Screen 1,Zone8,content_web_audio,3,,,AUDIO PLAY REQUESTED,1,0,1,0,,,,,1,Trial (Noise),a_subj5_f_vaso_155.wav,Babble_013.wav,a,1,,6-A,noise,subj5,f,vaso,155
336,1669953074374,02/12/2022 03:51:14,1669953074001,-6,01/12/2022 21:51:14,92237,21,task-bsko,,25622444,BLIND,7588880,,complete,,638974fc642773387b0fa186,mobile,Apple iPhone,iOS 15.6.1,Mobile Safari 15.6.1,414x896,800x364,,Audio Naming Task,26,Block 6-A,soundCheckPassed,6-A,6-A,21,67,2,Screen 1,Zone7,content_web_audio,4,,,AUDIO PLAY REQUESTED,1,0,1,0,,,,,1,Trial (Noise),a_subj5_f_vaso_155.wav,Babble_013.wav,a,1,,6-A,noise,subj5,f,vaso,155
337,1669953075801,02/12/2022 03:51:15,1669953075224,-6,01/12/2022 21:51:15,92237,21,task-bsko,,25622444,BLIND,7588880,,complete,,638974fc642773387b0fa186,mobile,Apple iPhone,iOS 15.6.1,Mobile Safari 15.6.1,414x896,800x364,,Audio Naming Task,26,Block 6-A,soundCheckPassed,6-A,6-A,21,67,2,Screen 1,Zone1,response_button_text,1224,,,a,1,1,0,0,,,,,1,Trial (Noise),a_subj5_f_vaso_155.wav,Babble_013.wav,a,1,,6-A,noise,subj5,f,vaso,155
338,1669953076010,02/12/2022 03:51:16,1669953075582,-6,01/12/2022 21:51:15,92237,21,task-bsko,,25622444,BLIND,7588880,,complete,,638974fc642773387b0fa186,mobile,Apple iPhone,iOS 15.6.1,Mobile Safari 15.6.1,414x896,800x364,,Audio Naming Task,26,Block 6-A,soundCheckPassed,6-A,6-A,63,68,1,Screen 2,fixation,fixation,367,,,,,0,1,0,,,,,1,Trial (Noise),e_subj17_f_seque_146.wav,Babble_189.wav,e,1,,6-A,noise,subj17,f,seque,146
339,1669953076010,02/12/2022 03:51:16,1669953075603,-6,01/12/2022 21:51:15,92237,21,task-bsko,,25622444,BLIND,7588880,,complete,,638974fc642773387b0fa186,mobile,Apple iPhone,iOS 15.6.1,Mobile Safari 15.6.1,414x896,800x364,,Audio Naming Task,26,Block 6-A,soundCheckPassed,6-A,6-A,63,68,2,Screen 1,Zone6,content_web_audio,3,,,AUDIO PLAY REQUESTED,1,0,1,0,,,,,1,Trial (Noise),e_subj17_f_seque_146.wav,Babble_189.wav,e,1,,6-A,noise,subj17,f,seque,146
340,1669953076010,02/12/2022 03:51:16,1669953075605,-6,01/12/2022 21:51:15,92237,21,task-bsko,,25622444,BLIND,7588880,,complete,,638974fc642773387b0fa186,mobile,Apple iPhone,iOS 15.6.1,Mobile Safari 15.6.1,414x896,800x364,,Audio Naming Task,26,Block 6-A,soundCheckPassed,6-A,6-A,63,68,2,Screen 1,Zone8,content_web_audio,4,,,AUDIO PLAY REQUESTED,1,0,1,0,,,,,1,Trial (Noise),e_subj17_f_seque_146.wav,Babble_189.wav,e,1,,6-A,noise,subj17,f,seque,146
341,1669953076010,02/12/2022 03:51:16,1669953075606,-6,01/12/2022 21:51:15,92237,21,task-bsko,,25622444,BLIND,7588880,,complete,,638974fc642773387b0fa186,mobile,Apple iPhone,iOS 15.6.1,Mobile Safari 15.6.1,414x896,800x364,,Audio Naming Task,26,Block 6-A,soundCheckPassed,6-A,6-A,63,68,2,Screen 1,Zone7,content_web_audio,5,,,AUDIO PLAY REQUESTED,1,0,1,0,,,,,1,Trial (Noise),e_subj17_f_seque_146.wav,Babble_189.wav,e,1,,6-A,noise,subj17,f,seque,146
342,1669953077239,02/12/2022 03:51:17,1669953076731,-6,01/12/2022 21:51:16,92237,21,task-bsko,,25622444,BLIND,7588880,,complete,,638974fc642773387b0fa186,mobile,Apple iPhone,iOS 15.6.1,Mobile Safari 15.6.1,414x896,800x364,,Audio Naming Task,26,Block 6-A,soundCheckPassed,6-A,6-A,63,68,2,Screen 1,Zone5,response_button_text,1129,,,e,1,1,0,0,,,,,1,Trial (Noise),e_subj17_f_seque_146.wav,Babble_189.wav,e,1,,6-A,noise,subj17,f,seque,146
343,1669953077441,02/12/2022 03:51:17,1669953077081,-6,01/12/2022 21:51:17,92237,21,task-bsko,,25622444,BLIND,7588880,,complete,,638974fc642773387b0fa186,mobile,Apple iPhone,iOS 15.6.1,Mobile Safari 15.6.1,414x896,800x364,,Audio Naming Task,26,Block 6-A,soundCheckPassed,6-A,6-A,15,69,1,Screen 2,fixation,fixation,366,,,,,0,1,0,,,,,1,Trial (Noise),a_subj7_f_vata_212.wav,Babble_161.wav,a,1,,6-A,noise,subj7,f,vata,212
344,1669953077441,02/12/2022 03:51:17,1669953077100,-6,01/12/2022 21:51:17,92237,21,task-bsko,,25622444,BLIND,7588880,,complete,,638974fc642773387b0fa186,mobile,Apple iPhone,iOS 15.6.1,Mobile Safari 15.6.1,414x896,800x364,,Audio Naming Task,26,Block 6-A,soundCheckPassed,6-A,6-A,15,69,2,Screen 1,Zone6,content_web_audio,3,,,AUDIO PLAY REQUESTED,1,0,1,0,,,,,1,Trial (Noise),a_subj7_f_vata_212.wav,Babble_161.wav,a,1,,6-A,noise,subj7,f,vata,212
345,1669953077441,02/12/2022 03:51:17,1669953077101,-6,01/12/2022 21:51:17,92237,21,task-bsko,,25622444,BLIND,7588880,,complete,,638974fc642773387b0fa186,mobile,Apple iPhone,iOS 15.6.1,Mobile Safari 15.6.1,414x896,800x364,,Audio Naming Task,26,Block 6-A,soundCheckPassed,6-A,6-A,15,69,2,Screen 1,Zone8,content_web_audio,4,,,AUDIO PLAY REQUESTED,1,0,1,0,,,,,1,Trial (Noise),a_subj7_f_vata_212.wav,Babble_161.wav,a,1,,6-A,noise,subj7,f,vata,212
346,1669953077441,02/12/2022 03:51:17,1669953077102,-6,01/12/2022 21:51:17,92237,21,task-bsko,,25622444,BLIND,7588880,,complete,,638974fc642773387b0fa186,mobile,Apple iPhone,iOS 15.6.1,Mobile Safari 15.6.1,414x896,800x364,,Audio Naming Task,26,Block 6-A,soundCheckPassed,6-A,6-A,15,69,2,Screen 1,Zone7,content_web_audio,4,,,AUDIO PLAY REQUESTED,1,0,1,0,,,,,1,Trial (Noise),a_subj7_f_vata_212.wav,Babble_161.wav,a,1,,6-A,noise,subj7,f,vata,212
347,1669953078424,02/12/2022 03:51:18,1669953078139,-6,01/12/2022 21:51:18,92237,21,task-bsko,,25622444,BLIND,7588880,,complete,,638974fc642773387b0fa186,mobile,Apple iPhone,iOS 15.6.1,Mobile Safari 15.6.1,414x896,800x364,,Audio Naming Task,26,Block 6-A,soundCheckPassed,6-A,6-A,15,69,2,Screen 1,Zone1,response_button_text,1040,,,a,1,1,0,0,,,,,1,Trial (Noise),a_subj7_f_vata_212.wav,Babble_161.wav,a,1,,6-A,noise,subj7,f,vata,212
348,1669953078940,02/12/2022 03:51:18,1669953078481,-6,01/12/2022 21:51:18,92237,21,task-bsko,,25622444,BLIND,7588880,,complete,,638974fc642773387b0fa186,mobile,Apple iPhone,iOS 15.6.1,Mobile Safari 15.6.1,414x896,800x364,,Audio Naming Task,26,Block 6-A,soundCheckPassed,6-A,6-A,113,70,1,Screen 2,fixation,fixation,366,,,,,0,1,0,,,,,1,Trial (Noise),i_subj72_m_pite_316.wav,Babble_125.wav,i,1,,6-A,noise,subj72,m,pite,316
349,1669953079398,02/12/2022 03:51:19,1669953078502,-6,01/12/2022 21:51:18,92237,21,task-bsko,,25622444,BLIND,7588880,,complete,,638974fc642773387b0fa186,mobile,Apple iPhone,iOS 15.6.1,Mobile Safari 15.6.1,414x896,800x364,,Audio Naming Task,26,Block 6-A,soundCheckPassed,6-A,6-A,113,70,2,Screen 1,Zone6,content_web_audio,2,,,AUDIO PLAY REQUESTED,1,0,1,0,,,,,1,Trial (Noise),i_subj72_m_pite_316.wav,Babble_125.wav,i,1,,6-A,noise,subj72,m,pite,316
350,1669953079398,02/12/2022 03:51:19,1669953078503,-6,01/12/2022 21:51:18,92237,21,task-bsko,,25622444,BLIND,7588880,,complete,,638974fc642773387b0fa186,mobile,Apple iPhone,iOS 15.6.1,Mobile Safari 15.6.1,414x896,800x364,,Audio Naming Task,26,Block 6-A,soundCheckPassed,6-A,6-A,113,70,2,Screen 1,Zone8,content_web_audio,3,,,AUDIO PLAY REQUESTED,1,0,1,0,,,,,1,Trial (Noise),i_subj72_m_pite_316.wav,Babble_125.wav,i,1,,6-A,noise,subj72,m,pite,316
351,1669953079398,02/12/2022 03:51:19,1669953078504,-6,01/12/2022 21:51:18,92237,21,task-bsko,,25622444,BLIND,7588880,,complete,,638974fc642773387b0fa186,mobile,Apple iPhone,iOS 15.6.1,Mobile Safari 15.6.1,414x896,800x364,,Audio Naming Task,26,Block 6-A,soundCheckPassed,6-A,6-A,113,70,2,Screen 1,Zone7,content_web_audio,4,,,AUDIO PLAY REQUESTED,1,0,1,0,,,,,1,Trial (Noise),i_subj72_m_pite_316.wav,Babble_125.wav,i,1,,6-A,noise,subj72,m,pite,316
352,1669953080311,02/12/2022 03:51:20,1669953079822,-6,01/12/2022 21:51:19,92237,21,task-bsko,,25622444,BLIND,7588880,,complete,,638974fc642773387b0fa186,mobile,Apple iPhone,iOS 15.6.1,Mobile Safari 15.6.1,414x896,800x364,,Audio Naming Task,26,Block 6-A,soundCheckPassed,6-A,6-A,113,70,2,Screen 1,Zone4,response_button_text,1320,,,i,1,1,0,0,,,,,1,Trial (Noise),i_subj72_m_pite_316.wav,Babble_125.wav,i,1,,6-A,noise,subj72,m,pite,316
353,1669953080666,02/12/2022 03:51:20,1669953080181,-6,01/12/2022 21:51:20,92237,21,task-bsko,,25622444,BLIND,7588880,,complete,,638974fc642773387b0fa186,mobile,Apple iPhone,iOS 15.6.1,Mobile Safari 15.6.1,414x896,800x364,,Audio Naming Task,26,Block 6-A,soundCheckPassed,6-A,6-A,125,71,1,Screen 2,fixation,fixation,366,,,,,0,1,0,,,,,1,Trial (Noise),o_subj16_f_cosa_186.wav,Babble_085.wav,o,1,,6-A,noise,subj16,f,cosa,186
354,1669953080666,02/12/2022 03:51:20,1669953080201,-6,01/12/2022 21:51:20,92237,21,task-bsko,,25622444,BLIND,7588880,,complete,,638974fc642773387b0fa186,mobile,Apple iPhone,iOS 15.6.1,Mobile Safari 15.6.1,414x896,800x364,,Audio Naming Task,26,Block 6-A,soundCheckPassed,6-A,6-A,125,71,2,Screen 1,Zone6,content_web_audio,2,,,AUDIO PLAY REQUESTED,1,0,1,0,,,,,1,Trial (Noise),o_subj16_f_cosa_186.wav,Babble_085.wav,o,1,,6-A,noise,subj16,f,cosa,186
355,1669953080666,02/12/2022 03:51:20,1669953080203,-6,01/12/2022 21:51:20,92237,21,task-bsko,,25622444,BLIND,7588880,,complete,,638974fc642773387b0fa186,mobile,Apple iPhone,iOS 15.6.1,Mobile Safari 15.6.1,414x896,800x364,,Audio Naming Task,26,Block 6-A,soundCheckPassed,6-A,6-A,125,71,2,Screen 1,Zone8,content_web_audio,5,,,AUDIO PLAY REQUESTED,1,0,1,0,,,,,1,Trial (Noise),o_subj16_f_cosa_186.wav,Babble_085.wav,o,1,,6-A,noise,subj16,f,cosa,186
356,1669953080666,02/12/2022 03:51:20,1669953080204,-6,01/12/2022 21:51:20,92237,21,task-bsko,,25622444,BLIND,7588880,,complete,,638974fc642773387b0fa186,mobile,Apple iPhone,iOS 15.6.1,Mobile Safari 15.6.1,414x896,800x364,,Audio Naming Task,26,Block 6-A,soundCheckPassed,6-A,6-A,125,71,2,Screen 1,Zone7,content_web_audio,5,,,AUDIO PLAY REQUESTED,1,0,1,0,,,,,1,Trial (Noise),o_subj16_f_cosa_186.wav,Babble_085.wav,o,1,,6-A,noise,subj16,f,cosa,186
357,1669953081667,02/12/2022 03:51:21,1669953081272,-6,01/12/2022 21:51:21,92237,21,task-bsko,,25622444,BLIND,7588880,,complete,,638974fc642773387b0fa186,mobile,Apple iPhone,iOS 15.6.1,Mobile Safari 15.6.1,414x896,800x364,,Audio Naming Task,26,Block 6-A,soundCheckPassed,6-A,6-A,125,71,2,Screen 1,Zone3,response_button_text,1072,,,o,1,1,0,0,,,,,1,Trial (Noise),o_subj16_f_cosa_186.wav,Babble_085.wav,o,1,,6-A,noise,subj16,f,cosa,186
358,1669953082083,02/12/2022 03:51:22,1669953081614,-6,01/12/2022 21:51:21,92237,21,task-bsko,,25622444,BLIND,7588880,,complete,,638974fc642773387b0fa186,mobile,Apple iPhone,iOS 15.6.1,Mobile Safari 15.6.1,414x896,800x364,,Audio Naming Task,26,Block 6-A,soundCheckPassed,6-A,6-A,72,72,1,Screen 2,fixation,fixation,366,,,,,0,1,0,,,,,1,Trial (Noise),e_subj2_f_veto_104.wav,Babble_116.wav,e,1,,6-A,noise,subj2,f,veto,104
359,1669953082566,02/12/2022 03:51:22,1669953081637,-6,01/12/2022 21:51:21,92237,21,task-bsko,,25622444,BLIND,7588880,,complete,,638974fc642773387b0fa186,mobile,Apple iPhone,iOS 15.6.1,Mobile Safari 15.6.1,414x896,800x364,,Audio Naming Task,26,Block 6-A,soundCheckPassed,6-A,6-A,72,72,2,Screen 1,Zone6,content_web_audio,2,,,AUDIO PLAY REQUESTED,1,0,1,0,,,,,1,Trial (Noise),e_subj2_f_veto_104.wav,Babble_116.wav,e,1,,6-A,noise,subj2,f,veto,104
360,1669953082566,02/12/2022 03:51:22,1669953081638,-6,01/12/2022 21:51:21,92237,21,task-bsko,,25622444,BLIND,7588880,,complete,,638974fc642773387b0fa186,mobile,Apple iPhone,iOS 15.6.1,Mobile Safari 15.6.1,414x896,800x364,,Audio Naming Task,26,Block 6-A,soundCheckPassed,6-A,6-A,72,72,2,Screen 1,Zone8,content_web_audio,3.000000000014552,,,AUDIO PLAY REQUESTED,1,0,1,0,,,,,1,Trial (Noise),e_subj2_f_veto_104.wav,Babble_116.wav,e,1,,6-A,noise,subj2,f,veto,104
361,1669953082566,02/12/2022 03:51:22,1669953081639,-6,01/12/2022 21:51:21,92237,21,task-bsko,,25622444,BLIND,7588880,,complete,,638974fc642773387b0fa186,mobile,Apple iPhone,iOS 15.6.1,Mobile Safari 15.6.1,414x896,800x364,,Audio Naming Task,26,Block 6-A,soundCheckPassed,6-A,6-A,72,72,2,Screen 1,Zone7,content_web_audio,4,,,AUDIO PLAY REQUESTED,1,0,1,0,,,,,1,Trial (Noise),e_subj2_f_veto_104.wav,Babble_116.wav,e,1,,6-A,noise,subj2,f,veto,104
362,1669953083273,02/12/2022 03:51:23,1669953082664,-6,01/12/2022 21:51:22,92237,21,task-bsko,,25622444,BLIND,7588880,,complete,,638974fc642773387b0fa186,mobile,Apple iPhone,iOS 15.6.1,Mobile Safari 15.6.1,414x896,800x364,,Audio Naming Task,26,Block 6-A,soundCheckPassed,6-A,6-A,72,72,2,Screen 1,Zone5,response_button_text,1027.0000000000146,,,e,1,1,0,0,,,,,1,Trial (Noise),e_subj2_f_veto_104.wav,Babble_116.wav,e,1,,6-A,noise,subj2,f,veto,104
363,1669953083486,02/12/2022 03:51:23,1669953083014,-6,01/12/2022 21:51:23,92237,21,task-bsko,,25622444,BLIND,7588880,,complete,,638974fc642773387b0fa186,mobile,Apple iPhone,iOS 15.6.1,Mobile Safari 15.6.1,414x896,800x364,,Audio Naming Task,26,Block 6-A,soundCheckPassed,6-A,6-A,148,73,1,Screen 2,fixation,fixation,366,,,,,0,1,0,,,,,1,Trial (Noise),o_subj69_m_toque_127.wav,Babble_160.wav,o,1,,6-A,noise,subj69,m,toque,127
364,1669953083486,02/12/2022 03:51:23,1669953083031,-6,01/12/2022 21:51:23,92237,21,task-bsko,,25622444,BLIND,7588880,,complete,,638974fc642773387b0fa186,mobile,Apple iPhone,iOS 15.6.1,Mobile Safari 15.6.1,414x896,800x364,,Audio Naming Task,26,Block 6-A,soundCheckPassed,6-A,6-A,148,73,2,Screen 1,Zone6,content_web_audio,2.000000000014552,,,AUDIO PLAY REQUESTED,1,0,1,0,,,,,1,Trial (Noise),o_subj69_m_toque_127.wav,Babble_160.wav,o,1,,6-A,noise,subj69,m,toque,127
365,1669953083486,02/12/2022 03:51:23,1669953083032,-6,01/12/2022 21:51:23,92237,21,task-bsko,,25622444,BLIND,7588880,,complete,,638974fc642773387b0fa186,mobile,Apple iPhone,iOS 15.6.1,Mobile Safari 15.6.1,414x896,800x364,,Audio Naming Task,26,Block 6-A,soundCheckPassed,6-A,6-A,148,73,2,Screen 1,Zone8,content_web_audio,3,,,AUDIO PLAY REQUESTED,1,0,1,0,,,,,1,Trial (Noise),o_subj69_m_toque_127.wav,Babble_160.wav,o,1,,6-A,noise,subj69,m,toque,127
366,1669953083486,02/12/2022 03:51:23,1669953083033,-6,01/12/2022 21:51:23,92237,21,task-bsko,,25622444,BLIND,7588880,,complete,,638974fc642773387b0fa186,mobile,Apple iPhone,iOS 15.6.1,Mobile Safari 15.6.1,414x896,800x364,,Audio Naming Task,26,Block 6-A,soundCheckPassed,6-A,6-A,148,73,2,Screen 1,Zone7,content_web_audio,3,,,AUDIO PLAY REQUESTED,1,0,1,0,,,,,1,Trial (Noise),o_subj69_m_toque_127.wav,Babble_160.wav,o,1,,6-A,noise,subj69,m,toque,127
367,1669953084524,02/12/2022 03:51:24,1669953084121,-6,01/12/2022 21:51:24,92237,21,task-bsko,,25622444,BLIND,7588880,,complete,,638974fc642773387b0fa186,mobile,Apple iPhone,iOS 15.6.1,Mobile Safari 15.6.1,414x896,800x364,,Audio Naming Task,26,Block 6-A,soundCheckPassed,6-A,6-A,148,73,2,Screen 1,Zone3,response_button_text,1090,,,o,1,1,0,0,,,,,1,Trial (Noise),o_subj69_m_toque_127.wav,Babble_160.wav,o,1,,6-A,noise,subj69,m,toque,127
368,1669953084970,02/12/2022 03:51:24,1669953084514,-6,01/12/2022 21:51:24,92237,21,task-bsko,,25622444,BLIND,7588880,,complete,,638974fc642773387b0fa186,mobile,Apple iPhone,iOS 15.6.1,Mobile Safari 15.6.1,414x896,800x364,,Audio Naming Task,26,Block 6-A,soundCheckPassed,6-A,6-A,184,74,1,Screen 2,fixation,fixation,399,,,,,0,1,0,,,,,1,Trial (Noise),u_subj32_f_supo_341.wav,Babble_124.wav,u,1,,6-A,noise,subj32,f,supo,341
369,1669953085384,02/12/2022 03:51:25,1669953084534,-6,01/12/2022 21:51:24,92237,21,task-bsko,,25622444,BLIND,7588880,,complete,,638974fc642773387b0fa186,mobile,Apple iPhone,iOS 15.6.1,Mobile Safari 15.6.1,414x896,800x364,,Audio Naming Task,26,Block 6-A,soundCheckPassed,6-A,6-A,184,74,2,Screen 1,Zone6,content_web_audio,2.000000000014552,,,AUDIO PLAY REQUESTED,1,0,1,0,,,,,1,Trial (Noise),u_subj32_f_supo_341.wav,Babble_124.wav,u,1,,6-A,noise,subj32,f,supo,341
370,1669953085384,02/12/2022 03:51:25,1669953084535,-6,01/12/2022 21:51:24,92237,21,task-bsko,,25622444,BLIND,7588880,,complete,,638974fc642773387b0fa186,mobile,Apple iPhone,iOS 15.6.1,Mobile Safari 15.6.1,414x896,800x364,,Audio Naming Task,26,Block 6-A,soundCheckPassed,6-A,6-A,184,74,2,Screen 1,Zone8,content_web_audio,3,,,AUDIO PLAY REQUESTED,1,0,1,0,,,,,1,Trial (Noise),u_subj32_f_supo_341.wav,Babble_124.wav,u,1,,6-A,noise,subj32,f,supo,341
371,1669953085384,02/12/2022 03:51:25,1669953084536,-6,01/12/2022 21:51:24,92237,21,task-bsko,,25622444,BLIND,7588880,,complete,,638974fc642773387b0fa186,mobile,Apple iPhone,iOS 15.6.1,Mobile Safari 15.6.1,414x896,800x364,,Audio Naming Task,26,Block 6-A,soundCheckPassed,6-A,6-A,184,74,2,Screen 1,Zone7,content_web_audio,4,,,AUDIO PLAY REQUESTED,1,0,1,0,,,,,1,Trial (Noise),u_subj32_f_supo_341.wav,Babble_124.wav,u,1,,6-A,noise,subj32,f,supo,341
372,1669953086035,02/12/2022 03:51:26,1669953085496,-6,01/12/2022 21:51:25,92237,21,task-bsko,,25622444,BLIND,7588880,,complete,,638974fc642773387b0fa186,mobile,Apple iPhone,iOS 15.6.1,Mobile Safari 15.6.1,414x896,800x364,,Audio Naming Task,26,Block 6-A,soundCheckPassed,6-A,6-A,184,74,2,Screen 1,Zone2,response_button_text,963,,,u,1,1,0,0,,,,,1,Trial (Noise),u_subj32_f_supo_341.wav,Babble_124.wav,u,1,,6-A,noise,subj32,f,supo,341
373,1669953086257,02/12/2022 03:51:26,1669953085847,-6,01/12/2022 21:51:25,92237,21,task-bsko,,25622444,BLIND,7588880,,complete,,638974fc642773387b0fa186,mobile,Apple iPhone,iOS 15.6.1,Mobile Safari 15.6.1,414x896,800x364,,Audio Naming Task,26,Block 6-A,soundCheckPassed,6-A,6-A,65,75,1,Screen 2,fixation,fixation,367,,,,,0,1,0,,,,,1,Trial (Noise),e_subj28_f_seca_245.wav,Babble_046.wav,e,1,,6-A,noise,subj28,f,seca,245
374,1669953086257,02/12/2022 03:51:26,1669953085866,-6,01/12/2022 21:51:25,92237,21,task-bsko,,25622444,BLIND,7588880,,complete,,638974fc642773387b0fa186,mobile,Apple iPhone,iOS 15.6.1,Mobile Safari 15.6.1,414x896,800x364,,Audio Naming Task,26,Block 6-A,soundCheckPassed,6-A,6-A,65,75,2,Screen 1,Zone6,content_web_audio,2,,,AUDIO PLAY REQUESTED,1,0,1,0,,,,,1,Trial (Noise),e_subj28_f_seca_245.wav,Babble_046.wav,e,1,,6-A,noise,subj28,f,seca,245
375,1669953086257,02/12/2022 03:51:26,1669953085867,-6,01/12/2022 21:51:25,92237,21,task-bsko,,25622444,BLIND,7588880,,complete,,638974fc642773387b0fa186,mobile,Apple iPhone,iOS 15.6.1,Mobile Safari 15.6.1,414x896,800x364,,Audio Naming Task,26,Block 6-A,soundCheckPassed,6-A,6-A,65,75,2,Screen 1,Zone8,content_web_audio,3,,,AUDIO PLAY REQUESTED,1,0,1,0,,,,,1,Trial (Noise),e_subj28_f_seca_245.wav,Babble_046.wav,e,1,,6-A,noise,subj28,f,seca,245
376,1669953086257,02/12/2022 03:51:26,1669953085868,-6,01/12/2022 21:51:25,92237,21,task-bsko,,25622444,BLIND,7588880,,complete,,638974fc642773387b0fa186,mobile,Apple iPhone,iOS 15.6.1,Mobile Safari 15.6.1,414x896,800x364,,Audio Naming Task,26,Block 6-A,soundCheckPassed,6-A,6-A,65,75,2,Screen 1,Zone7,content_web_audio,4,,,AUDIO PLAY REQUESTED,1,0,1,0,,,,,1,Trial (Noise),e_subj28_f_seca_245.wav,Babble_046.wav,e,1,,6-A,noise,subj28,f,seca,245
377,1669953087292,02/12/2022 03:51:27,1669953086996,-6,01/12/2022 21:51:26,92237,21,task-bsko,,25622444,BLIND,7588880,,complete,,638974fc642773387b0fa186,mobile,Apple iPhone,iOS 15.6.1,Mobile Safari 15.6.1,414x896,800x364,,Audio Naming Task,26,Block 6-A,soundCheckPassed,6-A,6-A,65,75,2,Screen 1,Zone5,response_button_text,1131,,,e,1,1,0,0,,,,,1,Trial (Noise),e_subj28_f_seca_245.wav,Babble_046.wav,e,1,,6-A,noise,subj28,f,seca,245
378,1669953087830,02/12/2022 03:51:27,1669953087347,-6,01/12/2022 21:51:27,92237,21,task-bsko,,25622444,BLIND,7588880,,complete,,638974fc642773387b0fa186,mobile,Apple iPhone,iOS 15.6.1,Mobile Safari 15.6.1,414x896,800x364,,Audio Naming Task,26,Block 6-A,soundCheckPassed,6-A,6-A,89,76,1,Screen 2,fixation,fixation,367,,,,,0,1,0,,,,,1,Trial (Noise),i_subj17_f_quite_128.wav,Babble_122.wav,i,1,,6-A,noise,subj17,f,quite,128
379,1669953088298,02/12/2022 03:51:28,1669953087367,-6,01/12/2022 21:51:27,92237,21,task-bsko,,25622444,BLIND,7588880,,complete,,638974fc642773387b0fa186,mobile,Apple iPhone,iOS 15.6.1,Mobile Safari 15.6.1,414x896,800x364,,Audio Naming Task,26,Block 6-A,soundCheckPassed,6-A,6-A,89,76,2,Screen 1,Zone6,content_web_audio,2,,,AUDIO PLAY REQUESTED,1,0,1,0,,,,,1,Trial (Noise),i_subj17_f_quite_128.wav,Babble_122.wav,i,1,,6-A,noise,subj17,f,quite,128
380,1669953088298,02/12/2022 03:51:28,1669953087368,-6,01/12/2022 21:51:27,92237,21,task-bsko,,25622444,BLIND,7588880,,complete,,638974fc642773387b0fa186,mobile,Apple iPhone,iOS 15.6.1,Mobile Safari 15.6.1,414x896,800x364,,Audio Naming Task,26,Block 6-A,soundCheckPassed,6-A,6-A,89,76,2,Screen 1,Zone8,content_web_audio,3,,,AUDIO PLAY REQUESTED,1,0,1,0,,,,,1,Trial (Noise),i_subj17_f_quite_128.wav,Babble_122.wav,i,1,,6-A,noise,subj17,f,quite,128
381,1669953088298,02/12/2022 03:51:28,1669953087369,-6,01/12/2022 21:51:27,92237,21,task-bsko,,25622444,BLIND,7588880,,complete,,638974fc642773387b0fa186,mobile,Apple iPhone,iOS 15.6.1,Mobile Safari 15.6.1,414x896,800x364,,Audio Naming Task,26,Block 6-A,soundCheckPassed,6-A,6-A,89,76,2,Screen 1,Zone7,content_web_audio,4,,,AUDIO PLAY REQUESTED,1,0,1,0,,,,,1,Trial (Noise),i_subj17_f_quite_128.wav,Babble_122.wav,i,1,,6-A,noise,subj17,f,quite,128
382,1669953088910,02/12/2022 03:51:28,1669953088438,-6,01/12/2022 21:51:28,92237,21,task-bsko,,25622444,BLIND,7588880,,complete,,638974fc642773387b0fa186,mobile,Apple iPhone,iOS 15.6.1,Mobile Safari 15.6.1,414x896,800x364,,Audio Naming Task,26,Block 6-A,soundCheckPassed,6-A,6-A,89,76,2,Screen 1,Zone4,response_button_text,1072,,,i,1,1,0,0,,,,,1,Trial (Noise),i_subj17_f_quite_128.wav,Babble_122.wav,i,1,,6-A,noise,subj17,f,quite,128
383,1669953089108,02/12/2022 03:51:29,1669953088747,-6,01/12/2022 21:51:28,92237,21,task-bsko,,25622444,BLIND,7588880,,complete,,638974fc642773387b0fa186,mobile,Apple iPhone,iOS 15.6.1,Mobile Safari 15.6.1,414x896,800x364,,Audio Naming Task,26,Block 6-A,soundCheckPassed,6-A,6-A,115,77,1,Screen 2,fixation,fixation,334,,,,,0,1,0,,,,,1,Trial (Noise),i_subj20_m_viso_224.wav,Babble_188.wav,i,1,,6-A,noise,subj20,m,viso,224
384,1669953089108,02/12/2022 03:51:29,1669953088768,-6,01/12/2022 21:51:28,92237,21,task-bsko,,25622444,BLIND,7588880,,complete,,638974fc642773387b0fa186,mobile,Apple iPhone,iOS 15.6.1,Mobile Safari 15.6.1,414x896,800x364,,Audio Naming Task,26,Block 6-A,soundCheckPassed,6-A,6-A,115,77,2,Screen 1,Zone6,content_web_audio,3,,,AUDIO PLAY REQUESTED,1,0,1,0,,,,,1,Trial (Noise),i_subj20_m_viso_224.wav,Babble_188.wav,i,1,,6-A,noise,subj20,m,viso,224
385,1669953089108,02/12/2022 03:51:29,1669953088769,-6,01/12/2022 21:51:28,92237,21,task-bsko,,25622444,BLIND,7588880,,complete,,638974fc642773387b0fa186,mobile,Apple iPhone,iOS 15.6.1,Mobile Safari 15.6.1,414x896,800x364,,Audio Naming Task,26,Block 6-A,soundCheckPassed,6-A,6-A,115,77,2,Screen 1,Zone8,content_web_audio,4.000000000014552,,,AUDIO PLAY REQUESTED,1,0,1,0,,,,,1,Trial (Noise),i_subj20_m_viso_224.wav,Babble_188.wav,i,1,,6-A,noise,subj20,m,viso,224
386,1669953089108,02/12/2022 03:51:29,1669953088770,-6,01/12/2022 21:51:28,92237,21,task-bsko,,25622444,BLIND,7588880,,complete,,638974fc642773387b0fa186,mobile,Apple iPhone,iOS 15.6.1,Mobile Safari 15.6.1,414x896,800x364,,Audio Naming Task,26,Block 6-A,soundCheckPassed,6-A,6-A,115,77,2,Screen 1,Zone7,content_web_audio,5,,,AUDIO PLAY REQUESTED,1,0,1,0,,,,,1,Trial (Noise),i_subj20_m_viso_224.wav,Babble_188.wav,i,1,,6-A,noise,subj20,m,viso,224
387,1669953090544,02/12/2022 03:51:30,1669953090070,-6,01/12/2022 21:51:30,92237,21,task-bsko,,25622444,BLIND,7588880,,complete,,638974fc642773387b0fa186,mobile,Apple iPhone,iOS 15.6.1,Mobile Safari 15.6.1,414x896,800x364,,Audio Naming Task,26,Block 6-A,soundCheckPassed,6-A,6-A,115,77,2,Screen 1,Zone4,response_button_text,1304,,,i,1,1,0,0,,,,,1,Trial (Noise),i_subj20_m_viso_224.wav,Babble_188.wav,i,1,,6-A,noise,subj20,m,viso,224
388,1669953090755,02/12/2022 03:51:30,1669953090380,-6,01/12/2022 21:51:30,92237,21,task-bsko,,25622444,BLIND,7588880,,complete,,638974fc642773387b0fa186,mobile,Apple iPhone,iOS 15.6.1,Mobile Safari 15.6.1,414x896,800x364,,Audio Naming Task,26,Block 6-A,soundCheckPassed,6-A,6-A,36,78,1,Screen 2,fixation,fixation,334,,,,,0,1,0,,,,,1,Trial (Noise),a_subj74_m_vaso_147.wav,Babble_132.wav,a,1,,6-A,noise,subj74,m,vaso,147
389,1669953090755,02/12/2022 03:51:30,1669953090400,-6,01/12/2022 21:51:30,92237,21,task-bsko,,25622444,BLIND,7588880,,complete,,638974fc642773387b0fa186,mobile,Apple iPhone,iOS 15.6.1,Mobile Safari 15.6.1,414x896,800x364,,Audio Naming Task,26,Block 6-A,soundCheckPassed,6-A,6-A,36,78,2,Screen 1,Zone6,content_web_audio,3,,,AUDIO PLAY REQUESTED,1,0,1,0,,,,,1,Trial (Noise),a_subj74_m_vaso_147.wav,Babble_132.wav,a,1,,6-A,noise,subj74,m,vaso,147
390,1669953090755,02/12/2022 03:51:30,1669953090401,-6,01/12/2022 21:51:30,92237,21,task-bsko,,25622444,BLIND,7588880,,complete,,638974fc642773387b0fa186,mobile,Apple iPhone,iOS 15.6.1,Mobile Safari 15.6.1,414x896,800x364,,Audio Naming Task,26,Block 6-A,soundCheckPassed,6-A,6-A,36,78,2,Screen 1,Zone8,content_web_audio,3.999999999985448,,,AUDIO PLAY REQUESTED,1,0,1,0,,,,,1,Trial (Noise),a_subj74_m_vaso_147.wav,Babble_132.wav,a,1,,6-A,noise,subj74,m,vaso,147
391,1669953090755,02/12/2022 03:51:30,1669953090402,-6,01/12/2022 21:51:30,92237,21,task-bsko,,25622444,BLIND,7588880,,complete,,638974fc642773387b0fa186,mobile,Apple iPhone,iOS 15.6.1,Mobile Safari 15.6.1,414x896,800x364,,Audio Naming Task,26,Block 6-A,soundCheckPassed,6-A,6-A,36,78,2,Screen 1,Zone7,content_web_audio,4.999999999985448,,,AUDIO PLAY REQUESTED,1,0,1,0,,,,,1,Trial (Noise),a_subj74_m_vaso_147.wav,Babble_132.wav,a,1,,6-A,noise,subj74,m,vaso,147
392,1669953091925,02/12/2022 03:51:31,1669953091604,-6,01/12/2022 21:51:31,92237,21,task-bsko,,25622444,BLIND,7588880,,complete,,638974fc642773387b0fa186,mobile,Apple iPhone,iOS 15.6.1,Mobile Safari 15.6.1,414x896,800x364,,Audio Naming Task,26,Block 6-A,soundCheckPassed,6-A,6-A,36,78,2,Screen 1,Zone1,response_button_text,1205.9999999999854,,,a,1,1,0,0,,,,,1,Trial (Noise),a_subj74_m_vaso_147.wav,Babble_132.wav,a,1,,6-A,noise,subj74,m,vaso,147
393,1669953092430,02/12/2022 03:51:32,1669953091947,-6,01/12/2022 21:51:31,92237,21,task-bsko,,25622444,BLIND,7588880,,complete,,638974fc642773387b0fa186,mobile,Apple iPhone,iOS 15.6.1,Mobile Safari 15.6.1,414x896,800x364,,Audio Naming Task,26,Block 6-A,soundCheckPassed,6-A,6-A,100,79,1,Screen 2,fixation,fixation,366,,,,,0,1,0,,,,,1,Trial (Noise),i_subj37_f_pica_131.wav,Babble_118.wav,i,1,,6-A,noise,subj37,f,pica,131
394,1669953092916,02/12/2022 03:51:32,1669953091968,-6,01/12/2022 21:51:31,92237,21,task-bsko,,25622444,BLIND,7588880,,complete,,638974fc642773387b0fa186,mobile,Apple iPhone,iOS 15.6.1,Mobile Safari 15.6.1,414x896,800x364,,Audio Naming Task,26,Block 6-A,soundCheckPassed,6-A,6-A,100,79,2,Screen 1,Zone6,content_web_audio,1,,,AUDIO PLAY REQUESTED,1,0,1,0,,,,,1,Trial (Noise),i_subj37_f_pica_131.wav,Babble_118.wav,i,1,,6-A,noise,subj37,f,pica,131
395,1669953092916,02/12/2022 03:51:32,1669953091970,-6,01/12/2022 21:51:31,92237,21,task-bsko,,25622444,BLIND,7588880,,complete,,638974fc642773387b0fa186,mobile,Apple iPhone,iOS 15.6.1,Mobile Safari 15.6.1,414x896,800x364,,Audio Naming Task,26,Block 6-A,soundCheckPassed,6-A,6-A,100,79,2,Screen 1,Zone8,content_web_audio,3,,,AUDIO PLAY REQUESTED,1,0,1,0,,,,,1,Trial (Noise),i_subj37_f_pica_131.wav,Babble_118.wav,i,1,,6-A,noise,subj37,f,pica,131
396,1669953092916,02/12/2022 03:51:32,1669953091970,-6,01/12/2022 21:51:31,92237,21,task-bsko,,25622444,BLIND,7588880,,complete,,638974fc642773387b0fa186,mobile,Apple iPhone,iOS 15.6.1,Mobile Safari 15.6.1,414x896,800x364,,Audio Naming Task,26,Block 6-A,soundCheckPassed,6-A,6-A,100,79,2,Screen 1,Zone7,content_web_audio,3,,,AUDIO PLAY REQUESTED,1,0,1,0,,,,,1,Trial (Noise),i_subj37_f_pica_131.wav,Babble_118.wav,i,1,,6-A,noise,subj37,f,pica,131
397,1669953093676,02/12/2022 03:51:33,1669953093221,-6,01/12/2022 21:51:33,92237,21,task-bsko,,25622444,BLIND,7588880,,complete,,638974fc642773387b0fa186,mobile,Apple iPhone,iOS 15.6.1,Mobile Safari 15.6.1,414x896,800x364,,Audio Naming Task,26,Block 6-A,soundCheckPassed,6-A,6-A,100,79,2,Screen 1,Zone4,response_button_text,1253,,,i,1,1,0,0,,,,,1,Trial (Noise),i_subj37_f_pica_131.wav,Babble_118.wav,i,1,,6-A,noise,subj37,f,pica,131
398,1669953093912,02/12/2022 03:51:33,1669953093580,-6,01/12/2022 21:51:33,92237,21,task-bsko,,25622444,BLIND,7588880,,complete,,638974fc642773387b0fa186,mobile,Apple iPhone,iOS 15.6.1,Mobile Safari 15.6.1,414x896,800x364,,Audio Naming Task,26,Block 6-A,soundCheckPassed,6-A,6-A,177,80,1,Screen 2,fixation,fixation,367,,,,,0,1,0,,,,,1,Trial (Noise),u_subj39_f_cuco_148.wav,Babble_068.wav,u,1,,6-A,noise,subj39,f,cuco,148
399,1669953093912,02/12/2022 03:51:33,1669953093601,-6,01/12/2022 21:51:33,92237,21,task-bsko,,25622444,BLIND,7588880,,complete,,638974fc642773387b0fa186,mobile,Apple iPhone,iOS 15.6.1,Mobile Safari 15.6.1,414x896,800x364,,Audio Naming Task,26,Block 6-A,soundCheckPassed,6-A,6-A,177,80,2,Screen 1,Zone6,content_web_audio,2.000000000014552,,,AUDIO PLAY REQUESTED,1,0,1,0,,,,,1,Trial (Noise),u_subj39_f_cuco_148.wav,Babble_068.wav,u,1,,6-A,noise,subj39,f,cuco,148
400,1669953093912,02/12/2022 03:51:33,1669953093602,-6,01/12/2022 21:51:33,92237,21,task-bsko,,25622444,BLIND,7588880,,complete,,638974fc642773387b0fa186,mobile,Apple iPhone,iOS 15.6.1,Mobile Safari 15.6.1,414x896,800x364,,Audio Naming Task,26,Block 6-A,soundCheckPassed,6-A,6-A,177,80,2,Screen 1,Zone8,content_web_audio,2.999999999985448,,,AUDIO PLAY REQUESTED,1,0,1,0,,,,,1,Trial (Noise),u_subj39_f_cuco_148.wav,Babble_068.wav,u,1,,6-A,noise,subj39,f,cuco,148
401,1669953093912,02/12/2022 03:51:33,1669953093603,-6,01/12/2022 21:51:33,92237,21,task-bsko,,25622444,BLIND,7588880,,complete,,638974fc642773387b0fa186,mobile,Apple iPhone,iOS 15.6.1,Mobile Safari 15.6.1,414x896,800x364,,Audio Naming Task,26,Block 6-A,soundCheckPassed,6-A,6-A,177,80,2,Screen 1,Zone7,content_web_audio,4,,,AUDIO PLAY REQUESTED,1,0,1,0,,,,,1,Trial (Noise),u_subj39_f_cuco_148.wav,Babble_068.wav,u,1,,6-A,noise,subj39,f,cuco,148
402,1669953095363,02/12/2022 03:51:35,1669953094787,-6,01/12/2022 21:51:34,92237,21,task-bsko,,25622444,BLIND,7588880,,complete,,638974fc642773387b0fa186,mobile,Apple iPhone,iOS 15.6.1,Mobile Safari 15.6.1,414x896,800x364,,Audio Naming Task,26,Block 6-A,soundCheckPassed,6-A,6-A,177,80,2,Screen 1,Zone2,response_button_text,1186.9999999999854,,,u,1,1,0,0,,,,,1,Trial (Noise),u_subj39_f_cuco_148.wav,Babble_068.wav,u,1,,6-A,noise,subj39,f,cuco,148
403,1669953095590,02/12/2022 03:51:35,1669953095146,-6,01/12/2022 21:51:35,92237,21,task-bsko,,25622444,BLIND,7588880,,complete,,638974fc642773387b0fa186,mobile,Apple iPhone,iOS 15.6.1,Mobile Safari 15.6.1,414x896,800x364,,Audio Naming Task,26,Block 6-A,soundCheckPassed,6-A,6-A,57,81,1,Screen 2,fixation,fixation,366,,,,,0,1,0,,,,,1,Trial (Noise),e_subj20_m_seco_190.wav,Babble_120.wav,e,1,,6-A,noise,subj20,m,seco,190
404,1669953095590,02/12/2022 03:51:35,1669953095165,-6,01/12/2022 21:51:35,92237,21,task-bsko,,25622444,BLIND,7588880,,complete,,638974fc642773387b0fa186,mobile,Apple iPhone,iOS 15.6.1,Mobile Safari 15.6.1,414x896,800x364,,Audio Naming Task,26,Block 6-A,soundCheckPassed,6-A,6-A,57,81,2,Screen 1,Zone6,content_web_audio,2.000000000014552,,,AUDIO PLAY REQUESTED,1,0,1,0,,,,,1,Trial (Noise),e_subj20_m_seco_190.wav,Babble_120.wav,e,1,,6-A,noise,subj20,m,seco,190
405,1669953095590,02/12/2022 03:51:35,1669953095166,-6,01/12/2022 21:51:35,92237,21,task-bsko,,25622444,BLIND,7588880,,complete,,638974fc642773387b0fa186,mobile,Apple iPhone,iOS 15.6.1,Mobile Safari 15.6.1,414x896,800x364,,Audio Naming Task,26,Block 6-A,soundCheckPassed,6-A,6-A,57,81,2,Screen 1,Zone8,content_web_audio,3.000000000014552,,,AUDIO PLAY REQUESTED,1,0,1,0,,,,,1,Trial (Noise),e_subj20_m_seco_190.wav,Babble_120.wav,e,1,,6-A,noise,subj20,m,seco,190
406,1669953095590,02/12/2022 03:51:35,1669953095167,-6,01/12/2022 21:51:35,92237,21,task-bsko,,25622444,BLIND,7588880,,complete,,638974fc642773387b0fa186,mobile,Apple iPhone,iOS 15.6.1,Mobile Safari 15.6.1,414x896,800x364,,Audio Naming Task,26,Block 6-A,soundCheckPassed,6-A,6-A,57,81,2,Screen 1,Zone7,content_web_audio,3.999999999985448,,,AUDIO PLAY REQUESTED,1,0,1,0,,,,,1,Trial (Noise),e_subj20_m_seco_190.wav,Babble_120.wav,e,1,,6-A,noise,subj20,m,seco,190
407,1669953096785,02/12/2022 03:51:36,1669953096254,-6,01/12/2022 21:51:36,92237,21,task-bsko,,25622444,BLIND,7588880,,complete,,638974fc642773387b0fa186,mobile,Apple iPhone,iOS 15.6.1,Mobile Safari 15.6.1,414x896,800x364,,Audio Naming Task,26,Block 6-A,soundCheckPassed,6-A,6-A,57,81,2,Screen 1,Zone5,response_button_text,1089,,,e,1,1,0,0,,,,,1,Trial (Noise),e_subj20_m_seco_190.wav,Babble_120.wav,e,1,,6-A,noise,subj20,m,seco,190
408,1669953097001,02/12/2022 03:51:37,1669953096580,-6,01/12/2022 21:51:36,92237,21,task-bsko,,25622444,BLIND,7588880,,complete,,638974fc642773387b0fa186,mobile,Apple iPhone,iOS 15.6.1,Mobile Safari 15.6.1,414x896,800x364,,Audio Naming Task,26,Block 6-A,soundCheckPassed,6-A,6-A,146,82,1,Screen 2,fixation,fixation,334,,,,,0,1,0,,,,,1,Trial (Noise),o_subj72_m_toco_62.wav,Babble_169.wav,o,1,,6-A,noise,subj72,m,toco,62
409,1669953097001,02/12/2022 03:51:37,1669953096598,-6,01/12/2022 21:51:36,92237,21,task-bsko,,25622444,BLIND,7588880,,complete,,638974fc642773387b0fa186,mobile,Apple iPhone,iOS 15.6.1,Mobile Safari 15.6.1,414x896,800x364,,Audio Naming Task,26,Block 6-A,soundCheckPassed,6-A,6-A,146,82,2,Screen 1,Zone6,content_web_audio,2.000000000014552,,,AUDIO PLAY REQUESTED,1,0,1,0,,,,,1,Trial (Noise),o_subj72_m_toco_62.wav,Babble_169.wav,o,1,,6-A,noise,subj72,m,toco,62
410,1669953097001,02/12/2022 03:51:37,1669953096599,-6,01/12/2022 21:51:36,92237,21,task-bsko,,25622444,BLIND,7588880,,complete,,638974fc642773387b0fa186,mobile,Apple iPhone,iOS 15.6.1,Mobile Safari 15.6.1,414x896,800x364,,Audio Naming Task,26,Block 6-A,soundCheckPassed,6-A,6-A,146,82,2,Screen 1,Zone8,content_web_audio,3.000000000014552,,,AUDIO PLAY REQUESTED,1,0,1,0,,,,,1,Trial (Noise),o_subj72_m_toco_62.wav,Babble_169.wav,o,1,,6-A,noise,subj72,m,toco,62
411,1669953097001,02/12/2022 03:51:37,1669953096600,-6,01/12/2022 21:51:36,92237,21,task-bsko,,25622444,BLIND,7588880,,complete,,638974fc642773387b0fa186,mobile,Apple iPhone,iOS 15.6.1,Mobile Safari 15.6.1,414x896,800x364,,Audio Naming Task,26,Block 6-A,soundCheckPassed,6-A,6-A,146,82,2,Screen 1,Zone7,content_web_audio,4.000000000029104,,,AUDIO PLAY REQUESTED,1,0,1,0,,,,,1,Trial (Noise),o_subj72_m_toco_62.wav,Babble_169.wav,o,1,,6-A,noise,subj72,m,toco,62
412,1669953098103,02/12/2022 03:51:38,1669953097821,-6,01/12/2022 21:51:37,92237,21,task-bsko,,25622444,BLIND,7588880,,complete,,638974fc642773387b0fa186,mobile,Apple iPhone,iOS 15.6.1,Mobile Safari 15.6.1,414x896,800x364,,Audio Naming Task,26,Block 6-A,soundCheckPassed,6-A,6-A,146,82,2,Screen 1,Zone3,response_button_text,1224.0000000000146,,,o,1,1,0,0,,,,,1,Trial (Noise),o_subj72_m_toco_62.wav,Babble_169.wav,o,1,,6-A,noise,subj72,m,toco,62
413,1669953098682,02/12/2022 03:51:38,1669953098180,-6,01/12/2022 21:51:38,92237,21,task-bsko,,25622444,BLIND,7588880,,complete,,638974fc642773387b0fa186,mobile,Apple iPhone,iOS 15.6.1,Mobile Safari 15.6.1,414x896,800x364,,Audio Naming Task,26,Block 6-A,soundCheckPassed,6-A,6-A,144,83,1,Screen 2,fixation,fixation,366,,,,,0,1,0,,,,,1,Trial (Noise),o_subj31_m_toque_417.wav,Babble_098.wav,o,1,,6-A,noise,subj31,m,toque,417
414,1669953099240,02/12/2022 03:51:39,1669953098199,-6,01/12/2022 21:51:38,92237,21,task-bsko,,25622444,BLIND,7588880,,complete,,638974fc642773387b0fa186,mobile,Apple iPhone,iOS 15.6.1,Mobile Safari 15.6.1,414x896,800x364,,Audio Naming Task,26,Block 6-A,soundCheckPassed,6-A,6-A,144,83,2,Screen 1,Zone6,content_web_audio,2,,,AUDIO PLAY REQUESTED,1,0,1,0,,,,,1,Trial (Noise),o_subj31_m_toque_417.wav,Babble_098.wav,o,1,,6-A,noise,subj31,m,toque,417
415,1669953099240,02/12/2022 03:51:39,1669953098200,-6,01/12/2022 21:51:38,92237,21,task-bsko,,25622444,BLIND,7588880,,complete,,638974fc642773387b0fa186,mobile,Apple iPhone,iOS 15.6.1,Mobile Safari 15.6.1,414x896,800x364,,Audio Naming Task,26,Block 6-A,soundCheckPassed,6-A,6-A,144,83,2,Screen 1,Zone8,content_web_audio,3,,,AUDIO PLAY REQUESTED,1,0,1,0,,,,,1,Trial (Noise),o_subj31_m_toque_417.wav,Babble_098.wav,o,1,,6-A,noise,subj31,m,toque,417
416,1669953099240,02/12/2022 03:51:39,1669953098200,-6,01/12/2022 21:51:38,92237,21,task-bsko,,25622444,BLIND,7588880,,complete,,638974fc642773387b0fa186,mobile,Apple iPhone,iOS 15.6.1,Mobile Safari 15.6.1,414x896,800x364,,Audio Naming Task,26,Block 6-A,soundCheckPassed,6-A,6-A,144,83,2,Screen 1,Zone7,content_web_audio,4,,,AUDIO PLAY REQUESTED,1,0,1,0,,,,,1,Trial (Noise),o_subj31_m_toque_417.wav,Babble_098.wav,o,1,,6-A,noise,subj31,m,toque,417
417,1669953099865,02/12/2022 03:51:39,1669953099312,-6,01/12/2022 21:51:39,92237,21,task-bsko,,25622444,BLIND,7588880,,complete,,638974fc642773387b0fa186,mobile,Apple iPhone,iOS 15.6.1,Mobile Safari 15.6.1,414x896,800x364,,Audio Naming Task,26,Block 6-A,soundCheckPassed,6-A,6-A,144,83,2,Screen 1,Zone2,response_button_text,1114,,,u,1,0,1,0,,,,,1,Trial (Noise),o_subj31_m_toque_417.wav,Babble_098.wav,o,1,,6-A,noise,subj31,m,toque,417
418,1669953100066,02/12/2022 03:51:40,1669953099613,-6,01/12/2022 21:51:39,92237,21,task-bsko,,25622444,BLIND,7588880,,complete,,638974fc642773387b0fa186,mobile,Apple iPhone,iOS 15.6.1,Mobile Safari 15.6.1,414x896,800x364,,Audio Naming Task,26,Block 6-A,soundCheckPassed,6-A,6-A,106,84,1,Screen 2,fixation,fixation,334,,,,,0,1,0,,,,,1,Trial (Noise),i_subj76_m_viso_316.wav,Babble_174.wav,i,1,,6-A,noise,subj76,m,viso,316
419,1669953100066,02/12/2022 03:51:40,1669953099631,-6,01/12/2022 21:51:39,92237,21,task-bsko,,25622444,BLIND,7588880,,complete,,638974fc642773387b0fa186,mobile,Apple iPhone,iOS 15.6.1,Mobile Safari 15.6.1,414x896,800x364,,Audio Naming Task,26,Block 6-A,soundCheckPassed,6-A,6-A,106,84,2,Screen 1,Zone6,content_web_audio,2.000000000029104,,,AUDIO PLAY REQUESTED,1,0,1,0,,,,,1,Trial (Noise),i_subj76_m_viso_316.wav,Babble_174.wav,i,1,,6-A,noise,subj76,m,viso,316
420,1669953100066,02/12/2022 03:51:40,1669953099632,-6,01/12/2022 21:51:39,92237,21,task-bsko,,25622444,BLIND,7588880,,complete,,638974fc642773387b0fa186,mobile,Apple iPhone,iOS 15.6.1,Mobile Safari 15.6.1,414x896,800x364,,Audio Naming Task,26,Block 6-A,soundCheckPassed,6-A,6-A,106,84,2,Screen 1,Zone8,content_web_audio,3,,,AUDIO PLAY REQUESTED,1,0,1,0,,,,,1,Trial (Noise),i_subj76_m_viso_316.wav,Babble_174.wav,i,1,,6-A,noise,subj76,m,viso,316
421,1669953100066,02/12/2022 03:51:40,1669953099632,-6,01/12/2022 21:51:39,92237,21,task-bsko,,25622444,BLIND,7588880,,complete,,638974fc642773387b0fa186,mobile,Apple iPhone,iOS 15.6.1,Mobile Safari 15.6.1,414x896,800x364,,Audio Naming Task,26,Block 6-A,soundCheckPassed,6-A,6-A,106,84,2,Screen 1,Zone7,content_web_audio,4,,,AUDIO PLAY REQUESTED,1,0,1,0,,,,,1,Trial (Noise),i_subj76_m_viso_316.wav,Babble_174.wav,i,1,,6-A,noise,subj76,m,viso,316
422,1669953101097,02/12/2022 03:51:41,1669953100820,-6,01/12/2022 21:51:40,92237,21,task-bsko,,25622444,BLIND,7588880,,complete,,638974fc642773387b0fa186,mobile,Apple iPhone,iOS 15.6.1,Mobile Safari 15.6.1,414x896,800x364,,Audio Naming Task,26,Block 6-A,soundCheckPassed,6-A,6-A,106,84,2,Screen 1,Zone4,response_button_text,1190,,,i,1,1,0,0,,,,,1,Trial (Noise),i_subj76_m_viso_316.wav,Babble_174.wav,i,1,,6-A,noise,subj76,m,viso,316
423,1669953101617,02/12/2022 03:51:41,1669953101146,-6,01/12/2022 21:51:41,92237,21,task-bsko,,25622444,BLIND,7588880,,complete,,638974fc642773387b0fa186,mobile,Apple iPhone,iOS 15.6.1,Mobile Safari 15.6.1,414x896,800x364,,Audio Naming Task,26,Block 6-A,soundCheckPassed,6-A,6-A,98,85,1,Screen 2,fixation,fixation,334,,,,,0,1,0,,,,,1,Trial (Noise),i_subj7_f_quite_144.wav,Babble_006.wav,i,1,,6-A,noise,subj7,f,quite,144
424,1669953102013,02/12/2022 03:51:42,1669953101166,-6,01/12/2022 21:51:41,92237,21,task-bsko,,25622444,BLIND,7588880,,complete,,638974fc642773387b0fa186,mobile,Apple iPhone,iOS 15.6.1,Mobile Safari 15.6.1,414x896,800x364,,Audio Naming Task,26,Block 6-A,soundCheckPassed,6-A,6-A,98,85,2,Screen 1,Zone6,content_web_audio,2,,,AUDIO PLAY REQUESTED,1,0,1,0,,,,,1,Trial (Noise),i_subj7_f_quite_144.wav,Babble_006.wav,i,1,,6-A,noise,subj7,f,quite,144
425,1669953102013,02/12/2022 03:51:42,1669953101167,-6,01/12/2022 21:51:41,92237,21,task-bsko,,25622444,BLIND,7588880,,complete,,638974fc642773387b0fa186,mobile,Apple iPhone,iOS 15.6.1,Mobile Safari 15.6.1,414x896,800x364,,Audio Naming Task,26,Block 6-A,soundCheckPassed,6-A,6-A,98,85,2,Screen 1,Zone8,content_web_audio,3,,,AUDIO PLAY REQUESTED,1,0,1,0,,,,,1,Trial (Noise),i_subj7_f_quite_144.wav,Babble_006.wav,i,1,,6-A,noise,subj7,f,quite,144
426,1669953102013,02/12/2022 03:51:42,1669953101168,-6,01/12/2022 21:51:41,92237,21,task-bsko,,25622444,BLIND,7588880,,complete,,638974fc642773387b0fa186,mobile,Apple iPhone,iOS 15.6.1,Mobile Safari 15.6.1,414x896,800x364,,Audio Naming Task,26,Block 6-A,soundCheckPassed,6-A,6-A,98,85,2,Screen 1,Zone7,content_web_audio,4,,,AUDIO PLAY REQUESTED,1,0,1,0,,,,,1,Trial (Noise),i_subj7_f_quite_144.wav,Babble_006.wav,i,1,,6-A,noise,subj7,f,quite,144
427,1669953102729,02/12/2022 03:51:42,1669953102187,-6,01/12/2022 21:51:42,92237,21,task-bsko,,25622444,BLIND,7588880,,complete,,638974fc642773387b0fa186,mobile,Apple iPhone,iOS 15.6.1,Mobile Safari 15.6.1,414x896,800x364,,Audio Naming Task,26,Block 6-A,soundCheckPassed,6-A,6-A,98,85,2,Screen 1,Zone4,response_button_text,1022,,,i,1,1,0,0,,,,,1,Trial (Noise),i_subj7_f_quite_144.wav,Babble_006.wav,i,1,,6-A,noise,subj7,f,quite,144
428,1669953102922,02/12/2022 03:51:42,1669953102546,-6,01/12/2022 21:51:42,92237,21,task-bsko,,25622444,BLIND,7588880,,complete,,638974fc642773387b0fa186,mobile,Apple iPhone,iOS 15.6.1,Mobile Safari 15.6.1,414x896,800x364,,Audio Naming Task,26,Block 6-A,soundCheckPassed,6-A,6-A,31,86,1,Screen 2,fixation,fixation,367,,,,,0,1,0,,,,,1,Trial (Noise),a_subj20_m_pata_184.wav,Babble_099.wav,a,1,,6-A,noise,subj20,m,pata,184
429,1669953102922,02/12/2022 03:51:42,1669953102565,-6,01/12/2022 21:51:42,92237,21,task-bsko,,25622444,BLIND,7588880,,complete,,638974fc642773387b0fa186,mobile,Apple iPhone,iOS 15.6.1,Mobile Safari 15.6.1,414x896,800x364,,Audio Naming Task,26,Block 6-A,soundCheckPassed,6-A,6-A,31,86,2,Screen 1,Zone6,content_web_audio,2,,,AUDIO PLAY REQUESTED,1,0,1,0,,,,,1,Trial (Noise),a_subj20_m_pata_184.wav,Babble_099.wav,a,1,,6-A,noise,subj20,m,pata,184
430,1669953102922,02/12/2022 03:51:42,1669953102566,-6,01/12/2022 21:51:42,92237,21,task-bsko,,25622444,BLIND,7588880,,complete,,638974fc642773387b0fa186,mobile,Apple iPhone,iOS 15.6.1,Mobile Safari 15.6.1,414x896,800x364,,Audio Naming Task,26,Block 6-A,soundCheckPassed,6-A,6-A,31,86,2,Screen 1,Zone8,content_web_audio,3,,,AUDIO PLAY REQUESTED,1,0,1,0,,,,,1,Trial (Noise),a_subj20_m_pata_184.wav,Babble_099.wav,a,1,,6-A,noise,subj20,m,pata,184
431,1669953102922,02/12/2022 03:51:42,1669953102567,-6,01/12/2022 21:51:42,92237,21,task-bsko,,25622444,BLIND,7588880,,complete,,638974fc642773387b0fa186,mobile,Apple iPhone,iOS 15.6.1,Mobile Safari 15.6.1,414x896,800x364,,Audio Naming Task,26,Block 6-A,soundCheckPassed,6-A,6-A,31,86,2,Screen 1,Zone7,content_web_audio,4,,,AUDIO PLAY REQUESTED,1,0,1,0,,,,,1,Trial (Noise),a_subj20_m_pata_184.wav,Babble_099.wav,a,1,,6-A,noise,subj20,m,pata,184
432,1669953103979,02/12/2022 03:51:43,1669953103645,-6,01/12/2022 21:51:43,92237,21,task-bsko,,25622444,BLIND,7588880,,complete,,638974fc642773387b0fa186,mobile,Apple iPhone,iOS 15.6.1,Mobile Safari 15.6.1,414x896,800x364,,Audio Naming Task,26,Block 6-A,soundCheckPassed,6-A,6-A,31,86,2,Screen 1,Zone1,response_button_text,1080,,,a,1,1,0,0,,,,,1,Trial (Noise),a_subj20_m_pata_184.wav,Babble_099.wav,a,1,,6-A,noise,subj20,m,pata,184
433,1669953104410,02/12/2022 03:51:44,1669953103946,-6,01/12/2022 21:51:43,92237,21,task-bsko,,25622444,BLIND,7588880,,complete,,638974fc642773387b0fa186,mobile,Apple iPhone,iOS 15.6.1,Mobile Safari 15.6.1,414x896,800x364,,Audio Naming Task,26,Block 6-A,soundCheckPassed,6-A,6-A,130,87,1,Screen 2,fixation,fixation,334,,,,,0,1,0,,,,,1,Trial (Noise),o_subj17_f_toque_178.wav,Babble_152.wav,o,1,,6-A,noise,subj17,f,toque,178
434,1669953104800,02/12/2022 03:51:44,1669953103965,-6,01/12/2022 21:51:43,92237,21,task-bsko,,25622444,BLIND,7588880,,complete,,638974fc642773387b0fa186,mobile,Apple iPhone,iOS 15.6.1,Mobile Safari 15.6.1,414x896,800x364,,Audio Naming Task,26,Block 6-A,soundCheckPassed,6-A,6-A,130,87,2,Screen 1,Zone6,content_web_audio,1.9999999999708962,,,AUDIO PLAY REQUESTED,1,0,1,0,,,,,1,Trial (Noise),o_subj17_f_toque_178.wav,Babble_152.wav,o,1,,6-A,noise,subj17,f,toque,178
435,1669953104800,02/12/2022 03:51:44,1669953103967,-6,01/12/2022 21:51:43,92237,21,task-bsko,,25622444,BLIND,7588880,,complete,,638974fc642773387b0fa186,mobile,Apple iPhone,iOS 15.6.1,Mobile Safari 15.6.1,414x896,800x364,,Audio Naming Task,26,Block 6-A,soundCheckPassed,6-A,6-A,130,87,2,Screen 1,Zone8,content_web_audio,2.999999999970896,,,AUDIO PLAY REQUESTED,1,0,1,0,,,,,1,Trial (Noise),o_subj17_f_toque_178.wav,Babble_152.wav,o,1,,6-A,noise,subj17,f,toque,178
436,1669953104800,02/12/2022 03:51:44,1669953103968,-6,01/12/2022 21:51:43,92237,21,task-bsko,,25622444,BLIND,7588880,,complete,,638974fc642773387b0fa186,mobile,Apple iPhone,iOS 15.6.1,Mobile Safari 15.6.1,414x896,800x364,,Audio Naming Task,26,Block 6-A,soundCheckPassed,6-A,6-A,130,87,2,Screen 1,Zone7,content_web_audio,3.999999999970896,,,AUDIO PLAY REQUESTED,1,0,1,0,,,,,1,Trial (Noise),o_subj17_f_toque_178.wav,Babble_152.wav,o,1,,6-A,noise,subj17,f,toque,178
437,1669953105598,02/12/2022 03:51:45,1669953105069,-6,01/12/2022 21:51:45,92237,21,task-bsko,,25622444,BLIND,7588880,,complete,,638974fc642773387b0fa186,mobile,Apple iPhone,iOS 15.6.1,Mobile Safari 15.6.1,414x896,800x364,,Audio Naming Task,26,Block 6-A,soundCheckPassed,6-A,6-A,130,87,2,Screen 1,Zone3,response_button_text,1104.999999999971,,,o,1,1,0,0,,,,,1,Trial (Noise),o_subj17_f_toque_178.wav,Babble_152.wav,o,1,,6-A,noise,subj17,f,toque,178
438,1669953105800,02/12/2022 03:51:45,1669953105412,-6,01/12/2022 21:51:45,92237,21,task-bsko,,25622444,BLIND,7588880,,complete,,638974fc642773387b0fa186,mobile,Apple iPhone,iOS 15.6.1,Mobile Safari 15.6.1,414x896,800x364,,Audio Naming Task,26,Block 6-A,soundCheckPassed,6-A,6-A,140,88,1,Screen 2,fixation,fixation,366,,,,,0,1,0,,,,,1,Trial (Noise),o_subj27_f_bota_163.wav,Babble_163.wav,o,1,,6-A,noise,subj27,f,bota,163
439,1669953105800,02/12/2022 03:51:45,1669953105429,-6,01/12/2022 21:51:45,92237,21,task-bsko,,25622444,BLIND,7588880,,complete,,638974fc642773387b0fa186,mobile,Apple iPhone,iOS 15.6.1,Mobile Safari 15.6.1,414x896,800x364,,Audio Naming Task,26,Block 6-A,soundCheckPassed,6-A,6-A,140,88,2,Screen 1,Zone6,content_web_audio,2,,,AUDIO PLAY REQUESTED,1,0,1,0,,,,,1,Trial (Noise),o_subj27_f_bota_163.wav,Babble_163.wav,o,1,,6-A,noise,subj27,f,bota,163
440,1669953105800,02/12/2022 03:51:45,1669953105430,-6,01/12/2022 21:51:45,92237,21,task-bsko,,25622444,BLIND,7588880,,complete,,638974fc642773387b0fa186,mobile,Apple iPhone,iOS 15.6.1,Mobile Safari 15.6.1,414x896,800x364,,Audio Naming Task,26,Block 6-A,soundCheckPassed,6-A,6-A,140,88,2,Screen 1,Zone8,content_web_audio,3,,,AUDIO PLAY REQUESTED,1,0,1,0,,,,,1,Trial (Noise),o_subj27_f_bota_163.wav,Babble_163.wav,o,1,,6-A,noise,subj27,f,bota,163
441,1669953105800,02/12/2022 03:51:45,1669953105431,-6,01/12/2022 21:51:45,92237,21,task-bsko,,25622444,BLIND,7588880,,complete,,638974fc642773387b0fa186,mobile,Apple iPhone,iOS 15.6.1,Mobile Safari 15.6.1,414x896,800x364,,Audio Naming Task,26,Block 6-A,soundCheckPassed,6-A,6-A,140,88,2,Screen 1,Zone7,content_web_audio,4,,,AUDIO PLAY REQUESTED,1,0,1,0,,,,,1,Trial (Noise),o_subj27_f_bota_163.wav,Babble_163.wav,o,1,,6-A,noise,subj27,f,bota,163
442,1669953107030,02/12/2022 03:51:47,1669953106520,-6,01/12/2022 21:51:46,92237,21,task-bsko,,25622444,BLIND,7588880,,complete,,638974fc642773387b0fa186,mobile,Apple iPhone,iOS 15.6.1,Mobile Safari 15.6.1,414x896,800x364,,Audio Naming Task,26,Block 6-A,soundCheckPassed,6-A,6-A,140,88,2,Screen 1,Zone3,response_button_text,1091,,,o,1,1,0,0,,,,,1,Trial (Noise),o_subj27_f_bota_163.wav,Babble_163.wav,o,1,,6-A,noise,subj27,f,bota,163
443,1669953107236,02/12/2022 03:51:47,1669953106846,-6,01/12/2022 21:51:46,92237,21,task-bsko,,25622444,BLIND,7588880,,complete,,638974fc642773387b0fa186,mobile,Apple iPhone,iOS 15.6.1,Mobile Safari 15.6.1,414x896,800x364,,Audio Naming Task,26,Block 6-A,soundCheckPassed,6-A,6-A,51,89,1,Screen 2,fixation,fixation,334,,,,,0,1,0,,,,,1,Trial (Noise),e_subj76_m_seque_149.wav,Babble_174.wav,e,1,,6-A,noise,subj76,m,seque,149
444,1669953107236,02/12/2022 03:51:47,1669953106864,-6,01/12/2022 21:51:46,92237,21,task-bsko,,25622444,BLIND,7588880,,complete,,638974fc642773387b0fa186,mobile,Apple iPhone,iOS 15.6.1,Mobile Safari 15.6.1,414x896,800x364,,Audio Naming Task,26,Block 6-A,soundCheckPassed,6-A,6-A,51,89,2,Screen 1,Zone6,content_web_audio,1.9999999999708962,,,AUDIO PLAY REQUESTED,1,0,1,0,,,,,1,Trial (Noise),e_subj76_m_seque_149.wav,Babble_174.wav,e,1,,6-A,noise,subj76,m,seque,149
445,1669953107236,02/12/2022 03:51:47,1669953106865,-6,01/12/2022 21:51:46,92237,21,task-bsko,,25622444,BLIND,7588880,,complete,,638974fc642773387b0fa186,mobile,Apple iPhone,iOS 15.6.1,Mobile Safari 15.6.1,414x896,800x364,,Audio Naming Task,26,Block 6-A,soundCheckPassed,6-A,6-A,51,89,2,Screen 1,Zone8,content_web_audio,2.999999999970896,,,AUDIO PLAY REQUESTED,1,0,1,0,,,,,1,Trial (Noise),e_subj76_m_seque_149.wav,Babble_174.wav,e,1,,6-A,noise,subj76,m,seque,149
446,1669953107236,02/12/2022 03:51:47,1669953106866,-6,01/12/2022 21:51:46,92237,21,task-bsko,,25622444,BLIND,7588880,,complete,,638974fc642773387b0fa186,mobile,Apple iPhone,iOS 15.6.1,Mobile Safari 15.6.1,414x896,800x364,,Audio Naming Task,26,Block 6-A,soundCheckPassed,6-A,6-A,51,89,2,Screen 1,Zone7,content_web_audio,3.999999999970896,,,AUDIO PLAY REQUESTED,1,0,1,0,,,,,1,Trial (Noise),e_subj76_m_seque_149.wav,Babble_174.wav,e,1,,6-A,noise,subj76,m,seque,149
447,1669953108288,02/12/2022 03:51:48,1669953107978,-6,01/12/2022 21:51:47,92237,21,task-bsko,,25622444,BLIND,7588880,,complete,,638974fc642773387b0fa186,mobile,Apple iPhone,iOS 15.6.1,Mobile Safari 15.6.1,414x896,800x364,,Audio Naming Task,26,Block 6-A,soundCheckPassed,6-A,6-A,51,89,2,Screen 1,Zone5,response_button_text,1113.999999999971,,,e,1,1,0,0,,,,,1,Trial (Noise),e_subj76_m_seque_149.wav,Babble_174.wav,e,1,,6-A,noise,subj76,m,seque,149
448,1669953108757,02/12/2022 03:51:48,1669953108279,-6,01/12/2022 21:51:48,92237,21,task-bsko,,25622444,BLIND,7588880,,complete,,638974fc642773387b0fa186,mobile,Apple iPhone,iOS 15.6.1,Mobile Safari 15.6.1,414x896,800x364,,Audio Naming Task,26,Block 6-A,soundCheckPassed,6-A,6-A,6,90,1,Screen 2,fixation,fixation,333,,,,,0,1,0,,,,,1,Trial (Noise),a_subj36_f_saco_289.wav,Babble_145.wav,a,1,,6-A,noise,subj36,f,saco,289
449,1669953109148,02/12/2022 03:51:49,1669953108299,-6,01/12/2022 21:51:48,92237,21,task-bsko,,25622444,BLIND,7588880,,complete,,638974fc642773387b0fa186,mobile,Apple iPhone,iOS 15.6.1,Mobile Safari 15.6.1,414x896,800x364,,Audio Naming Task,26,Block 6-A,soundCheckPassed,6-A,6-A,6,90,2,Screen 1,Zone6,content_web_audio,1,,,AUDIO PLAY REQUESTED,1,0,1,0,,,,,1,Trial (Noise),a_subj36_f_saco_289.wav,Babble_145.wav,a,1,,6-A,noise,subj36,f,saco,289
450,1669953109148,02/12/2022 03:51:49,1669953108300,-6,01/12/2022 21:51:48,92237,21,task-bsko,,25622444,BLIND,7588880,,complete,,638974fc642773387b0fa186,mobile,Apple iPhone,iOS 15.6.1,Mobile Safari 15.6.1,414x896,800x364,,Audio Naming Task,26,Block 6-A,soundCheckPassed,6-A,6-A,6,90,2,Screen 1,Zone8,content_web_audio,2,,,AUDIO PLAY REQUESTED,1,0,1,0,,,,,1,Trial (Noise),a_subj36_f_saco_289.wav,Babble_145.wav,a,1,,6-A,noise,subj36,f,saco,289
451,1669953109148,02/12/2022 03:51:49,1669953108301,-6,01/12/2022 21:51:48,92237,21,task-bsko,,25622444,BLIND,7588880,,complete,,638974fc642773387b0fa186,mobile,Apple iPhone,iOS 15.6.1,Mobile Safari 15.6.1,414x896,800x364,,Audio Naming Task,26,Block 6-A,soundCheckPassed,6-A,6-A,6,90,2,Screen 1,Zone7,content_web_audio,3,,,AUDIO PLAY REQUESTED,1,0,1,0,,,,,1,Trial (Noise),a_subj36_f_saco_289.wav,Babble_145.wav,a,1,,6-A,noise,subj36,f,saco,289
452,1669953109900,02/12/2022 03:51:49,1669953109402,-6,01/12/2022 21:51:49,92237,21,task-bsko,,25622444,BLIND,7588880,,complete,,638974fc642773387b0fa186,mobile,Apple iPhone,iOS 15.6.1,Mobile Safari 15.6.1,414x896,800x364,,Audio Naming Task,26,Block 6-A,soundCheckPassed,6-A,6-A,6,90,2,Screen 1,Zone1,response_button_text,1104,,,a,1,1,0,0,,,,,1,Trial (Noise),a_subj36_f_saco_289.wav,Babble_145.wav,a,1,,6-A,noise,subj36,f,saco,289
453,1669953110243,02/12/2022 03:51:50,1669953109745,-6,01/12/2022 21:51:49,92237,21,task-bsko,,25622444,BLIND,7588880,,complete,,638974fc642773387b0fa186,mobile,Apple iPhone,iOS 15.6.1,Mobile Safari 15.6.1,414x896,800x364,,Audio Naming Task,26,Block 6-A,soundCheckPassed,6-A,6-A,150,91,1,Screen 2,fixation,fixation,366,,,,,0,1,0,,,,,1,Trial (Noise),o_subj1_m_bota_90.wav,Babble_003.wav,o,1,,6-A,noise,subj1,m,bota,90
454,1669953110243,02/12/2022 03:51:50,1669953109764,-6,01/12/2022 21:51:49,92237,21,task-bsko,,25622444,BLIND,7588880,,complete,,638974fc642773387b0fa186,mobile,Apple iPhone,iOS 15.6.1,Mobile Safari 15.6.1,414x896,800x364,,Audio Naming Task,26,Block 6-A,soundCheckPassed,6-A,6-A,150,91,2,Screen 1,Zone6,content_web_audio,1.9999999999708962,,,AUDIO PLAY REQUESTED,1,0,1,0,,,,,1,Trial (Noise),o_subj1_m_bota_90.wav,Babble_003.wav,o,1,,6-A,noise,subj1,m,bota,90
455,1669953110243,02/12/2022 03:51:50,1669953109765,-6,01/12/2022 21:51:49,92237,21,task-bsko,,25622444,BLIND,7588880,,complete,,638974fc642773387b0fa186,mobile,Apple iPhone,iOS 15.6.1,Mobile Safari 15.6.1,414x896,800x364,,Audio Naming Task,26,Block 6-A,soundCheckPassed,6-A,6-A,150,91,2,Screen 1,Zone8,content_web_audio,2.999999999970896,,,AUDIO PLAY REQUESTED,1,0,1,0,,,,,1,Trial (Noise),o_subj1_m_bota_90.wav,Babble_003.wav,o,1,,6-A,noise,subj1,m,bota,90
456,1669953110243,02/12/2022 03:51:50,1669953109766,-6,01/12/2022 21:51:49,92237,21,task-bsko,,25622444,BLIND,7588880,,complete,,638974fc642773387b0fa186,mobile,Apple iPhone,iOS 15.6.1,Mobile Safari 15.6.1,414x896,800x364,,Audio Naming Task,26,Block 6-A,soundCheckPassed,6-A,6-A,150,91,2,Screen 1,Zone7,content_web_audio,3.999999999970896,,,AUDIO PLAY REQUESTED,1,0,1,0,,,,,1,Trial (Noise),o_subj1_m_bota_90.wav,Babble_003.wav,o,1,,6-A,noise,subj1,m,bota,90
457,1669953111229,02/12/2022 03:51:51,1669953110895,-6,01/12/2022 21:51:50,92237,21,task-bsko,,25622444,BLIND,7588880,,complete,,638974fc642773387b0fa186,mobile,Apple iPhone,iOS 15.6.1,Mobile Safari 15.6.1,414x896,800x364,,Audio Naming Task,26,Block 6-A,soundCheckPassed,6-A,6-A,150,91,2,Screen 1,Zone2,response_button_text,1131.999999999971,,,u,1,0,1,0,,,,,1,Trial (Noise),o_subj1_m_bota_90.wav,Babble_003.wav,o,1,,6-A,noise,subj1,m,bota,90
458,1669953111842,02/12/2022 03:51:51,1669953111245,-6,01/12/2022 21:51:51,92237,21,task-bsko,,25622444,BLIND,7588880,,complete,,638974fc642773387b0fa186,mobile,Apple iPhone,iOS 15.6.1,Mobile Safari 15.6.1,414x896,800x364,,Audio Naming Task,26,Block 6-A,soundCheckPassed,6-A,6-A,95,92,1,Screen 2,fixation,fixation,366,,,,,0,1,0,,,,,1,Trial (Noise),i_subj46_f_quito_144.wav,Babble_069.wav,i,1,,6-A,noise,subj46,f,quito,144
459,1669953112228,02/12/2022 03:51:52,1669953111266,-6,01/12/2022 21:51:51,92237,21,task-bsko,,25622444,BLIND,7588880,,complete,,638974fc642773387b0fa186,mobile,Apple iPhone,iOS 15.6.1,Mobile Safari 15.6.1,414x896,800x364,,Audio Naming Task,26,Block 6-A,soundCheckPassed,6-A,6-A,95,92,2,Screen 1,Zone6,content_web_audio,2,,,AUDIO PLAY REQUESTED,1,0,1,0,,,,,1,Trial (Noise),i_subj46_f_quito_144.wav,Babble_069.wav,i,1,,6-A,noise,subj46,f,quito,144
460,1669953112228,02/12/2022 03:51:52,1669953111267,-6,01/12/2022 21:51:51,92237,21,task-bsko,,25622444,BLIND,7588880,,complete,,638974fc642773387b0fa186,mobile,Apple iPhone,iOS 15.6.1,Mobile Safari 15.6.1,414x896,800x364,,Audio Naming Task,26,Block 6-A,soundCheckPassed,6-A,6-A,95,92,2,Screen 1,Zone8,content_web_audio,3.000000000029104,,,AUDIO PLAY REQUESTED,1,0,1,0,,,,,1,Trial (Noise),i_subj46_f_quito_144.wav,Babble_069.wav,i,1,,6-A,noise,subj46,f,quito,144
461,1669953112228,02/12/2022 03:51:52,1669953111268,-6,01/12/2022 21:51:51,92237,21,task-bsko,,25622444,BLIND,7588880,,complete,,638974fc642773387b0fa186,mobile,Apple iPhone,iOS 15.6.1,Mobile Safari 15.6.1,414x896,800x364,,Audio Naming Task,26,Block 6-A,soundCheckPassed,6-A,6-A,95,92,2,Screen 1,Zone7,content_web_audio,4,,,AUDIO PLAY REQUESTED,1,0,1,0,,,,,1,Trial (Noise),i_subj46_f_quito_144.wav,Babble_069.wav,i,1,,6-A,noise,subj46,f,quito,144
462,1669953112882,02/12/2022 03:51:52,1669953112402,-6,01/12/2022 21:51:52,92237,21,task-bsko,,25622444,BLIND,7588880,,complete,,638974fc642773387b0fa186,mobile,Apple iPhone,iOS 15.6.1,Mobile Safari 15.6.1,414x896,800x364,,Audio Naming Task,26,Block 6-A,soundCheckPassed,6-A,6-A,95,92,2,Screen 1,Zone5,response_button_text,1137,,,e,1,0,1,0,,,,,1,Trial (Noise),i_subj46_f_quito_144.wav,Babble_069.wav,i,1,,6-A,noise,subj46,f,quito,144
463,1669953113119,02/12/2022 03:51:53,1669953112712,-6,01/12/2022 21:51:52,92237,21,task-bsko,,25622444,BLIND,7588880,,complete,,638974fc642773387b0fa186,mobile,Apple iPhone,iOS 15.6.1,Mobile Safari 15.6.1,414x896,800x364,,Audio Naming Task,26,Block 6-A,soundCheckPassed,6-A,6-A,67,93,1,Screen 2,fixation,fixation,333,,,,,0,1,0,,,,,1,Trial (Noise),e_subj18_f_beto_358.wav,Babble_023.wav,e,1,,6-A,noise,subj18,f,beto,358
464,1669953113119,02/12/2022 03:51:53,1669953112731,-6,01/12/2022 21:51:52,92237,21,task-bsko,,25622444,BLIND,7588880,,complete,,638974fc642773387b0fa186,mobile,Apple iPhone,iOS 15.6.1,Mobile Safari 15.6.1,414x896,800x364,,Audio Naming Task,26,Block 6-A,soundCheckPassed,6-A,6-A,67,93,2,Screen 1,Zone6,content_web_audio,2,,,AUDIO PLAY REQUESTED,1,0,1,0,,,,,1,Trial (Noise),e_subj18_f_beto_358.wav,Babble_023.wav,e,1,,6-A,noise,subj18,f,beto,358
465,1669953113119,02/12/2022 03:51:53,1669953112732,-6,01/12/2022 21:51:52,92237,21,task-bsko,,25622444,BLIND,7588880,,complete,,638974fc642773387b0fa186,mobile,Apple iPhone,iOS 15.6.1,Mobile Safari 15.6.1,414x896,800x364,,Audio Naming Task,26,Block 6-A,soundCheckPassed,6-A,6-A,67,93,2,Screen 1,Zone8,content_web_audio,4,,,AUDIO PLAY REQUESTED,1,0,1,0,,,,,1,Trial (Noise),e_subj18_f_beto_358.wav,Babble_023.wav,e,1,,6-A,noise,subj18,f,beto,358
466,1669953113119,02/12/2022 03:51:53,1669953112734,-6,01/12/2022 21:51:52,92237,21,task-bsko,,25622444,BLIND,7588880,,complete,,638974fc642773387b0fa186,mobile,Apple iPhone,iOS 15.6.1,Mobile Safari 15.6.1,414x896,800x364,,Audio Naming Task,26,Block 6-A,soundCheckPassed,6-A,6-A,67,93,2,Screen 1,Zone7,content_web_audio,5,,,AUDIO PLAY REQUESTED,1,0,1,0,,,,,1,Trial (Noise),e_subj18_f_beto_358.wav,Babble_023.wav,e,1,,6-A,noise,subj18,f,beto,358
467,1669953114125,02/12/2022 03:51:54,1669953113836,-6,01/12/2022 21:51:53,92237,21,task-bsko,,25622444,BLIND,7588880,,complete,,638974fc642773387b0fa186,mobile,Apple iPhone,iOS 15.6.1,Mobile Safari 15.6.1,414x896,800x364,,Audio Naming Task,26,Block 6-A,soundCheckPassed,6-A,6-A,67,93,2,Screen 1,Zone5,response_button_text,1106,,,e,1,1,0,0,,,,,1,Trial (Noise),e_subj18_f_beto_358.wav,Babble_023.wav,e,1,,6-A,noise,subj18,f,beto,358
468,1669953114702,02/12/2022 03:51:54,1669953114179,-6,01/12/2022 21:51:54,92237,21,task-bsko,,25622444,BLIND,7588880,,complete,,638974fc642773387b0fa186,mobile,Apple iPhone,iOS 15.6.1,Mobile Safari 15.6.1,414x896,800x364,,Audio Naming Task,26,Block 6-A,soundCheckPassed,6-A,6-A,188,94,1,Screen 2,fixation,fixation,367,,,,,0,1,0,,,,,1,Trial (Noise),u_subj42_f_supo_232.wav,Babble_026.wav,u,1,,6-A,noise,subj42,f,supo,232
469,1669953115087,02/12/2022 03:51:55,1669953114198,-6,01/12/2022 21:51:54,92237,21,task-bsko,,25622444,BLIND,7588880,,complete,,638974fc642773387b0fa186,mobile,Apple iPhone,iOS 15.6.1,Mobile Safari 15.6.1,414x896,800x364,,Audio Naming Task,26,Block 6-A,soundCheckPassed,6-A,6-A,188,94,2,Screen 1,Zone6,content_web_audio,2,,,AUDIO PLAY REQUESTED,1,0,1,0,,,,,1,Trial (Noise),u_subj42_f_supo_232.wav,Babble_026.wav,u,1,,6-A,noise,subj42,f,supo,232
470,1669953115087,02/12/2022 03:51:55,1669953114200,-6,01/12/2022 21:51:54,92237,21,task-bsko,,25622444,BLIND,7588880,,complete,,638974fc642773387b0fa186,mobile,Apple iPhone,iOS 15.6.1,Mobile Safari 15.6.1,414x896,800x364,,Audio Naming Task,26,Block 6-A,soundCheckPassed,6-A,6-A,188,94,2,Screen 1,Zone8,content_web_audio,3,,,AUDIO PLAY REQUESTED,1,0,1,0,,,,,1,Trial (Noise),u_subj42_f_supo_232.wav,Babble_026.wav,u,1,,6-A,noise,subj42,f,supo,232
471,1669953115087,02/12/2022 03:51:55,1669953114200,-6,01/12/2022 21:51:54,92237,21,task-bsko,,25622444,BLIND,7588880,,complete,,638974fc642773387b0fa186,mobile,Apple iPhone,iOS 15.6.1,Mobile Safari 15.6.1,414x896,800x364,,Audio Naming Task,26,Block 6-A,soundCheckPassed,6-A,6-A,188,94,2,Screen 1,Zone7,content_web_audio,4,,,AUDIO PLAY REQUESTED,1,0,1,0,,,,,1,Trial (Noise),u_subj42_f_supo_232.wav,Babble_026.wav,u,1,,6-A,noise,subj42,f,supo,232
472,1669953116037,02/12/2022 03:51:56,1669953115702,-6,01/12/2022 21:51:55,92237,21,task-bsko,,25622444,BLIND,7588880,,complete,,638974fc642773387b0fa186,mobile,Apple iPhone,iOS 15.6.1,Mobile Safari 15.6.1,414x896,800x364,,Audio Naming Task,26,Block 6-A,soundCheckPassed,6-A,6-A,188,94,2,Screen 1,Zone2,response_button_text,1504,,,u,1,1,0,0,,,,,1,Trial (Noise),u_subj42_f_supo_232.wav,Babble_026.wav,u,1,,6-A,noise,subj42,f,supo,232
473,1669953116524,02/12/2022 03:51:56,1669953116012,-6,01/12/2022 21:51:56,92237,21,task-bsko,,25622444,BLIND,7588880,,complete,,638974fc642773387b0fa186,mobile,Apple iPhone,iOS 15.6.1,Mobile Safari 15.6.1,414x896,800x364,,Audio Naming Task,26,Block 6-A,soundCheckPassed,6-A,6-A,83,95,1,Screen 2,fixation,fixation,333,,,,,0,1,0,,,,,1,Trial (Noise),i_subj2_f_quita_144.wav,Babble_178.wav,i,1,,6-A,noise,subj2,f,quita,144
474,1669953116943,02/12/2022 03:51:56,1669953116031,-6,01/12/2022 21:51:56,92237,21,task-bsko,,25622444,BLIND,7588880,,complete,,638974fc642773387b0fa186,mobile,Apple iPhone,iOS 15.6.1,Mobile Safari 15.6.1,414x896,800x364,,Audio Naming Task,26,Block 6-A,soundCheckPassed,6-A,6-A,83,95,2,Screen 1,Zone6,content_web_audio,2,,,AUDIO PLAY REQUESTED,1,0,1,0,,,,,1,Trial (Noise),i_subj2_f_quita_144.wav,Babble_178.wav,i,1,,6-A,noise,subj2,f,quita,144
475,1669953116943,02/12/2022 03:51:56,1669953116032,-6,01/12/2022 21:51:56,92237,21,task-bsko,,25622444,BLIND,7588880,,complete,,638974fc642773387b0fa186,mobile,Apple iPhone,iOS 15.6.1,Mobile Safari 15.6.1,414x896,800x364,,Audio Naming Task,26,Block 6-A,soundCheckPassed,6-A,6-A,83,95,2,Screen 1,Zone8,content_web_audio,3,,,AUDIO PLAY REQUESTED,1,0,1,0,,,,,1,Trial (Noise),i_subj2_f_quita_144.wav,Babble_178.wav,i,1,,6-A,noise,subj2,f,quita,144
476,1669953116943,02/12/2022 03:51:56,1669953116033,-6,01/12/2022 21:51:56,92237,21,task-bsko,,25622444,BLIND,7588880,,complete,,638974fc642773387b0fa186,mobile,Apple iPhone,iOS 15.6.1,Mobile Safari 15.6.1,414x896,800x364,,Audio Naming Task,26,Block 6-A,soundCheckPassed,6-A,6-A,83,95,2,Screen 1,Zone7,content_web_audio,3,,,AUDIO PLAY REQUESTED,1,0,1,0,,,,,1,Trial (Noise),i_subj2_f_quita_144.wav,Babble_178.wav,i,1,,6-A,noise,subj2,f,quita,144
477,1669953117481,02/12/2022 03:51:57,1669953117018,-6,01/12/2022 21:51:57,92237,21,task-bsko,,25622444,BLIND,7588880,,complete,,638974fc642773387b0fa186,mobile,Apple iPhone,iOS 15.6.1,Mobile Safari 15.6.1,414x896,800x364,,Audio Naming Task,26,Block 6-A,soundCheckPassed,6-A,6-A,83,95,2,Screen 1,Zone4,response_button_text,988.0000000000291,,,i,1,1,0,0,,,,,1,Trial (Noise),i_subj2_f_quita_144.wav,Babble_178.wav,i,1,,6-A,noise,subj2,f,quita,144
478,1669953117705,02/12/2022 03:51:57,1669953117378,-6,01/12/2022 21:51:57,92237,21,task-bsko,,25622444,BLIND,7588880,,complete,,638974fc642773387b0fa186,mobile,Apple iPhone,iOS 15.6.1,Mobile Safari 15.6.1,414x896,800x364,,Audio Naming Task,26,Block 6-A,soundCheckPassed,6-A,6-A,64,96,1,Screen 2,fixation,fixation,366,,,,,0,1,0,,,,,1,Trial (Noise),e_subj16_f_seso_292.wav,Babble_172.wav,e,1,,6-A,noise,subj16,f,seso,292
479,1669953117705,02/12/2022 03:51:57,1669953117396,-6,01/12/2022 21:51:57,92237,21,task-bsko,,25622444,BLIND,7588880,,complete,,638974fc642773387b0fa186,mobile,Apple iPhone,iOS 15.6.1,Mobile Safari 15.6.1,414x896,800x364,,Audio Naming Task,26,Block 6-A,soundCheckPassed,6-A,6-A,64,96,2,Screen 1,Zone6,content_web_audio,2,,,AUDIO PLAY REQUESTED,1,0,1,0,,,,,1,Trial (Noise),e_subj16_f_seso_292.wav,Babble_172.wav,e,1,,6-A,noise,subj16,f,seso,292
480,1669953117705,02/12/2022 03:51:57,1669953117397,-6,01/12/2022 21:51:57,92237,21,task-bsko,,25622444,BLIND,7588880,,complete,,638974fc642773387b0fa186,mobile,Apple iPhone,iOS 15.6.1,Mobile Safari 15.6.1,414x896,800x364,,Audio Naming Task,26,Block 6-A,soundCheckPassed,6-A,6-A,64,96,2,Screen 1,Zone8,content_web_audio,3,,,AUDIO PLAY REQUESTED,1,0,1,0,,,,,1,Trial (Noise),e_subj16_f_seso_292.wav,Babble_172.wav,e,1,,6-A,noise,subj16,f,seso,292
481,1669953117705,02/12/2022 03:51:57,1669953117398,-6,01/12/2022 21:51:57,92237,21,task-bsko,,25622444,BLIND,7588880,,complete,,638974fc642773387b0fa186,mobile,Apple iPhone,iOS 15.6.1,Mobile Safari 15.6.1,414x896,800x364,,Audio Naming Task,26,Block 6-A,soundCheckPassed,6-A,6-A,64,96,2,Screen 1,Zone7,content_web_audio,4,,,AUDIO PLAY REQUESTED,1,0,1,0,,,,,1,Trial (Noise),e_subj16_f_seso_292.wav,Babble_172.wav,e,1,,6-A,noise,subj16,f,seso,292
482,1669953118767,02/12/2022 03:51:58,1669953118485,-6,01/12/2022 21:51:58,92237,21,task-bsko,,25622444,BLIND,7588880,,complete,,638974fc642773387b0fa186,mobile,Apple iPhone,iOS 15.6.1,Mobile Safari 15.6.1,414x896,800x364,,Audio Naming Task,26,Block 6-A,soundCheckPassed,6-A,6-A,64,96,2,Screen 1,Zone5,response_button_text,1091,,,e,1,1,0,0,,,,,1,Trial (Noise),e_subj16_f_seso_292.wav,Babble_172.wav,e,1,,6-A,noise,subj16,f,seso,292
483,1669953119358,02/12/2022 03:51:59,1669953118878,-6,01/12/2022 21:51:58,92237,21,task-bsko,,25622444,BLIND,7588880,,complete,,638974fc642773387b0fa186,mobile,Apple iPhone,iOS 15.6.1,Mobile Safari 15.6.1,414x896,800x364,,Audio Naming Task,26,Block 6-A,soundCheckPassed,6-A,6-A,79,97,1,Screen 2,fixation,fixation,400,,,,,0,1,0,,,,,1,Trial (Noise),e_subj16_f_seca_130.wav,Babble_146.wav,e,1,,6-A,noise,subj16,f,seca,130
484,1669953119747,02/12/2022 03:51:59,1669953118897,-6,01/12/2022 21:51:58,92237,21,task-bsko,,25622444,BLIND,7588880,,complete,,638974fc642773387b0fa186,mobile,Apple iPhone,iOS 15.6.1,Mobile Safari 15.6.1,414x896,800x364,,Audio Naming Task,26,Block 6-A,soundCheckPassed,6-A,6-A,79,97,2,Screen 1,Zone6,content_web_audio,2,,,AUDIO PLAY REQUESTED,1,0,1,0,,,,,1,Trial (Noise),e_subj16_f_seca_130.wav,Babble_146.wav,e,1,,6-A,noise,subj16,f,seca,130
485,1669953119747,02/12/2022 03:51:59,1669953118898,-6,01/12/2022 21:51:58,92237,21,task-bsko,,25622444,BLIND,7588880,,complete,,638974fc642773387b0fa186,mobile,Apple iPhone,iOS 15.6.1,Mobile Safari 15.6.1,414x896,800x364,,Audio Naming Task,26,Block 6-A,soundCheckPassed,6-A,6-A,79,97,2,Screen 1,Zone8,content_web_audio,3.000000000029104,,,AUDIO PLAY REQUESTED,1,0,1,0,,,,,1,Trial (Noise),e_subj16_f_seca_130.wav,Babble_146.wav,e,1,,6-A,noise,subj16,f,seca,130
486,1669953119747,02/12/2022 03:51:59,1669953118899,-6,01/12/2022 21:51:58,92237,21,task-bsko,,25622444,BLIND,7588880,,complete,,638974fc642773387b0fa186,mobile,Apple iPhone,iOS 15.6.1,Mobile Safari 15.6.1,414x896,800x364,,Audio Naming Task,26,Block 6-A,soundCheckPassed,6-A,6-A,79,97,2,Screen 1,Zone7,content_web_audio,3.000000000029104,,,AUDIO PLAY REQUESTED,1,0,1,0,,,,,1,Trial (Noise),e_subj16_f_seca_130.wav,Babble_146.wav,e,1,,6-A,noise,subj16,f,seca,130
487,1669953120500,02/12/2022 03:52:00,1669953120027,-6,01/12/2022 21:52:00,92237,21,task-bsko,,25622444,BLIND,7588880,,complete,,638974fc642773387b0fa186,mobile,Apple iPhone,iOS 15.6.1,Mobile Safari 15.6.1,414x896,800x364,,Audio Naming Task,26,Block 6-A,soundCheckPassed,6-A,6-A,79,97,2,Screen 1,Zone5,response_button_text,1130,,,e,1,1,0,0,,,,,1,Trial (Noise),e_subj16_f_seca_130.wav,Babble_146.wav,e,1,,6-A,noise,subj16,f,seca,130
488,1669953120824,02/12/2022 03:52:00,1669953120345,-6,01/12/2022 21:52:00,92237,21,task-bsko,,25622444,BLIND,7588880,,complete,,638974fc642773387b0fa186,mobile,Apple iPhone,iOS 15.6.1,Mobile Safari 15.6.1,414x896,800x364,,Audio Naming Task,26,Block 6-A,soundCheckPassed,6-A,6-A,87,98,1,Screen 2,fixation,fixation,333,,,,,0,1,0,,,,,1,Trial (Noise),i_subj37_f_quite_128.wav,Babble_152.wav,i,1,,6-A,noise,subj37,f,quite,128
489,1669953120824,02/12/2022 03:52:00,1669953120363,-6,01/12/2022 21:52:00,92237,21,task-bsko,,25622444,BLIND,7588880,,complete,,638974fc642773387b0fa186,mobile,Apple iPhone,iOS 15.6.1,Mobile Safari 15.6.1,414x896,800x364,,Audio Naming Task,26,Block 6-A,soundCheckPassed,6-A,6-A,87,98,2,Screen 1,Zone6,content_web_audio,1.0000000000291038,,,AUDIO PLAY REQUESTED,1,0,1,0,,,,,1,Trial (Noise),i_subj37_f_quite_128.wav,Babble_152.wav,i,1,,6-A,noise,subj37,f,quite,128
490,1669953120824,02/12/2022 03:52:00,1669953120364,-6,01/12/2022 21:52:00,92237,21,task-bsko,,25622444,BLIND,7588880,,complete,,638974fc642773387b0fa186,mobile,Apple iPhone,iOS 15.6.1,Mobile Safari 15.6.1,414x896,800x364,,Audio Naming Task,26,Block 6-A,soundCheckPassed,6-A,6-A,87,98,2,Screen 1,Zone8,content_web_audio,2,,,AUDIO PLAY REQUESTED,1,0,1,0,,,,,1,Trial (Noise),i_subj37_f_quite_128.wav,Babble_152.wav,i,1,,6-A,noise,subj37,f,quite,128
491,1669953120824,02/12/2022 03:52:00,1669953120364,-6,01/12/2022 21:52:00,92237,21,task-bsko,,25622444,BLIND,7588880,,complete,,638974fc642773387b0fa186,mobile,Apple iPhone,iOS 15.6.1,Mobile Safari 15.6.1,414x896,800x364,,Audio Naming Task,26,Block 6-A,soundCheckPassed,6-A,6-A,87,98,2,Screen 1,Zone7,content_web_audio,3,,,AUDIO PLAY REQUESTED,1,0,1,0,,,,,1,Trial (Noise),i_subj37_f_quite_128.wav,Babble_152.wav,i,1,,6-A,noise,subj37,f,quite,128
492,1669953121876,02/12/2022 03:52:01,1669953121385,-6,01/12/2022 21:52:01,92237,21,task-bsko,,25622444,BLIND,7588880,,complete,,638974fc642773387b0fa186,mobile,Apple iPhone,iOS 15.6.1,Mobile Safari 15.6.1,414x896,800x364,,Audio Naming Task,26,Block 6-A,soundCheckPassed,6-A,6-A,87,98,2,Screen 1,Zone4,response_button_text,1023,,,i,1,1,0,0,,,,,1,Trial (Noise),i_subj37_f_quite_128.wav,Babble_152.wav,i,1,,6-A,noise,subj37,f,quite,128
493,1669953122233,02/12/2022 03:52:02,1669953121778,-6,01/12/2022 21:52:01,92237,21,task-bsko,,25622444,BLIND,7588880,,complete,,638974fc642773387b0fa186,mobile,Apple iPhone,iOS 15.6.1,Mobile Safari 15.6.1,414x896,800x364,,Audio Naming Task,26,Block 6-A,soundCheckPassed,6-A,6-A,68,99,1,Screen 2,fixation,fixation,399,,,,,0,1,0,,,,,1,Trial (Noise),e_subj21_f_seso_35.wav,Babble_009.wav,e,1,,6-A,noise,subj21,f,seso,35
494,1669953122619,02/12/2022 03:52:02,1669953121797,-6,01/12/2022 21:52:01,92237,21,task-bsko,,25622444,BLIND,7588880,,complete,,638974fc642773387b0fa186,mobile,Apple iPhone,iOS 15.6.1,Mobile Safari 15.6.1,414x896,800x364,,Audio Naming Task,26,Block 6-A,soundCheckPassed,6-A,6-A,68,99,2,Screen 1,Zone6,content_web_audio,2,,,AUDIO PLAY REQUESTED,1,0,1,0,,,,,1,Trial (Noise),e_subj21_f_seso_35.wav,Babble_009.wav,e,1,,6-A,noise,subj21,f,seso,35
495,1669953122619,02/12/2022 03:52:02,1669953121798,-6,01/12/2022 21:52:01,92237,21,task-bsko,,25622444,BLIND,7588880,,complete,,638974fc642773387b0fa186,mobile,Apple iPhone,iOS 15.6.1,Mobile Safari 15.6.1,414x896,800x364,,Audio Naming Task,26,Block 6-A,soundCheckPassed,6-A,6-A,68,99,2,Screen 1,Zone8,content_web_audio,3,,,AUDIO PLAY REQUESTED,1,0,1,0,,,,,1,Trial (Noise),e_subj21_f_seso_35.wav,Babble_009.wav,e,1,,6-A,noise,subj21,f,seso,35
496,1669953122619,02/12/2022 03:52:02,1669953121799,-6,01/12/2022 21:52:01,92237,21,task-bsko,,25622444,BLIND,7588880,,complete,,638974fc642773387b0fa186,mobile,Apple iPhone,iOS 15.6.1,Mobile Safari 15.6.1,414x896,800x364,,Audio Naming Task,26,Block 6-A,soundCheckPassed,6-A,6-A,68,99,2,Screen 1,Zone7,content_web_audio,4,,,AUDIO PLAY REQUESTED,1,0,1,0,,,,,1,Trial (Noise),e_subj21_f_seso_35.wav,Babble_009.wav,e,1,,6-A,noise,subj21,f,seso,35
497,1669953123468,02/12/2022 03:52:03,1669953123001,-6,01/12/2022 21:52:03,92237,21,task-bsko,,25622444,BLIND,7588880,,complete,,638974fc642773387b0fa186,mobile,Apple iPhone,iOS 15.6.1,Mobile Safari 15.6.1,414x896,800x364,,Audio Naming Task,26,Block 6-A,soundCheckPassed,6-A,6-A,68,99,2,Screen 1,Zone1,response_button_text,1205,,,a,1,0,1,0,,,,,1,Trial (Noise),e_subj21_f_seso_35.wav,Babble_009.wav,e,1,,6-A,noise,subj21,f,seso,35
498,1669953123799,02/12/2022 03:52:03,1669953123311,-6,01/12/2022 21:52:03,92237,21,task-bsko,,25622444,BLIND,7588880,,complete,,638974fc642773387b0fa186,mobile,Apple iPhone,iOS 15.6.1,Mobile Safari 15.6.1,414x896,800x364,,Audio Naming Task,26,Block 6-A,soundCheckPassed,6-A,6-A,176,100,1,Screen 2,fixation,fixation,334,,,,,0,1,0,,,,,1,Trial (Noise),u_subj2_f_buque_153.wav,Babble_130.wav,u,1,,6-A,noise,subj2,f,buque,153
499,1669953123799,02/12/2022 03:52:03,1669953123329,-6,01/12/2022 21:52:03,92237,21,task-bsko,,25622444,BLIND,7588880,,complete,,638974fc642773387b0fa186,mobile,Apple iPhone,iOS 15.6.1,Mobile Safari 15.6.1,414x896,800x364,,Audio Naming Task,26,Block 6-A,soundCheckPassed,6-A,6-A,176,100,2,Screen 1,Zone6,content_web_audio,2,,,AUDIO PLAY REQUESTED,1,0,1,0,,,,,1,Trial (Noise),u_subj2_f_buque_153.wav,Babble_130.wav,u,1,,6-A,noise,subj2,f,buque,153
500,1669953123799,02/12/2022 03:52:03,1669953123330,-6,01/12/2022 21:52:03,92237,21,task-bsko,,25622444,BLIND,7588880,,complete,,638974fc642773387b0fa186,mobile,Apple iPhone,iOS 15.6.1,Mobile Safari 15.6.1,414x896,800x364,,Audio Naming Task,26,Block 6-A,soundCheckPassed,6-A,6-A,176,100,2,Screen 1,Zone8,content_web_audio,3,,,AUDIO PLAY REQUESTED,1,0,1,0,,,,,1,Trial (Noise),u_subj2_f_buque_153.wav,Babble_130.wav,u,1,,6-A,noise,subj2,f,buque,153
501,1669953123799,02/12/2022 03:52:03,1669953123331,-6,01/12/2022 21:52:03,92237,21,task-bsko,,25622444,BLIND,7588880,,complete,,638974fc642773387b0fa186,mobile,Apple iPhone,iOS 15.6.1,Mobile Safari 15.6.1,414x896,800x364,,Audio Naming Task,26,Block 6-A,soundCheckPassed,6-A,6-A,176,100,2,Screen 1,Zone7,content_web_audio,4,,,AUDIO PLAY REQUESTED,1,0,1,0,,,,,1,Trial (Noise),u_subj2_f_buque_153.wav,Babble_130.wav,u,1,,6-A,noise,subj2,f,buque,153
502,1669953124904,02/12/2022 03:52:04,1669953124493,-6,01/12/2022 21:52:04,92237,21,task-bsko,,25622444,BLIND,7588880,,complete,,638974fc642773387b0fa186,mobile,Apple iPhone,iOS 15.6.1,Mobile Safari 15.6.1,414x896,800x364,,Audio Naming Task,26,Block 6-A,soundCheckPassed,6-A,6-A,176,100,2,Screen 1,Zone2,response_button_text,1165,,,u,1,1,0,0,,,,,1,Trial (Noise),u_subj2_f_buque_153.wav,Babble_130.wav,u,1,,6-A,noise,subj2,f,buque,153
503,1669953125307,02/12/2022 03:52:05,1669953124845,-6,01/12/2022 21:52:04,92237,21,task-bsko,,25622444,BLIND,7588880,,complete,,638974fc642773387b0fa186,mobile,Apple iPhone,iOS 15.6.1,Mobile Safari 15.6.1,414x896,800x364,,Audio Naming Task,26,Block 6-A,soundCheckPassed,6-A,6-A,174,101,1,Screen 2,fixation,fixation,367,,,,,0,1,0,,,,,1,Trial (Noise),u_subj11_m_puso_190.wav,Babble_066.wav,u,1,,6-A,noise,subj11,m,puso,190
504,1669953125742,02/12/2022 03:52:05,1669953124865,-6,01/12/2022 21:52:04,92237,21,task-bsko,,25622444,BLIND,7588880,,complete,,638974fc642773387b0fa186,mobile,Apple iPhone,iOS 15.6.1,Mobile Safari 15.6.1,414x896,800x364,,Audio Naming Task,26,Block 6-A,soundCheckPassed,6-A,6-A,174,101,2,Screen 1,Zone6,content_web_audio,2,,,AUDIO PLAY REQUESTED,1,0,1,0,,,,,1,Trial (Noise),u_subj11_m_puso_190.wav,Babble_066.wav,u,1,,6-A,noise,subj11,m,puso,190
505,1669953125742,02/12/2022 03:52:05,1669953124866,-6,01/12/2022 21:52:04,92237,21,task-bsko,,25622444,BLIND,7588880,,complete,,638974fc642773387b0fa186,mobile,Apple iPhone,iOS 15.6.1,Mobile Safari 15.6.1,414x896,800x364,,Audio Naming Task,26,Block 6-A,soundCheckPassed,6-A,6-A,174,101,2,Screen 1,Zone8,content_web_audio,3,,,AUDIO PLAY REQUESTED,1,0,1,0,,,,,1,Trial (Noise),u_subj11_m_puso_190.wav,Babble_066.wav,u,1,,6-A,noise,subj11,m,puso,190
506,1669953125742,02/12/2022 03:52:05,1669953124867,-6,01/12/2022 21:52:04,92237,21,task-bsko,,25622444,BLIND,7588880,,complete,,638974fc642773387b0fa186,mobile,Apple iPhone,iOS 15.6.1,Mobile Safari 15.6.1,414x896,800x364,,Audio Naming Task,26,Block 6-A,soundCheckPassed,6-A,6-A,174,101,2,Screen 1,Zone7,content_web_audio,4,,,AUDIO PLAY REQUESTED,1,0,1,0,,,,,1,Trial (Noise),u_subj11_m_puso_190.wav,Babble_066.wav,u,1,,6-A,noise,subj11,m,puso,190
507,1669953126506,02/12/2022 03:52:06,1669953126001,-6,01/12/2022 21:52:06,92237,21,task-bsko,,25622444,BLIND,7588880,,complete,,638974fc642773387b0fa186,mobile,Apple iPhone,iOS 15.6.1,Mobile Safari 15.6.1,414x896,800x364,,Audio Naming Task,26,Block 6-A,soundCheckPassed,6-A,6-A,174,101,2,Screen 1,Zone2,response_button_text,1137,,,u,1,1,0,0,,,,,1,Trial (Noise),u_subj11_m_puso_190.wav,Babble_066.wav,u,1,,6-A,noise,subj11,m,puso,190
508,1669953126727,02/12/2022 03:52:06,1669953126349,-6,01/12/2022 21:52:06,92237,21,task-bsko,,25622444,BLIND,7588880,,complete,,638974fc642773387b0fa186,mobile,Apple iPhone,iOS 15.6.1,Mobile Safari 15.6.1,414x896,800x364,,Audio Naming Task,26,Block 6-A,soundCheckPassed,6-A,6-A,166,102,1,Screen 2,fixation,fixation,371,,,,,0,1,0,,,,,1,Trial (Noise),u_subj76_m_tusa_66.wav,Babble_094.wav,u,1,,6-A,noise,subj76,m,tusa,66
509,1669953126727,02/12/2022 03:52:06,1669953126370,-6,01/12/2022 21:52:06,92237,21,task-bsko,,25622444,BLIND,7588880,,complete,,638974fc642773387b0fa186,mobile,Apple iPhone,iOS 15.6.1,Mobile Safari 15.6.1,414x896,800x364,,Audio Naming Task,26,Block 6-A,soundCheckPassed,6-A,6-A,166,102,2,Screen 1,Zone6,content_web_audio,2,,,AUDIO PLAY REQUESTED,1,0,1,0,,,,,1,Trial (Noise),u_subj76_m_tusa_66.wav,Babble_094.wav,u,1,,6-A,noise,subj76,m,tusa,66
510,1669953126727,02/12/2022 03:52:06,1669953126371,-6,01/12/2022 21:52:06,92237,21,task-bsko,,25622444,BLIND,7588880,,complete,,638974fc642773387b0fa186,mobile,Apple iPhone,iOS 15.6.1,Mobile Safari 15.6.1,414x896,800x364,,Audio Naming Task,26,Block 6-A,soundCheckPassed,6-A,6-A,166,102,2,Screen 1,Zone8,content_web_audio,4,,,AUDIO PLAY REQUESTED,1,0,1,0,,,,,1,Trial (Noise),u_subj76_m_tusa_66.wav,Babble_094.wav,u,1,,6-A,noise,subj76,m,tusa,66
511,1669953126727,02/12/2022 03:52:06,1669953126372,-6,01/12/2022 21:52:06,92237,21,task-bsko,,25622444,BLIND,7588880,,complete,,638974fc642773387b0fa186,mobile,Apple iPhone,iOS 15.6.1,Mobile Safari 15.6.1,414x896,800x364,,Audio Naming Task,26,Block 6-A,soundCheckPassed,6-A,6-A,166,102,2,Screen 1,Zone7,content_web_audio,4,,,AUDIO PLAY REQUESTED,1,0,1,0,,,,,1,Trial (Noise),u_subj76_m_tusa_66.wav,Babble_094.wav,u,1,,6-A,noise,subj76,m,tusa,66
512,1669953128026,02/12/2022 03:52:08,1669953127578,-6,01/12/2022 21:52:07,92237,21,task-bsko,,25622444,BLIND,7588880,,complete,,638974fc642773387b0fa186,mobile,Apple iPhone,iOS 15.6.1,Mobile Safari 15.6.1,414x896,800x364,,Audio Naming Task,26,Block 6-A,soundCheckPassed,6-A,6-A,166,102,2,Screen 1,Zone2,response_button_text,1209,,,u,1,1,0,0,,,,,1,Trial (Noise),u_subj76_m_tusa_66.wav,Babble_094.wav,u,1,,6-A,noise,subj76,m,tusa,66
513,1669953128239,02/12/2022 03:52:08,1669953127911,-6,01/12/2022 21:52:07,92237,21,task-bsko,,25622444,BLIND,7588880,,complete,,638974fc642773387b0fa186,mobile,Apple iPhone,iOS 15.6.1,Mobile Safari 15.6.1,414x896,800x364,,Audio Naming Task,26,Block 6-A,soundCheckPassed,6-A,6-A,128,103,1,Screen 2,fixation,fixation,366,,,,,0,1,0,,,,,1,Trial (Noise),o_subj42_f_toca_102.wav,Babble_080.wav,o,1,,6-A,noise,subj42,f,toca,102
514,1669953128239,02/12/2022 03:52:08,1669953127931,-6,01/12/2022 21:52:07,92237,21,task-bsko,,25622444,BLIND,7588880,,complete,,638974fc642773387b0fa186,mobile,Apple iPhone,iOS 15.6.1,Mobile Safari 15.6.1,414x896,800x364,,Audio Naming Task,26,Block 6-A,soundCheckPassed,6-A,6-A,128,103,2,Screen 1,Zone6,content_web_audio,2,,,AUDIO PLAY REQUESTED,1,0,1,0,,,,,1,Trial (Noise),o_subj42_f_toca_102.wav,Babble_080.wav,o,1,,6-A,noise,subj42,f,toca,102
515,1669953128239,02/12/2022 03:52:08,1669953127932,-6,01/12/2022 21:52:07,92237,21,task-bsko,,25622444,BLIND,7588880,,complete,,638974fc642773387b0fa186,mobile,Apple iPhone,iOS 15.6.1,Mobile Safari 15.6.1,414x896,800x364,,Audio Naming Task,26,Block 6-A,soundCheckPassed,6-A,6-A,128,103,2,Screen 1,Zone8,content_web_audio,3,,,AUDIO PLAY REQUESTED,1,0,1,0,,,,,1,Trial (Noise),o_subj42_f_toca_102.wav,Babble_080.wav,o,1,,6-A,noise,subj42,f,toca,102
516,1669953128239,02/12/2022 03:52:08,1669953127933,-6,01/12/2022 21:52:07,92237,21,task-bsko,,25622444,BLIND,7588880,,complete,,638974fc642773387b0fa186,mobile,Apple iPhone,iOS 15.6.1,Mobile Safari 15.6.1,414x896,800x364,,Audio Naming Task,26,Block 6-A,soundCheckPassed,6-A,6-A,128,103,2,Screen 1,Zone7,content_web_audio,4,,,AUDIO PLAY REQUESTED,1,0,1,0,,,,,1,Trial (Noise),o_subj42_f_toca_102.wav,Babble_080.wav,o,1,,6-A,noise,subj42,f,toca,102
517,1669953129484,02/12/2022 03:52:09,1669953129018,-6,01/12/2022 21:52:09,92237,21,task-bsko,,25622444,BLIND,7588880,,complete,,638974fc642773387b0fa186,mobile,Apple iPhone,iOS 15.6.1,Mobile Safari 15.6.1,414x896,800x364,,Audio Naming Task,26,Block 6-A,soundCheckPassed,6-A,6-A,128,103,2,Screen 1,Zone3,response_button_text,1087,,,o,1,1,0,0,,,,,1,Trial (Noise),o_subj42_f_toca_102.wav,Babble_080.wav,o,1,,6-A,noise,subj42,f,toca,102
518,1669953129704,02/12/2022 03:52:09,1669953129378,-6,01/12/2022 21:52:09,92237,21,task-bsko,,25622444,BLIND,7588880,,complete,,638974fc642773387b0fa186,mobile,Apple iPhone,iOS 15.6.1,Mobile Safari 15.6.1,414x896,800x364,,Audio Naming Task,26,Block 6-A,soundCheckPassed,6-A,6-A,84,104,1,Screen 2,fixation,fixation,367,,,,,0,1,0,,,,,1,Trial (Noise),i_subj46_f_pite_85.wav,Babble_134.wav,i,1,,6-A,noise,subj46,f,pite,85
519,1669953129704,02/12/2022 03:52:09,1669953129396,-6,01/12/2022 21:52:09,92237,21,task-bsko,,25622444,BLIND,7588880,,complete,,638974fc642773387b0fa186,mobile,Apple iPhone,iOS 15.6.1,Mobile Safari 15.6.1,414x896,800x364,,Audio Naming Task,26,Block 6-A,soundCheckPassed,6-A,6-A,84,104,2,Screen 1,Zone6,content_web_audio,3,,,AUDIO PLAY REQUESTED,1,0,1,0,,,,,1,Trial (Noise),i_subj46_f_pite_85.wav,Babble_134.wav,i,1,,6-A,noise,subj46,f,pite,85
520,1669953129704,02/12/2022 03:52:09,1669953129397,-6,01/12/2022 21:52:09,92237,21,task-bsko,,25622444,BLIND,7588880,,complete,,638974fc642773387b0fa186,mobile,Apple iPhone,iOS 15.6.1,Mobile Safari 15.6.1,414x896,800x364,,Audio Naming Task,26,Block 6-A,soundCheckPassed,6-A,6-A,84,104,2,Screen 1,Zone8,content_web_audio,4,,,AUDIO PLAY REQUESTED,1,0,1,0,,,,,1,Trial (Noise),i_subj46_f_pite_85.wav,Babble_134.wav,i,1,,6-A,noise,subj46,f,pite,85
521,1669953129704,02/12/2022 03:52:09,1669953129398,-6,01/12/2022 21:52:09,92237,21,task-bsko,,25622444,BLIND,7588880,,complete,,638974fc642773387b0fa186,mobile,Apple iPhone,iOS 15.6.1,Mobile Safari 15.6.1,414x896,800x364,,Audio Naming Task,26,Block 6-A,soundCheckPassed,6-A,6-A,84,104,2,Screen 1,Zone7,content_web_audio,5.000000000029104,,,AUDIO PLAY REQUESTED,1,0,1,0,,,,,1,Trial (Noise),i_subj46_f_pite_85.wav,Babble_134.wav,i,1,,6-A,noise,subj46,f,pite,85
522,1669953130750,02/12/2022 03:52:10,1669953130418,-6,01/12/2022 21:52:10,92237,21,task-bsko,,25622444,BLIND,7588880,,complete,,638974fc642773387b0fa186,mobile,Apple iPhone,iOS 15.6.1,Mobile Safari 15.6.1,414x896,800x364,,Audio Naming Task,26,Block 6-A,soundCheckPassed,6-A,6-A,84,104,2,Screen 1,Zone4,response_button_text,1024,,,i,1,1,0,0,,,,,1,Trial (Noise),i_subj46_f_pite_85.wav,Babble_134.wav,i,1,,6-A,noise,subj46,f,pite,85
523,1669953131252,02/12/2022 03:52:11,1669953130777,-6,01/12/2022 21:52:10,92237,21,task-bsko,,25622444,BLIND,7588880,,complete,,638974fc642773387b0fa186,mobile,Apple iPhone,iOS 15.6.1,Mobile Safari 15.6.1,414x896,800x364,,Audio Naming Task,26,Block 6-A,soundCheckPassed,6-A,6-A,17,105,1,Screen 2,fixation,fixation,367,,,,,0,1,0,,,,,1,Trial (Noise),a_subj34_f_saca_290.wav,Babble_044.wav,a,1,,6-A,noise,subj34,f,saca,290
524,1669953131626,02/12/2022 03:52:11,1669953130799,-6,01/12/2022 21:52:10,92237,21,task-bsko,,25622444,BLIND,7588880,,complete,,638974fc642773387b0fa186,mobile,Apple iPhone,iOS 15.6.1,Mobile Safari 15.6.1,414x896,800x364,,Audio Naming Task,26,Block 6-A,soundCheckPassed,6-A,6-A,17,105,2,Screen 1,Zone6,content_web_audio,3,,,AUDIO PLAY REQUESTED,1,0,1,0,,,,,1,Trial (Noise),a_subj34_f_saca_290.wav,Babble_044.wav,a,1,,6-A,noise,subj34,f,saca,290
525,1669953131626,02/12/2022 03:52:11,1669953130800,-6,01/12/2022 21:52:10,92237,21,task-bsko,,25622444,BLIND,7588880,,complete,,638974fc642773387b0fa186,mobile,Apple iPhone,iOS 15.6.1,Mobile Safari 15.6.1,414x896,800x364,,Audio Naming Task,26,Block 6-A,soundCheckPassed,6-A,6-A,17,105,2,Screen 1,Zone8,content_web_audio,4,,,AUDIO PLAY REQUESTED,1,0,1,0,,,,,1,Trial (Noise),a_subj34_f_saca_290.wav,Babble_044.wav,a,1,,6-A,noise,subj34,f,saca,290
526,1669953131626,02/12/2022 03:52:11,1669953130801,-6,01/12/2022 21:52:10,92237,21,task-bsko,,25622444,BLIND,7588880,,complete,,638974fc642773387b0fa186,mobile,Apple iPhone,iOS 15.6.1,Mobile Safari 15.6.1,414x896,800x364,,Audio Naming Task,26,Block 6-A,soundCheckPassed,6-A,6-A,17,105,2,Screen 1,Zone7,content_web_audio,5,,,AUDIO PLAY REQUESTED,1,0,1,0,,,,,1,Trial (Noise),a_subj34_f_saca_290.wav,Babble_044.wav,a,1,,6-A,noise,subj34,f,saca,290
527,1669953132402,02/12/2022 03:52:12,1669953131937,-6,01/12/2022 21:52:11,92237,21,task-bsko,,25622444,BLIND,7588880,,complete,,638974fc642773387b0fa186,mobile,Apple iPhone,iOS 15.6.1,Mobile Safari 15.6.1,414x896,800x364,,Audio Naming Task,26,Block 6-A,soundCheckPassed,6-A,6-A,17,105,2,Screen 1,Zone1,response_button_text,1139,,,a,1,1,0,0,,,,,1,Trial (Noise),a_subj34_f_saca_290.wav,Babble_044.wav,a,1,,6-A,noise,subj34,f,saca,290
528,1669953132731,02/12/2022 03:52:12,1669953132277,-6,01/12/2022 21:52:12,92237,21,task-bsko,,25622444,BLIND,7588880,,complete,,638974fc642773387b0fa186,mobile,Apple iPhone,iOS 15.6.1,Mobile Safari 15.6.1,414x896,800x364,,Audio Naming Task,26,Block 6-A,soundCheckPassed,6-A,6-A,78,106,1,Screen 2,fixation,fixation,367,,,,,0,1,0,,,,,1,Trial (Noise),e_subj7_f_seca_107.wav,Babble_131.wav,e,1,,6-A,noise,subj7,f,seca,107
529,1669953132731,02/12/2022 03:52:12,1669953132296,-6,01/12/2022 21:52:12,92237,21,task-bsko,,25622444,BLIND,7588880,,complete,,638974fc642773387b0fa186,mobile,Apple iPhone,iOS 15.6.1,Mobile Safari 15.6.1,414x896,800x364,,Audio Naming Task,26,Block 6-A,soundCheckPassed,6-A,6-A,78,106,2,Screen 1,Zone6,content_web_audio,2,,,AUDIO PLAY REQUESTED,1,0,1,0,,,,,1,Trial (Noise),e_subj7_f_seca_107.wav,Babble_131.wav,e,1,,6-A,noise,subj7,f,seca,107
530,1669953132731,02/12/2022 03:52:12,1669953132297,-6,01/12/2022 21:52:12,92237,21,task-bsko,,25622444,BLIND,7588880,,complete,,638974fc642773387b0fa186,mobile,Apple iPhone,iOS 15.6.1,Mobile Safari 15.6.1,414x896,800x364,,Audio Naming Task,26,Block 6-A,soundCheckPassed,6-A,6-A,78,106,2,Screen 1,Zone8,content_web_audio,3,,,AUDIO PLAY REQUESTED,1,0,1,0,,,,,1,Trial (Noise),e_subj7_f_seca_107.wav,Babble_131.wav,e,1,,6-A,noise,subj7,f,seca,107
531,1669953132731,02/12/2022 03:52:12,1669953132298,-6,01/12/2022 21:52:12,92237,21,task-bsko,,25622444,BLIND,7588880,,complete,,638974fc642773387b0fa186,mobile,Apple iPhone,iOS 15.6.1,Mobile Safari 15.6.1,414x896,800x364,,Audio Naming Task,26,Block 6-A,soundCheckPassed,6-A,6-A,78,106,2,Screen 1,Zone7,content_web_audio,4,,,AUDIO PLAY REQUESTED,1,0,1,0,,,,,1,Trial (Noise),e_subj7_f_seca_107.wav,Babble_131.wav,e,1,,6-A,noise,subj7,f,seca,107
532,1669953133864,02/12/2022 03:52:13,1669953133352,-6,01/12/2022 21:52:13,92237,21,task-bsko,,25622444,BLIND,7588880,,complete,,638974fc642773387b0fa186,mobile,Apple iPhone,iOS 15.6.1,Mobile Safari 15.6.1,414x896,800x364,,Audio Naming Task,26,Block 6-A,soundCheckPassed,6-A,6-A,78,106,2,Screen 1,Zone5,response_button_text,1057,,,e,1,1,0,0,,,,,1,Trial (Noise),e_subj7_f_seca_107.wav,Babble_131.wav,e,1,,6-A,noise,subj7,f,seca,107
533,1669953134058,02/12/2022 03:52:14,1669953133677,-6,01/12/2022 21:52:13,92237,21,task-bsko,,25622444,BLIND,7588880,,complete,,638974fc642773387b0fa186,mobile,Apple iPhone,iOS 15.6.1,Mobile Safari 15.6.1,414x896,800x364,,Audio Naming Task,26,Block 6-A,soundCheckPassed,6-A,6-A,189,107,1,Screen 2,fixation,fixation,334,,,,,0,1,0,,,,,1,Trial (Noise),u_subj36_f_tusa_198.wav,Babble_140.wav,u,1,,6-A,noise,subj36,f,tusa,198
534,1669953134058,02/12/2022 03:52:14,1669953133694,-6,01/12/2022 21:52:13,92237,21,task-bsko,,25622444,BLIND,7588880,,complete,,638974fc642773387b0fa186,mobile,Apple iPhone,iOS 15.6.1,Mobile Safari 15.6.1,414x896,800x364,,Audio Naming Task,26,Block 6-A,soundCheckPassed,6-A,6-A,189,107,2,Screen 1,Zone6,content_web_audio,1,,,AUDIO PLAY REQUESTED,1,0,1,0,,,,,1,Trial (Noise),u_subj36_f_tusa_198.wav,Babble_140.wav,u,1,,6-A,noise,subj36,f,tusa,198
535,1669953134058,02/12/2022 03:52:14,1669953133696,-6,01/12/2022 21:52:13,92237,21,task-bsko,,25622444,BLIND,7588880,,complete,,638974fc642773387b0fa186,mobile,Apple iPhone,iOS 15.6.1,Mobile Safari 15.6.1,414x896,800x364,,Audio Naming Task,26,Block 6-A,soundCheckPassed,6-A,6-A,189,107,2,Screen 1,Zone8,content_web_audio,3,,,AUDIO PLAY REQUESTED,1,0,1,0,,,,,1,Trial (Noise),u_subj36_f_tusa_198.wav,Babble_140.wav,u,1,,6-A,noise,subj36,f,tusa,198
536,1669953134058,02/12/2022 03:52:14,1669953133696,-6,01/12/2022 21:52:13,92237,21,task-bsko,,25622444,BLIND,7588880,,complete,,638974fc642773387b0fa186,mobile,Apple iPhone,iOS 15.6.1,Mobile Safari 15.6.1,414x896,800x364,,Audio Naming Task,26,Block 6-A,soundCheckPassed,6-A,6-A,189,107,2,Screen 1,Zone7,content_web_audio,3,,,AUDIO PLAY REQUESTED,1,0,1,0,,,,,1,Trial (Noise),u_subj36_f_tusa_198.wav,Babble_140.wav,u,1,,6-A,noise,subj36,f,tusa,198
537,1669953135114,02/12/2022 03:52:15,1669953134801,-6,01/12/2022 21:52:14,92237,21,task-bsko,,25622444,BLIND,7588880,,complete,,638974fc642773387b0fa186,mobile,Apple iPhone,iOS 15.6.1,Mobile Safari 15.6.1,414x896,800x364,,Audio Naming Task,26,Block 6-A,soundCheckPassed,6-A,6-A,189,107,2,Screen 1,Zone2,response_button_text,1106,,,u,1,1,0,0,,,,,1,Trial (Noise),u_subj36_f_tusa_198.wav,Babble_140.wav,u,1,,6-A,noise,subj36,f,tusa,198
538,1669953135628,02/12/2022 03:52:15,1669953135144,-6,01/12/2022 21:52:15,92237,21,task-bsko,,25622444,BLIND,7588880,,complete,,638974fc642773387b0fa186,mobile,Apple iPhone,iOS 15.6.1,Mobile Safari 15.6.1,414x896,800x364,,Audio Naming Task,26,Block 6-A,soundCheckPassed,6-A,6-A,24,108,1,Screen 2,fixation,fixation,366,,,,,0,1,0,,,,,1,Trial (Noise),a_subj24_m_saca_76.wav,Babble_085.wav,a,1,,6-A,noise,subj24,m,saca,76
539,1669953136088,02/12/2022 03:52:16,1669953135164,-6,01/12/2022 21:52:15,92237,21,task-bsko,,25622444,BLIND,7588880,,complete,,638974fc642773387b0fa186,mobile,Apple iPhone,iOS 15.6.1,Mobile Safari 15.6.1,414x896,800x364,,Audio Naming Task,26,Block 6-A,soundCheckPassed,6-A,6-A,24,108,2,Screen 1,Zone6,content_web_audio,2,,,AUDIO PLAY REQUESTED,1,0,1,0,,,,,1,Trial (Noise),a_subj24_m_saca_76.wav,Babble_085.wav,a,1,,6-A,noise,subj24,m,saca,76
540,1669953136088,02/12/2022 03:52:16,1669953135165,-6,01/12/2022 21:52:15,92237,21,task-bsko,,25622444,BLIND,7588880,,complete,,638974fc642773387b0fa186,mobile,Apple iPhone,iOS 15.6.1,Mobile Safari 15.6.1,414x896,800x364,,Audio Naming Task,26,Block 6-A,soundCheckPassed,6-A,6-A,24,108,2,Screen 1,Zone8,content_web_audio,3,,,AUDIO PLAY REQUESTED,1,0,1,0,,,,,1,Trial (Noise),a_subj24_m_saca_76.wav,Babble_085.wav,a,1,,6-A,noise,subj24,m,saca,76
541,1669953136088,02/12/2022 03:52:16,1669953135166,-6,01/12/2022 21:52:15,92237,21,task-bsko,,25622444,BLIND,7588880,,complete,,638974fc642773387b0fa186,mobile,Apple iPhone,iOS 15.6.1,Mobile Safari 15.6.1,414x896,800x364,,Audio Naming Task,26,Block 6-A,soundCheckPassed,6-A,6-A,24,108,2,Screen 1,Zone7,content_web_audio,4,,,AUDIO PLAY REQUESTED,1,0,1,0,,,,,1,Trial (Noise),a_subj24_m_saca_76.wav,Babble_085.wav,a,1,,6-A,noise,subj24,m,saca,76
542,1669953136830,02/12/2022 03:52:16,1669953136293,-6,01/12/2022 21:52:16,92237,21,task-bsko,,25622444,BLIND,7588880,,complete,,638974fc642773387b0fa186,mobile,Apple iPhone,iOS 15.6.1,Mobile Safari 15.6.1,414x896,800x364,,Audio Naming Task,26,Block 6-A,soundCheckPassed,6-A,6-A,24,108,2,Screen 1,Zone1,response_button_text,1130,,,a,1,1,0,0,,,,,1,Trial (Noise),a_subj24_m_saca_76.wav,Babble_085.wav,a,1,,6-A,noise,subj24,m,saca,76
543,1669953137030,02/12/2022 03:52:17,1669953136610,-6,01/12/2022 21:52:16,92237,21,task-bsko,,25622444,BLIND,7588880,,complete,,638974fc642773387b0fa186,mobile,Apple iPhone,iOS 15.6.1,Mobile Safari 15.6.1,414x896,800x364,,Audio Naming Task,26,Block 6-A,soundCheckPassed,6-A,6-A,129,109,1,Screen 2,fixation,fixation,333,,,,,0,1,0,,,,,1,Trial (Noise),o_subj2_f_toque_110.wav,Babble_125.wav,o,1,,6-A,noise,subj2,f,toque,110
544,1669953137030,02/12/2022 03:52:17,1669953136627,-6,01/12/2022 21:52:16,92237,21,task-bsko,,25622444,BLIND,7588880,,complete,,638974fc642773387b0fa186,mobile,Apple iPhone,iOS 15.6.1,Mobile Safari 15.6.1,414x896,800x364,,Audio Naming Task,26,Block 6-A,soundCheckPassed,6-A,6-A,129,109,2,Screen 1,Zone6,content_web_audio,1,,,AUDIO PLAY REQUESTED,1,0,1,0,,,,,1,Trial (Noise),o_subj2_f_toque_110.wav,Babble_125.wav,o,1,,6-A,noise,subj2,f,toque,110
545,1669953137030,02/12/2022 03:52:17,1669953136628,-6,01/12/2022 21:52:16,92237,21,task-bsko,,25622444,BLIND,7588880,,complete,,638974fc642773387b0fa186,mobile,Apple iPhone,iOS 15.6.1,Mobile Safari 15.6.1,414x896,800x364,,Audio Naming Task,26,Block 6-A,soundCheckPassed,6-A,6-A,129,109,2,Screen 1,Zone8,content_web_audio,2,,,AUDIO PLAY REQUESTED,1,0,1,0,,,,,1,Trial (Noise),o_subj2_f_toque_110.wav,Babble_125.wav,o,1,,6-A,noise,subj2,f,toque,110
546,1669953137030,02/12/2022 03:52:17,1669953136629,-6,01/12/2022 21:52:16,92237,21,task-bsko,,25622444,BLIND,7588880,,complete,,638974fc642773387b0fa186,mobile,Apple iPhone,iOS 15.6.1,Mobile Safari 15.6.1,414x896,800x364,,Audio Naming Task,26,Block 6-A,soundCheckPassed,6-A,6-A,129,109,2,Screen 1,Zone7,content_web_audio,3,,,AUDIO PLAY REQUESTED,1,0,1,0,,,,,1,Trial (Noise),o_subj2_f_toque_110.wav,Babble_125.wav,o,1,,6-A,noise,subj2,f,toque,110
547,1669953138160,02/12/2022 03:52:18,1669953137693,-6,01/12/2022 21:52:17,92237,21,task-bsko,,25622444,BLIND,7588880,,complete,,638974fc642773387b0fa186,mobile,Apple iPhone,iOS 15.6.1,Mobile Safari 15.6.1,414x896,800x364,,Audio Naming Task,26,Block 6-A,soundCheckPassed,6-A,6-A,129,109,2,Screen 1,Zone3,response_button_text,1066,,,o,1,1,0,0,,,,,1,Trial (Noise),o_subj2_f_toque_110.wav,Babble_125.wav,o,1,,6-A,noise,subj2,f,toque,110
548,1669953138376,02/12/2022 03:52:18,1669953138011,-6,01/12/2022 21:52:18,92237,21,task-bsko,,25622444,BLIND,7588880,,complete,,638974fc642773387b0fa186,mobile,Apple iPhone,iOS 15.6.1,Mobile Safari 15.6.1,414x896,800x364,,Audio Naming Task,26,Block 6-A,soundCheckPassed,6-A,6-A,139,110,1,Screen 2,fixation,fixation,334,,,,,0,1,0,,,,,1,Trial (Noise),o_subj12_f_toque_248.wav,Babble_025.wav,o,1,,6-A,noise,subj12,f,toque,248
549,1669953138376,02/12/2022 03:52:18,1669953138028,-6,01/12/2022 21:52:18,92237,21,task-bsko,,25622444,BLIND,7588880,,complete,,638974fc642773387b0fa186,mobile,Apple iPhone,iOS 15.6.1,Mobile Safari 15.6.1,414x896,800x364,,Audio Naming Task,26,Block 6-A,soundCheckPassed,6-A,6-A,139,110,2,Screen 1,Zone6,content_web_audio,1,,,AUDIO PLAY REQUESTED,1,0,1,0,,,,,1,Trial (Noise),o_subj12_f_toque_248.wav,Babble_025.wav,o,1,,6-A,noise,subj12,f,toque,248
550,1669953138376,02/12/2022 03:52:18,1669953138030,-6,01/12/2022 21:52:18,92237,21,task-bsko,,25622444,BLIND,7588880,,complete,,638974fc642773387b0fa186,mobile,Apple iPhone,iOS 15.6.1,Mobile Safari 15.6.1,414x896,800x364,,Audio Naming Task,26,Block 6-A,soundCheckPassed,6-A,6-A,139,110,2,Screen 1,Zone8,content_web_audio,3,,,AUDIO PLAY REQUESTED,1,0,1,0,,,,,1,Trial (Noise),o_subj12_f_toque_248.wav,Babble_025.wav,o,1,,6-A,noise,subj12,f,toque,248
551,1669953138376,02/12/2022 03:52:18,1669953138030,-6,01/12/2022 21:52:18,92237,21,task-bsko,,25622444,BLIND,7588880,,complete,,638974fc642773387b0fa186,mobile,Apple iPhone,iOS 15.6.1,Mobile Safari 15.6.1,414x896,800x364,,Audio Naming Task,26,Block 6-A,soundCheckPassed,6-A,6-A,139,110,2,Screen 1,Zone7,content_web_audio,3,,,AUDIO PLAY REQUESTED,1,0,1,0,,,,,1,Trial (Noise),o_subj12_f_toque_248.wav,Babble_025.wav,o,1,,6-A,noise,subj12,f,toque,248
552,1669953139701,02/12/2022 03:52:19,1669953139184,-6,01/12/2022 21:52:19,92237,21,task-bsko,,25622444,BLIND,7588880,,complete,,638974fc642773387b0fa186,mobile,Apple iPhone,iOS 15.6.1,Mobile Safari 15.6.1,414x896,800x364,,Audio Naming Task,26,Block 6-A,soundCheckPassed,6-A,6-A,139,110,2,Screen 1,Zone2,response_button_text,1156,,,u,1,0,1,0,,,,,1,Trial (Noise),o_subj12_f_toque_248.wav,Babble_025.wav,o,1,,6-A,noise,subj12,f,toque,248
553,1669953139897,02/12/2022 03:52:19,1669953139577,-6,01/12/2022 21:52:19,92237,21,task-bsko,,25622444,BLIND,7588880,,complete,,638974fc642773387b0fa186,mobile,Apple iPhone,iOS 15.6.1,Mobile Safari 15.6.1,414x896,800x364,,Audio Naming Task,26,Block 6-A,soundCheckPassed,6-A,6-A,74,111,1,Screen 2,fixation,fixation,400,,,,,0,1,0,,,,,1,Trial (Noise),e_subj18_f_seco_267.wav,Babble_163.wav,e,1,,6-A,noise,subj18,f,seco,267
554,1669953139897,02/12/2022 03:52:19,1669953139595,-6,01/12/2022 21:52:19,92237,21,task-bsko,,25622444,BLIND,7588880,,complete,,638974fc642773387b0fa186,mobile,Apple iPhone,iOS 15.6.1,Mobile Safari 15.6.1,414x896,800x364,,Audio Naming Task,26,Block 6-A,soundCheckPassed,6-A,6-A,74,111,2,Screen 1,Zone6,content_web_audio,2,,,AUDIO PLAY REQUESTED,1,0,1,0,,,,,1,Trial (Noise),e_subj18_f_seco_267.wav,Babble_163.wav,e,1,,6-A,noise,subj18,f,seco,267
555,1669953139897,02/12/2022 03:52:19,1669953139596,-6,01/12/2022 21:52:19,92237,21,task-bsko,,25622444,BLIND,7588880,,complete,,638974fc642773387b0fa186,mobile,Apple iPhone,iOS 15.6.1,Mobile Safari 15.6.1,414x896,800x364,,Audio Naming Task,26,Block 6-A,soundCheckPassed,6-A,6-A,74,111,2,Screen 1,Zone8,content_web_audio,3,,,AUDIO PLAY REQUESTED,1,0,1,0,,,,,1,Trial (Noise),e_subj18_f_seco_267.wav,Babble_163.wav,e,1,,6-A,noise,subj18,f,seco,267
556,1669953139897,02/12/2022 03:52:19,1669953139597,-6,01/12/2022 21:52:19,92237,21,task-bsko,,25622444,BLIND,7588880,,complete,,638974fc642773387b0fa186,mobile,Apple iPhone,iOS 15.6.1,Mobile Safari 15.6.1,414x896,800x364,,Audio Naming Task,26,Block 6-A,soundCheckPassed,6-A,6-A,74,111,2,Screen 1,Zone7,content_web_audio,4,,,AUDIO PLAY REQUESTED,1,0,1,0,,,,,1,Trial (Noise),e_subj18_f_seco_267.wav,Babble_163.wav,e,1,,6-A,noise,subj18,f,seco,267
557,1669953141367,02/12/2022 03:52:21,1669953140852,-6,01/12/2022 21:52:20,92237,21,task-bsko,,25622444,BLIND,7588880,,complete,,638974fc642773387b0fa186,mobile,Apple iPhone,iOS 15.6.1,Mobile Safari 15.6.1,414x896,800x364,,Audio Naming Task,26,Block 6-A,soundCheckPassed,6-A,6-A,74,111,2,Screen 1,Zone5,response_button_text,1258,,,e,1,1,0,0,,,,,1,Trial (Noise),e_subj18_f_seco_267.wav,Babble_163.wav,e,1,,6-A,noise,subj18,f,seco,267
558,1669953141565,02/12/2022 03:52:21,1669953141210,-6,01/12/2022 21:52:21,92237,21,task-bsko,,25622444,BLIND,7588880,,complete,,638974fc642773387b0fa186,mobile,Apple iPhone,iOS 15.6.1,Mobile Safari 15.6.1,414x896,800x364,,Audio Naming Task,26,Block 6-A,soundCheckPassed,6-A,6-A,62,112,1,Screen 2,fixation,fixation,367,,,,,0,1,0,,,,,1,Trial (Noise),e_subj50_f_seso_142.wav,Babble_067.wav,e,1,,6-A,noise,subj50,f,seso,142
559,1669953141565,02/12/2022 03:52:21,1669953141229,-6,01/12/2022 21:52:21,92237,21,task-bsko,,25622444,BLIND,7588880,,complete,,638974fc642773387b0fa186,mobile,Apple iPhone,iOS 15.6.1,Mobile Safari 15.6.1,414x896,800x364,,Audio Naming Task,26,Block 6-A,soundCheckPassed,6-A,6-A,62,112,2,Screen 1,Zone6,content_web_audio,2,,,AUDIO PLAY REQUESTED,1,0,1,0,,,,,1,Trial (Noise),e_subj50_f_seso_142.wav,Babble_067.wav,e,1,,6-A,noise,subj50,f,seso,142
560,1669953141565,02/12/2022 03:52:21,1669953141230,-6,01/12/2022 21:52:21,92237,21,task-bsko,,25622444,BLIND,7588880,,complete,,638974fc642773387b0fa186,mobile,Apple iPhone,iOS 15.6.1,Mobile Safari 15.6.1,414x896,800x364,,Audio Naming Task,26,Block 6-A,soundCheckPassed,6-A,6-A,62,112,2,Screen 1,Zone8,content_web_audio,3,,,AUDIO PLAY REQUESTED,1,0,1,0,,,,,1,Trial (Noise),e_subj50_f_seso_142.wav,Babble_067.wav,e,1,,6-A,noise,subj50,f,seso,142
561,1669953141565,02/12/2022 03:52:21,1669953141230,-6,01/12/2022 21:52:21,92237,21,task-bsko,,25622444,BLIND,7588880,,complete,,638974fc642773387b0fa186,mobile,Apple iPhone,iOS 15.6.1,Mobile Safari 15.6.1,414x896,800x364,,Audio Naming Task,26,Block 6-A,soundCheckPassed,6-A,6-A,62,112,2,Screen 1,Zone7,content_web_audio,4.000000000029104,,,AUDIO PLAY REQUESTED,1,0,1,0,,,,,1,Trial (Noise),e_subj50_f_seso_142.wav,Babble_067.wav,e,1,,6-A,noise,subj50,f,seso,142
562,1669953142889,02/12/2022 03:52:22,1669953142433,-6,01/12/2022 21:52:22,92237,21,task-bsko,,25622444,BLIND,7588880,,complete,,638974fc642773387b0fa186,mobile,Apple iPhone,iOS 15.6.1,Mobile Safari 15.6.1,414x896,800x364,,Audio Naming Task,26,Block 6-A,soundCheckPassed,6-A,6-A,62,112,2,Screen 1,Zone5,response_button_text,1206,,,e,1,1,0,0,,,,,1,Trial (Noise),e_subj50_f_seso_142.wav,Babble_067.wav,e,1,,6-A,noise,subj50,f,seso,142
563,1669953143083,02/12/2022 03:52:23,1669953142743,-6,01/12/2022 21:52:22,92237,21,task-bsko,,25622444,BLIND,7588880,,complete,,638974fc642773387b0fa186,mobile,Apple iPhone,iOS 15.6.1,Mobile Safari 15.6.1,414x896,800x364,,Audio Naming Task,26,Block 6-A,soundCheckPassed,6-A,6-A,52,113,1,Screen 2,fixation,fixation,333,,,,,0,1,0,,,,,1,Trial (Noise),e_subj24_m_seco_139.wav,Babble_081.wav,e,1,,6-A,noise,subj24,m,seco,139
564,1669953143083,02/12/2022 03:52:23,1669953142763,-6,01/12/2022 21:52:22,92237,21,task-bsko,,25622444,BLIND,7588880,,complete,,638974fc642773387b0fa186,mobile,Apple iPhone,iOS 15.6.1,Mobile Safari 15.6.1,414x896,800x364,,Audio Naming Task,26,Block 6-A,soundCheckPassed,6-A,6-A,52,113,2,Screen 1,Zone6,content_web_audio,1.9999999999708962,,,AUDIO PLAY REQUESTED,1,0,1,0,,,,,1,Trial (Noise),e_subj24_m_seco_139.wav,Babble_081.wav,e,1,,6-A,noise,subj24,m,seco,139
565,1669953143083,02/12/2022 03:52:23,1669953142764,-6,01/12/2022 21:52:22,92237,21,task-bsko,,25622444,BLIND,7588880,,complete,,638974fc642773387b0fa186,mobile,Apple iPhone,iOS 15.6.1,Mobile Safari 15.6.1,414x896,800x364,,Audio Naming Task,26,Block 6-A,soundCheckPassed,6-A,6-A,52,113,2,Screen 1,Zone8,content_web_audio,2.999999999970896,,,AUDIO PLAY REQUESTED,1,0,1,0,,,,,1,Trial (Noise),e_subj24_m_seco_139.wav,Babble_081.wav,e,1,,6-A,noise,subj24,m,seco,139
566,1669953143083,02/12/2022 03:52:23,1669953142765,-6,01/12/2022 21:52:22,92237,21,task-bsko,,25622444,BLIND,7588880,,complete,,638974fc642773387b0fa186,mobile,Apple iPhone,iOS 15.6.1,Mobile Safari 15.6.1,414x896,800x364,,Audio Naming Task,26,Block 6-A,soundCheckPassed,6-A,6-A,52,113,2,Screen 1,Zone7,content_web_audio,3.999999999970896,,,AUDIO PLAY REQUESTED,1,0,1,0,,,,,1,Trial (Noise),e_subj24_m_seco_139.wav,Babble_081.wav,e,1,,6-A,noise,subj24,m,seco,139
567,1669953144417,02/12/2022 03:52:24,1669953143883,-6,01/12/2022 21:52:23,92237,21,task-bsko,,25622444,BLIND,7588880,,complete,,638974fc642773387b0fa186,mobile,Apple iPhone,iOS 15.6.1,Mobile Safari 15.6.1,414x896,800x364,,Audio Naming Task,26,Block 6-A,soundCheckPassed,6-A,6-A,52,113,2,Screen 1,Zone5,response_button_text,1121.999999999971,,,e,1,1,0,0,,,,,1,Trial (Noise),e_subj24_m_seco_139.wav,Babble_081.wav,e,1,,6-A,noise,subj24,m,seco,139
568,1669953144623,02/12/2022 03:52:24,1669953144243,-6,01/12/2022 21:52:24,92237,21,task-bsko,,25622444,BLIND,7588880,,complete,,638974fc642773387b0fa186,mobile,Apple iPhone,iOS 15.6.1,Mobile Safari 15.6.1,414x896,800x364,,Audio Naming Task,26,Block 6-A,soundCheckPassed,6-A,6-A,162,114,1,Screen 2,fixation,fixation,367,,,,,0,1,0,,,,,1,Trial (Noise),u_subj1_m_puso_229.wav,Babble_007.wav,u,1,,6-A,noise,subj1,m,puso,229
569,1669953144623,02/12/2022 03:52:24,1669953144260,-6,01/12/2022 21:52:24,92237,21,task-bsko,,25622444,BLIND,7588880,,complete,,638974fc642773387b0fa186,mobile,Apple iPhone,iOS 15.6.1,Mobile Safari 15.6.1,414x896,800x364,,Audio Naming Task,26,Block 6-A,soundCheckPassed,6-A,6-A,162,114,2,Screen 1,Zone6,content_web_audio,2,,,AUDIO PLAY REQUESTED,1,0,1,0,,,,,1,Trial (Noise),u_subj1_m_puso_229.wav,Babble_007.wav,u,1,,6-A,noise,subj1,m,puso,229
570,1669953144623,02/12/2022 03:52:24,1669953144261,-6,01/12/2022 21:52:24,92237,21,task-bsko,,25622444,BLIND,7588880,,complete,,638974fc642773387b0fa186,mobile,Apple iPhone,iOS 15.6.1,Mobile Safari 15.6.1,414x896,800x364,,Audio Naming Task,26,Block 6-A,soundCheckPassed,6-A,6-A,162,114,2,Screen 1,Zone8,content_web_audio,3.000000000029104,,,AUDIO PLAY REQUESTED,1,0,1,0,,,,,1,Trial (Noise),u_subj1_m_puso_229.wav,Babble_007.wav,u,1,,6-A,noise,subj1,m,puso,229
571,1669953144623,02/12/2022 03:52:24,1669953144262,-6,01/12/2022 21:52:24,92237,21,task-bsko,,25622444,BLIND,7588880,,complete,,638974fc642773387b0fa186,mobile,Apple iPhone,iOS 15.6.1,Mobile Safari 15.6.1,414x896,800x364,,Audio Naming Task,26,Block 6-A,soundCheckPassed,6-A,6-A,162,114,2,Screen 1,Zone7,content_web_audio,4,,,AUDIO PLAY REQUESTED,1,0,1,0,,,,,1,Trial (Noise),u_subj1_m_puso_229.wav,Babble_007.wav,u,1,,6-A,noise,subj1,m,puso,229
572,1669953145660,02/12/2022 03:52:25,1669953145367,-6,01/12/2022 21:52:25,92237,21,task-bsko,,25622444,BLIND,7588880,,complete,,638974fc642773387b0fa186,mobile,Apple iPhone,iOS 15.6.1,Mobile Safari 15.6.1,414x896,800x364,,Audio Naming Task,26,Block 6-A,soundCheckPassed,6-A,6-A,162,114,2,Screen 1,Zone2,response_button_text,1108,,,u,1,1,0,0,,,,,1,Trial (Noise),u_subj1_m_puso_229.wav,Babble_007.wav,u,1,,6-A,noise,subj1,m,puso,229
573,1669953146174,02/12/2022 03:52:26,1669953145710,-6,01/12/2022 21:52:25,92237,21,task-bsko,,25622444,BLIND,7588880,,complete,,638974fc642773387b0fa186,mobile,Apple iPhone,iOS 15.6.1,Mobile Safari 15.6.1,414x896,800x364,,Audio Naming Task,26,Block 6-A,soundCheckPassed,6-A,6-A,19,115,1,Screen 2,fixation,fixation,366,,,,,0,1,0,,,,,1,Trial (Noise),a_subj18_f_pato_413.wav,Babble_153.wav,a,1,,6-A,noise,subj18,f,pato,413
574,1669953146555,02/12/2022 03:52:26,1669953145729,-6,01/12/2022 21:52:25,92237,21,task-bsko,,25622444,BLIND,7588880,,complete,,638974fc642773387b0fa186,mobile,Apple iPhone,iOS 15.6.1,Mobile Safari 15.6.1,414x896,800x364,,Audio Naming Task,26,Block 6-A,soundCheckPassed,6-A,6-A,19,115,2,Screen 1,Zone6,content_web_audio,2,,,AUDIO PLAY REQUESTED,1,0,1,0,,,,,1,Trial (Noise),a_subj18_f_pato_413.wav,Babble_153.wav,a,1,,6-A,noise,subj18,f,pato,413
575,1669953146555,02/12/2022 03:52:26,1669953145730,-6,01/12/2022 21:52:25,92237,21,task-bsko,,25622444,BLIND,7588880,,complete,,638974fc642773387b0fa186,mobile,Apple iPhone,iOS 15.6.1,Mobile Safari 15.6.1,414x896,800x364,,Audio Naming Task,26,Block 6-A,soundCheckPassed,6-A,6-A,19,115,2,Screen 1,Zone8,content_web_audio,3,,,AUDIO PLAY REQUESTED,1,0,1,0,,,,,1,Trial (Noise),a_subj18_f_pato_413.wav,Babble_153.wav,a,1,,6-A,noise,subj18,f,pato,413
576,1669953146555,02/12/2022 03:52:26,1669953145730,-6,01/12/2022 21:52:25,92237,21,task-bsko,,25622444,BLIND,7588880,,complete,,638974fc642773387b0fa186,mobile,Apple iPhone,iOS 15.6.1,Mobile Safari 15.6.1,414x896,800x364,,Audio Naming Task,26,Block 6-A,soundCheckPassed,6-A,6-A,19,115,2,Screen 1,Zone7,content_web_audio,4.000000000029104,,,AUDIO PLAY REQUESTED,1,0,1,0,,,,,1,Trial (Noise),a_subj18_f_pato_413.wav,Babble_153.wav,a,1,,6-A,noise,subj18,f,pato,413
577,1669953147224,02/12/2022 03:52:27,1669953146758,-6,01/12/2022 21:52:26,92237,21,task-bsko,,25622444,BLIND,7588880,,complete,,638974fc642773387b0fa186,mobile,Apple iPhone,iOS 15.6.1,Mobile Safari 15.6.1,414x896,800x364,,Audio Naming Task,26,Block 6-A,soundCheckPassed,6-A,6-A,19,115,2,Screen 1,Zone1,response_button_text,1031,,,a,1,1,0,0,,,,,1,Trial (Noise),a_subj18_f_pato_413.wav,Babble_153.wav,a,1,,6-A,noise,subj18,f,pato,413
578,1669953147424,02/12/2022 03:52:27,1669953147109,-6,01/12/2022 21:52:27,92237,21,task-bsko,,25622444,BLIND,7588880,,complete,,638974fc642773387b0fa186,mobile,Apple iPhone,iOS 15.6.1,Mobile Safari 15.6.1,414x896,800x364,,Audio Naming Task,26,Block 6-A,soundCheckPassed,6-A,6-A,76,116,1,Screen 2,fixation,fixation,366,,,,,0,1,0,,,,,1,Trial (Noise),e_subj17_f_seca_265.wav,Babble_099.wav,e,1,,6-A,noise,subj17,f,seca,265
579,1669953147424,02/12/2022 03:52:27,1669953147126,-6,01/12/2022 21:52:27,92237,21,task-bsko,,25622444,BLIND,7588880,,complete,,638974fc642773387b0fa186,mobile,Apple iPhone,iOS 15.6.1,Mobile Safari 15.6.1,414x896,800x364,,Audio Naming Task,26,Block 6-A,soundCheckPassed,6-A,6-A,76,116,2,Screen 1,Zone6,content_web_audio,2,,,AUDIO PLAY REQUESTED,1,0,1,0,,,,,1,Trial (Noise),e_subj17_f_seca_265.wav,Babble_099.wav,e,1,,6-A,noise,subj17,f,seca,265
580,1669953147424,02/12/2022 03:52:27,1669953147128,-6,01/12/2022 21:52:27,92237,21,task-bsko,,25622444,BLIND,7588880,,complete,,638974fc642773387b0fa186,mobile,Apple iPhone,iOS 15.6.1,Mobile Safari 15.6.1,414x896,800x364,,Audio Naming Task,26,Block 6-A,soundCheckPassed,6-A,6-A,76,116,2,Screen 1,Zone8,content_web_audio,3,,,AUDIO PLAY REQUESTED,1,0,1,0,,,,,1,Trial (Noise),e_subj17_f_seca_265.wav,Babble_099.wav,e,1,,6-A,noise,subj17,f,seca,265
581,1669953147424,02/12/2022 03:52:27,1669953147128,-6,01/12/2022 21:52:27,92237,21,task-bsko,,25622444,BLIND,7588880,,complete,,638974fc642773387b0fa186,mobile,Apple iPhone,iOS 15.6.1,Mobile Safari 15.6.1,414x896,800x364,,Audio Naming Task,26,Block 6-A,soundCheckPassed,6-A,6-A,76,116,2,Screen 1,Zone7,content_web_audio,4,,,AUDIO PLAY REQUESTED,1,0,1,0,,,,,1,Trial (Noise),e_subj17_f_seca_265.wav,Babble_099.wav,e,1,,6-A,noise,subj17,f,seca,265
582,1669953148691,02/12/2022 03:52:28,1669953148208,-6,01/12/2022 21:52:28,92237,21,task-bsko,,25622444,BLIND,7588880,,complete,,638974fc642773387b0fa186,mobile,Apple iPhone,iOS 15.6.1,Mobile Safari 15.6.1,414x896,800x364,,Audio Naming Task,26,Block 6-A,soundCheckPassed,6-A,6-A,76,116,2,Screen 1,Zone5,response_button_text,1083,,,e,1,1,0,0,,,,,1,Trial (Noise),e_subj17_f_seca_265.wav,Babble_099.wav,e,1,,6-A,noise,subj17,f,seca,265
583,1669953149109,02/12/2022 03:52:29,1669953148609,-6,01/12/2022 21:52:28,92237,21,task-bsko,,25622444,BLIND,7588880,,complete,,638974fc642773387b0fa186,mobile,Apple iPhone,iOS 15.6.1,Mobile Safari 15.6.1,414x896,800x364,,Audio Naming Task,26,Block 6-A,soundCheckPassed,6-A,6-A,66,117,1,Screen 2,fixation,fixation,433,,,,,0,1,0,,,,,1,Trial (Noise),e_subj42_f_seso_281.wav,Babble_170.wav,e,1,,6-A,noise,subj42,f,seso,281
584,1669953149529,02/12/2022 03:52:29,1669953148629,-6,01/12/2022 21:52:28,92237,21,task-bsko,,25622444,BLIND,7588880,,complete,,638974fc642773387b0fa186,mobile,Apple iPhone,iOS 15.6.1,Mobile Safari 15.6.1,414x896,800x364,,Audio Naming Task,26,Block 6-A,soundCheckPassed,6-A,6-A,66,117,2,Screen 1,Zone6,content_web_audio,2,,,AUDIO PLAY REQUESTED,1,0,1,0,,,,,1,Trial (Noise),e_subj42_f_seso_281.wav,Babble_170.wav,e,1,,6-A,noise,subj42,f,seso,281
585,1669953149529,02/12/2022 03:52:29,1669953148630,-6,01/12/2022 21:52:28,92237,21,task-bsko,,25622444,BLIND,7588880,,complete,,638974fc642773387b0fa186,mobile,Apple iPhone,iOS 15.6.1,Mobile Safari 15.6.1,414x896,800x364,,Audio Naming Task,26,Block 6-A,soundCheckPassed,6-A,6-A,66,117,2,Screen 1,Zone8,content_web_audio,3.000000000029104,,,AUDIO PLAY REQUESTED,1,0,1,0,,,,,1,Trial (Noise),e_subj42_f_seso_281.wav,Babble_170.wav,e,1,,6-A,noise,subj42,f,seso,281
586,1669953149529,02/12/2022 03:52:29,1669953148630,-6,01/12/2022 21:52:28,92237,21,task-bsko,,25622444,BLIND,7588880,,complete,,638974fc642773387b0fa186,mobile,Apple iPhone,iOS 15.6.1,Mobile Safari 15.6.1,414x896,800x364,,Audio Naming Task,26,Block 6-A,soundCheckPassed,6-A,6-A,66,117,2,Screen 1,Zone7,content_web_audio,4,,,AUDIO PLAY REQUESTED,1,0,1,0,,,,,1,Trial (Noise),e_subj42_f_seso_281.wav,Babble_170.wav,e,1,,6-A,noise,subj42,f,seso,281
587,1669953150685,02/12/2022 03:52:30,1669953150350,-6,01/12/2022 21:52:30,92237,21,task-bsko,,25622444,BLIND,7588880,,complete,,638974fc642773387b0fa186,mobile,Apple iPhone,iOS 15.6.1,Mobile Safari 15.6.1,414x896,800x364,,Audio Naming Task,26,Block 6-A,soundCheckPassed,6-A,6-A,66,117,2,Screen 1,Zone4,response_button_text,1722,,,i,1,0,1,0,,,,,1,Trial (Noise),e_subj42_f_seso_281.wav,Babble_170.wav,e,1,,6-A,noise,subj42,f,seso,281
588,1669953151142,02/12/2022 03:52:31,1669953150676,-6,01/12/2022 21:52:30,92237,21,task-bsko,,25622444,BLIND,7588880,,complete,,638974fc642773387b0fa186,mobile,Apple iPhone,iOS 15.6.1,Mobile Safari 15.6.1,414x896,800x364,,Audio Naming Task,26,Block 6-A,soundCheckPassed,6-A,6-A,11,118,1,Screen 2,fixation,fixation,334,,,,,0,1,0,,,,,1,Trial (Noise),a_subj7_f_vara_222.wav,Babble_162.wav,a,1,,6-A,noise,subj7,f,vara,222
589,1669953151571,02/12/2022 03:52:31,1669953150696,-6,01/12/2022 21:52:30,92237,21,task-bsko,,25622444,BLIND,7588880,,complete,,638974fc642773387b0fa186,mobile,Apple iPhone,iOS 15.6.1,Mobile Safari 15.6.1,414x896,800x364,,Audio Naming Task,26,Block 6-A,soundCheckPassed,6-A,6-A,11,118,2,Screen 1,Zone6,content_web_audio,2,,,AUDIO PLAY REQUESTED,1,0,1,0,,,,,1,Trial (Noise),a_subj7_f_vara_222.wav,Babble_162.wav,a,1,,6-A,noise,subj7,f,vara,222
590,1669953151571,02/12/2022 03:52:31,1669953150697,-6,01/12/2022 21:52:30,92237,21,task-bsko,,25622444,BLIND,7588880,,complete,,638974fc642773387b0fa186,mobile,Apple iPhone,iOS 15.6.1,Mobile Safari 15.6.1,414x896,800x364,,Audio Naming Task,26,Block 6-A,soundCheckPassed,6-A,6-A,11,118,2,Screen 1,Zone8,content_web_audio,3,,,AUDIO PLAY REQUESTED,1,0,1,0,,,,,1,Trial (Noise),a_subj7_f_vara_222.wav,Babble_162.wav,a,1,,6-A,noise,subj7,f,vara,222
591,1669953151571,02/12/2022 03:52:31,1669953150698,-6,01/12/2022 21:52:30,92237,21,task-bsko,,25622444,BLIND,7588880,,complete,,638974fc642773387b0fa186,mobile,Apple iPhone,iOS 15.6.1,Mobile Safari 15.6.1,414x896,800x364,,Audio Naming Task,26,Block 6-A,soundCheckPassed,6-A,6-A,11,118,2,Screen 1,Zone7,content_web_audio,3,,,AUDIO PLAY REQUESTED,1,0,1,0,,,,,1,Trial (Noise),a_subj7_f_vara_222.wav,Babble_162.wav,a,1,,6-A,noise,subj7,f,vara,222
592,1669953152496,02/12/2022 03:52:32,1669953151941,-6,01/12/2022 21:52:31,92237,21,task-bsko,,25622444,BLIND,7588880,,complete,,638974fc642773387b0fa186,mobile,Apple iPhone,iOS 15.6.1,Mobile Safari 15.6.1,414x896,800x364,,Audio Naming Task,26,Block 6-A,soundCheckPassed,6-A,6-A,11,118,2,Screen 1,Zone1,response_button_text,1245,,,a,1,1,0,0,,,,,1,Trial (Noise),a_subj7_f_vara_222.wav,Babble_162.wav,a,1,,6-A,noise,subj7,f,vara,222
593,1669953152701,02/12/2022 03:52:32,1669953152276,-6,01/12/2022 21:52:32,92237,21,task-bsko,,25622444,BLIND,7588880,,complete,,638974fc642773387b0fa186,mobile,Apple iPhone,iOS 15.6.1,Mobile Safari 15.6.1,414x896,800x364,,Audio Naming Task,26,Block 6-A,soundCheckPassed,6-A,6-A,154,119,1,Screen 2,fixation,fixation,367,,,,,0,1,0,,,,,1,Trial (Noise),o_subj78_m_toco_65.wav,Babble_088.wav,o,1,,6-A,noise,subj78,m,toco,65
594,1669953152701,02/12/2022 03:52:32,1669953152294,-6,01/12/2022 21:52:32,92237,21,task-bsko,,25622444,BLIND,7588880,,complete,,638974fc642773387b0fa186,mobile,Apple iPhone,iOS 15.6.1,Mobile Safari 15.6.1,414x896,800x364,,Audio Naming Task,26,Block 6-A,soundCheckPassed,6-A,6-A,154,119,2,Screen 1,Zone6,content_web_audio,2,,,AUDIO PLAY REQUESTED,1,0,1,0,,,,,1,Trial (Noise),o_subj78_m_toco_65.wav,Babble_088.wav,o,1,,6-A,noise,subj78,m,toco,65
595,1669953152701,02/12/2022 03:52:32,1669953152295,-6,01/12/2022 21:52:32,92237,21,task-bsko,,25622444,BLIND,7588880,,complete,,638974fc642773387b0fa186,mobile,Apple iPhone,iOS 15.6.1,Mobile Safari 15.6.1,414x896,800x364,,Audio Naming Task,26,Block 6-A,soundCheckPassed,6-A,6-A,154,119,2,Screen 1,Zone8,content_web_audio,3,,,AUDIO PLAY REQUESTED,1,0,1,0,,,,,1,Trial (Noise),o_subj78_m_toco_65.wav,Babble_088.wav,o,1,,6-A,noise,subj78,m,toco,65
596,1669953152701,02/12/2022 03:52:32,1669953152296,-6,01/12/2022 21:52:32,92237,21,task-bsko,,25622444,BLIND,7588880,,complete,,638974fc642773387b0fa186,mobile,Apple iPhone,iOS 15.6.1,Mobile Safari 15.6.1,414x896,800x364,,Audio Naming Task,26,Block 6-A,soundCheckPassed,6-A,6-A,154,119,2,Screen 1,Zone7,content_web_audio,3,,,AUDIO PLAY REQUESTED,1,0,1,0,,,,,1,Trial (Noise),o_subj78_m_toco_65.wav,Babble_088.wav,o,1,,6-A,noise,subj78,m,toco,65
597,1669953154035,02/12/2022 03:52:34,1669953153599,-6,01/12/2022 21:52:33,92237,21,task-bsko,,25622444,BLIND,7588880,,complete,,638974fc642773387b0fa186,mobile,Apple iPhone,iOS 15.6.1,Mobile Safari 15.6.1,414x896,800x364,,Audio Naming Task,26,Block 6-A,soundCheckPassed,6-A,6-A,154,119,2,Screen 1,Zone3,response_button_text,1306,,,o,1,1,0,0,,,,,1,Trial (Noise),o_subj78_m_toco_65.wav,Babble_088.wav,o,1,,6-A,noise,subj78,m,toco,65
598,1669953154414,02/12/2022 03:52:34,1669953153942,-6,01/12/2022 21:52:33,92237,21,task-bsko,,25622444,BLIND,7588880,,complete,,638974fc642773387b0fa186,mobile,Apple iPhone,iOS 15.6.1,Mobile Safari 15.6.1,414x896,800x364,,Audio Naming Task,26,Block 6-A,soundCheckPassed,6-A,6-A,131,120,1,Screen 2,fixation,fixation,366,,,,,0,1,0,,,,,1,Trial (Noise),o_subj4_f_toque_173.wav,Babble_017.wav,o,1,,6-A,noise,subj4,f,toque,173
599,1669953154809,02/12/2022 03:52:34,1669953153962,-6,01/12/2022 21:52:33,92237,21,task-bsko,,25622444,BLIND,7588880,,complete,,638974fc642773387b0fa186,mobile,Apple iPhone,iOS 15.6.1,Mobile Safari 15.6.1,414x896,800x364,,Audio Naming Task,26,Block 6-A,soundCheckPassed,6-A,6-A,131,120,2,Screen 1,Zone6,content_web_audio,2,,,AUDIO PLAY REQUESTED,1,0,1,0,,,,,1,Trial (Noise),o_subj4_f_toque_173.wav,Babble_017.wav,o,1,,6-A,noise,subj4,f,toque,173
600,1669953154809,02/12/2022 03:52:34,1669953153963,-6,01/12/2022 21:52:33,92237,21,task-bsko,,25622444,BLIND,7588880,,complete,,638974fc642773387b0fa186,mobile,Apple iPhone,iOS 15.6.1,Mobile Safari 15.6.1,414x896,800x364,,Audio Naming Task,26,Block 6-A,soundCheckPassed,6-A,6-A,131,120,2,Screen 1,Zone8,content_web_audio,3.000000000029104,,,AUDIO PLAY REQUESTED,1,0,1,0,,,,,1,Trial (Noise),o_subj4_f_toque_173.wav,Babble_017.wav,o,1,,6-A,noise,subj4,f,toque,173
601,1669953154809,02/12/2022 03:52:34,1669953153964,-6,01/12/2022 21:52:33,92237,21,task-bsko,,25622444,BLIND,7588880,,complete,,638974fc642773387b0fa186,mobile,Apple iPhone,iOS 15.6.1,Mobile Safari 15.6.1,414x896,800x364,,Audio Naming Task,26,Block 6-A,soundCheckPassed,6-A,6-A,131,120,2,Screen 1,Zone7,content_web_audio,4,,,AUDIO PLAY REQUESTED,1,0,1,0,,,,,1,Trial (Noise),o_subj4_f_toque_173.wav,Babble_017.wav,o,1,,6-A,noise,subj4,f,toque,173
602,1669953155643,02/12/2022 03:52:35,1669953155182,-6,01/12/2022 21:52:35,92237,21,task-bsko,,25622444,BLIND,7588880,,complete,,638974fc642773387b0fa186,mobile,Apple iPhone,iOS 15.6.1,Mobile Safari 15.6.1,414x896,800x364,,Audio Naming Task,26,Block 6-A,soundCheckPassed,6-A,6-A,131,120,2,Screen 1,Zone3,response_button_text,1222,,,o,1,1,0,0,,,,,1,Trial (Noise),o_subj4_f_toque_173.wav,Babble_017.wav,o,1,,6-A,noise,subj4,f,toque,173
603,1669953155998,02/12/2022 03:52:35,1669953155542,-6,01/12/2022 21:52:35,92237,21,task-bsko,,25622444,BLIND,7588880,,complete,,638974fc642773387b0fa186,mobile,Apple iPhone,iOS 15.6.1,Mobile Safari 15.6.1,414x896,800x364,,Audio Naming Task,26,Block 6-A,soundCheckPassed,6-A,6-A,85,121,1,Screen 2,fixation,fixation,366,,,,,0,1,0,,,,,1,Trial (Noise),i_subj2_f_pica_175.wav,Babble_072.wav,i,1,,6-A,noise,subj2,f,pica,175
604,1669953156404,02/12/2022 03:52:36,1669953155562,-6,01/12/2022 21:52:35,92237,21,task-bsko,,25622444,BLIND,7588880,,complete,,638974fc642773387b0fa186,mobile,Apple iPhone,iOS 15.6.1,Mobile Safari 15.6.1,414x896,800x364,,Audio Naming Task,26,Block 6-A,soundCheckPassed,6-A,6-A,85,121,2,Screen 1,Zone6,content_web_audio,2,,,AUDIO PLAY REQUESTED,1,0,1,0,,,,,1,Trial (Noise),i_subj2_f_pica_175.wav,Babble_072.wav,i,1,,6-A,noise,subj2,f,pica,175
605,1669953156404,02/12/2022 03:52:36,1669953155564,-6,01/12/2022 21:52:35,92237,21,task-bsko,,25622444,BLIND,7588880,,complete,,638974fc642773387b0fa186,mobile,Apple iPhone,iOS 15.6.1,Mobile Safari 15.6.1,414x896,800x364,,Audio Naming Task,26,Block 6-A,soundCheckPassed,6-A,6-A,85,121,2,Screen 1,Zone8,content_web_audio,3,,,AUDIO PLAY REQUESTED,1,0,1,0,,,,,1,Trial (Noise),i_subj2_f_pica_175.wav,Babble_072.wav,i,1,,6-A,noise,subj2,f,pica,175
606,1669953156404,02/12/2022 03:52:36,1669953155564,-6,01/12/2022 21:52:35,92237,21,task-bsko,,25622444,BLIND,7588880,,complete,,638974fc642773387b0fa186,mobile,Apple iPhone,iOS 15.6.1,Mobile Safari 15.6.1,414x896,800x364,,Audio Naming Task,26,Block 6-A,soundCheckPassed,6-A,6-A,85,121,2,Screen 1,Zone7,content_web_audio,4,,,AUDIO PLAY REQUESTED,1,0,1,0,,,,,1,Trial (Noise),i_subj2_f_pica_175.wav,Babble_072.wav,i,1,,6-A,noise,subj2,f,pica,175
607,1669953157203,02/12/2022 03:52:37,1669953156691,-6,01/12/2022 21:52:36,92237,21,task-bsko,,25622444,BLIND,7588880,,complete,,638974fc642773387b0fa186,mobile,Apple iPhone,iOS 15.6.1,Mobile Safari 15.6.1,414x896,800x364,,Audio Naming Task,26,Block 6-A,soundCheckPassed,6-A,6-A,85,121,2,Screen 1,Zone4,response_button_text,1129,,,i,1,1,0,0,,,,,1,Trial (Noise),i_subj2_f_pica_175.wav,Babble_072.wav,i,1,,6-A,noise,subj2,f,pica,175
608,1669953158018,02/12/2022 03:52:38,1669953157009,-6,01/12/2022 21:52:37,92237,21,task-bsko,,25622444,BLIND,7588880,,complete,,638974fc642773387b0fa186,mobile,Apple iPhone,iOS 15.6.1,Mobile Safari 15.6.1,414x896,800x364,,Audio Naming Task,26,Block 6-A,soundCheckPassed,6-A,6-A,183,122,1,Screen 2,fixation,fixation,334,,,,,0,1,0,,,,,1,Trial (Noise),u_subj41_f_tusa_79.wav,Babble_000.wav,u,1,,6-A,noise,subj41,f,tusa,79
609,1669953158018,02/12/2022 03:52:38,1669953157029,-6,01/12/2022 21:52:37,92237,21,task-bsko,,25622444,BLIND,7588880,,complete,,638974fc642773387b0fa186,mobile,Apple iPhone,iOS 15.6.1,Mobile Safari 15.6.1,414x896,800x364,,Audio Naming Task,26,Block 6-A,soundCheckPassed,6-A,6-A,183,122,2,Screen 1,Zone6,content_web_audio,2.000000000029104,,,AUDIO PLAY REQUESTED,1,0,1,0,,,,,1,Trial (Noise),u_subj41_f_tusa_79.wav,Babble_000.wav,u,1,,6-A,noise,subj41,f,tusa,79
610,1669953158018,02/12/2022 03:52:38,1669953157030,-6,01/12/2022 21:52:37,92237,21,task-bsko,,25622444,BLIND,7588880,,complete,,638974fc642773387b0fa186,mobile,Apple iPhone,iOS 15.6.1,Mobile Safari 15.6.1,414x896,800x364,,Audio Naming Task,26,Block 6-A,soundCheckPassed,6-A,6-A,183,122,2,Screen 1,Zone8,content_web_audio,3,,,AUDIO PLAY REQUESTED,1,0,1,0,,,,,1,Trial (Noise),u_subj41_f_tusa_79.wav,Babble_000.wav,u,1,,6-A,noise,subj41,f,tusa,79
611,1669953158018,02/12/2022 03:52:38,1669953157031,-6,01/12/2022 21:52:37,92237,21,task-bsko,,25622444,BLIND,7588880,,complete,,638974fc642773387b0fa186,mobile,Apple iPhone,iOS 15.6.1,Mobile Safari 15.6.1,414x896,800x364,,Audio Naming Task,26,Block 6-A,soundCheckPassed,6-A,6-A,183,122,2,Screen 1,Zone7,content_web_audio,4,,,AUDIO PLAY REQUESTED,1,0,1,0,,,,,1,Trial (Noise),u_subj41_f_tusa_79.wav,Babble_000.wav,u,1,,6-A,noise,subj41,f,tusa,79
612,1669953158743,02/12/2022 03:52:38,1669953158224,-6,01/12/2022 21:52:38,92237,21,task-bsko,,25622444,BLIND,7588880,,complete,,638974fc642773387b0fa186,mobile,Apple iPhone,iOS 15.6.1,Mobile Safari 15.6.1,414x896,800x364,,Audio Naming Task,26,Block 6-A,soundCheckPassed,6-A,6-A,183,122,2,Screen 1,Zone2,response_button_text,1197,,,u,1,1,0,0,,,,,1,Trial (Noise),u_subj41_f_tusa_79.wav,Babble_000.wav,u,1,,6-A,noise,subj41,f,tusa,79
613,1669953168777,02/12/2022 03:52:48,1669953168242,-6,01/12/2022 21:52:48,92237,21,task-bsko,,25622444,BLIND,7588880,,complete,,638974fc642773387b0fa186,mobile,Apple iPhone,iOS 15.6.1,Mobile Safari 15.6.1,414x896,800x364,,Audio Naming Task,26,Block 6-A,soundCheckPassed,6-A,,,,,,,,LOADING DELAY,,,A loading delay of more than 10s was detected.,,0,1,0,,,,,,,,,,,,,,,,,
614,1669953178273,02/12/2022 03:52:58,1669953177974,-6,01/12/2022 21:52:57,92237,21,task-bsko,,25622444,BLIND,7588880,,complete,,638974fc642773387b0fa186,mobile,Apple iPhone,iOS 15.6.1,Mobile Safari 15.6.1,414x896,800x364,,Audio Naming Task,26,Block 6-A,soundCheckPassed,6-A,6-A,116,123,1,Screen 2,fixation,fixation,366,,,,,0,1,0,,,,,1,Trial (Noise),i_subj77_m_quite_144.wav,Babble_056.wav,i,1,,6-A,noise,subj77,m,quite,144
615,1669953178650,02/12/2022 03:52:58,1669953177995,-6,01/12/2022 21:52:57,92237,21,task-bsko,,25622444,BLIND,7588880,,complete,,638974fc642773387b0fa186,mobile,Apple iPhone,iOS 15.6.1,Mobile Safari 15.6.1,414x896,800x364,,Audio Naming Task,26,Block 6-A,soundCheckPassed,6-A,6-A,116,123,2,Screen 1,Zone6,content_web_audio,2,,,AUDIO PLAY REQUESTED,1,0,1,0,,,,,1,Trial (Noise),i_subj77_m_quite_144.wav,Babble_056.wav,i,1,,6-A,noise,subj77,m,quite,144
616,1669953178650,02/12/2022 03:52:58,1669953177996,-6,01/12/2022 21:52:57,92237,21,task-bsko,,25622444,BLIND,7588880,,complete,,638974fc642773387b0fa186,mobile,Apple iPhone,iOS 15.6.1,Mobile Safari 15.6.1,414x896,800x364,,Audio Naming Task,26,Block 6-A,soundCheckPassed,6-A,6-A,116,123,2,Screen 1,Zone8,content_web_audio,3,,,AUDIO PLAY REQUESTED,1,0,1,0,,,,,1,Trial (Noise),i_subj77_m_quite_144.wav,Babble_056.wav,i,1,,6-A,noise,subj77,m,quite,144
617,1669953178650,02/12/2022 03:52:58,1669953177997,-6,01/12/2022 21:52:57,92237,21,task-bsko,,25622444,BLIND,7588880,,complete,,638974fc642773387b0fa186,mobile,Apple iPhone,iOS 15.6.1,Mobile Safari 15.6.1,414x896,800x364,,Audio Naming Task,26,Block 6-A,soundCheckPassed,6-A,6-A,116,123,2,Screen 1,Zone7,content_web_audio,4,,,AUDIO PLAY REQUESTED,1,0,1,0,,,,,1,Trial (Noise),i_subj77_m_quite_144.wav,Babble_056.wav,i,1,,6-A,noise,subj77,m,quite,144
618,1669953181582,02/12/2022 03:53:01,1669953181020,-6,01/12/2022 21:53:01,92237,21,task-bsko,,25622444,BLIND,7588880,,complete,,638974fc642773387b0fa186,mobile,Apple iPhone,iOS 15.6.1,Mobile Safari 15.6.1,414x896,800x364,,Audio Naming Task,26,Block 6-A,soundCheckPassed,6-A,6-A,116,123,2,Screen 1,Zone7,content_web_audio,3026,,,,,0,1,0,,,,,1,Trial (Noise),i_subj77_m_quite_144.wav,Babble_056.wav,i,1,,6-A,noise,subj77,m,quite,144
619,1669953181817,02/12/2022 03:53:01,1669953181373,-6,01/12/2022 21:53:01,92237,21,task-bsko,,25622444,BLIND,7588880,,complete,,638974fc642773387b0fa186,mobile,Apple iPhone,iOS 15.6.1,Mobile Safari 15.6.1,414x896,800x364,,Audio Naming Task,26,Block 6-A,soundCheckPassed,6-A,6-A,48,124,1,Screen 2,fixation,fixation,366,,,,,0,1,0,,,,,1,Trial (Noise),e_subj15_m_peca_89.wav,Babble_139.wav,e,1,,6-A,noise,subj15,m,peca,89
620,1669953181817,02/12/2022 03:53:01,1669953181392,-6,01/12/2022 21:53:01,92237,21,task-bsko,,25622444,BLIND,7588880,,complete,,638974fc642773387b0fa186,mobile,Apple iPhone,iOS 15.6.1,Mobile Safari 15.6.1,414x896,800x364,,Audio Naming Task,26,Block 6-A,soundCheckPassed,6-A,6-A,48,124,2,Screen 1,Zone6,content_web_audio,2,,,AUDIO PLAY REQUESTED,1,0,1,0,,,,,1,Trial (Noise),e_subj15_m_peca_89.wav,Babble_139.wav,e,1,,6-A,noise,subj15,m,peca,89
621,1669953181817,02/12/2022 03:53:01,1669953181393,-6,01/12/2022 21:53:01,92237,21,task-bsko,,25622444,BLIND,7588880,,complete,,638974fc642773387b0fa186,mobile,Apple iPhone,iOS 15.6.1,Mobile Safari 15.6.1,414x896,800x364,,Audio Naming Task,26,Block 6-A,soundCheckPassed,6-A,6-A,48,124,2,Screen 1,Zone8,content_web_audio,3,,,AUDIO PLAY REQUESTED,1,0,1,0,,,,,1,Trial (Noise),e_subj15_m_peca_89.wav,Babble_139.wav,e,1,,6-A,noise,subj15,m,peca,89
622,1669953181817,02/12/2022 03:53:01,1669953181394,-6,01/12/2022 21:53:01,92237,21,task-bsko,,25622444,BLIND,7588880,,complete,,638974fc642773387b0fa186,mobile,Apple iPhone,iOS 15.6.1,Mobile Safari 15.6.1,414x896,800x364,,Audio Naming Task,26,Block 6-A,soundCheckPassed,6-A,6-A,48,124,2,Screen 1,Zone7,content_web_audio,4,,,AUDIO PLAY REQUESTED,1,0,1,0,,,,,1,Trial (Noise),e_subj15_m_peca_89.wav,Babble_139.wav,e,1,,6-A,noise,subj15,m,peca,89
623,1669953183140,02/12/2022 03:53:03,1669953182675,-6,01/12/2022 21:53:02,92237,21,task-bsko,,25622444,BLIND,7588880,,complete,,638974fc642773387b0fa186,mobile,Apple iPhone,iOS 15.6.1,Mobile Safari 15.6.1,414x896,800x364,,Audio Naming Task,26,Block 6-A,soundCheckPassed,6-A,6-A,48,124,2,Screen 1,Zone5,response_button_text,1284,,,e,1,1,0,0,,,,,1,Trial (Noise),e_subj15_m_peca_89.wav,Babble_139.wav,e,1,,6-A,noise,subj15,m,peca,89
624,1669953183349,02/12/2022 03:53:03,1669953183007,-6,01/12/2022 21:53:03,92237,21,task-bsko,,25622444,BLIND,7588880,,complete,,638974fc642773387b0fa186,mobile,Apple iPhone,iOS 15.6.1,Mobile Safari 15.6.1,414x896,800x364,,Audio Naming Task,26,Block 6-A,soundCheckPassed,6-A,6-A,28,125,1,Screen 2,fixation,fixation,366,,,,,0,1,0,,,,,1,Trial (Noise),a_subj14_m_saco_130.wav,Babble_068.wav,a,1,,6-A,noise,subj14,m,saco,130
625,1669953183349,02/12/2022 03:53:03,1669953183025,-6,01/12/2022 21:53:03,92237,21,task-bsko,,25622444,BLIND,7588880,,complete,,638974fc642773387b0fa186,mobile,Apple iPhone,iOS 15.6.1,Mobile Safari 15.6.1,414x896,800x364,,Audio Naming Task,26,Block 6-A,soundCheckPassed,6-A,6-A,28,125,2,Screen 1,Zone6,content_web_audio,2,,,AUDIO PLAY REQUESTED,1,0,1,0,,,,,1,Trial (Noise),a_subj14_m_saco_130.wav,Babble_068.wav,a,1,,6-A,noise,subj14,m,saco,130
626,1669953183349,02/12/2022 03:53:03,1669953183026,-6,01/12/2022 21:53:03,92237,21,task-bsko,,25622444,BLIND,7588880,,complete,,638974fc642773387b0fa186,mobile,Apple iPhone,iOS 15.6.1,Mobile Safari 15.6.1,414x896,800x364,,Audio Naming Task,26,Block 6-A,soundCheckPassed,6-A,6-A,28,125,2,Screen 1,Zone8,content_web_audio,3,,,AUDIO PLAY REQUESTED,1,0,1,0,,,,,1,Trial (Noise),a_subj14_m_saco_130.wav,Babble_068.wav,a,1,,6-A,noise,subj14,m,saco,130
627,1669953183349,02/12/2022 03:53:03,1669953183027,-6,01/12/2022 21:53:03,92237,21,task-bsko,,25622444,BLIND,7588880,,complete,,638974fc642773387b0fa186,mobile,Apple iPhone,iOS 15.6.1,Mobile Safari 15.6.1,414x896,800x364,,Audio Naming Task,26,Block 6-A,soundCheckPassed,6-A,6-A,28,125,2,Screen 1,Zone7,content_web_audio,4,,,AUDIO PLAY REQUESTED,1,0,1,0,,,,,1,Trial (Noise),a_subj14_m_saco_130.wav,Babble_068.wav,a,1,,6-A,noise,subj14,m,saco,130
628,1669953184657,02/12/2022 03:53:04,1669953184164,-6,01/12/2022 21:53:04,92237,21,task-bsko,,25622444,BLIND,7588880,,complete,,638974fc642773387b0fa186,mobile,Apple iPhone,iOS 15.6.1,Mobile Safari 15.6.1,414x896,800x364,,Audio Naming Task,26,Block 6-A,soundCheckPassed,6-A,6-A,28,125,2,Screen 1,Zone1,response_button_text,1141,,,a,1,1,0,0,,,,,1,Trial (Noise),a_subj14_m_saco_130.wav,Babble_068.wav,a,1,,6-A,noise,subj14,m,saco,130
629,1669953184874,02/12/2022 03:53:04,1669953184474,-6,01/12/2022 21:53:04,92237,21,task-bsko,,25622444,BLIND,7588880,,complete,,638974fc642773387b0fa186,mobile,Apple iPhone,iOS 15.6.1,Mobile Safari 15.6.1,414x896,800x364,,Audio Naming Task,26,Block 6-A,soundCheckPassed,6-A,6-A,42,126,1,Screen 2,fixation,fixation,334,,,,,0,1,0,,,,,1,Trial (Noise),e_subj78_m_beta_85.wav,Babble_104.wav,e,1,,6-A,noise,subj78,m,beta,85
630,1669953184874,02/12/2022 03:53:04,1669953184494,-6,01/12/2022 21:53:04,92237,21,task-bsko,,25622444,BLIND,7588880,,complete,,638974fc642773387b0fa186,mobile,Apple iPhone,iOS 15.6.1,Mobile Safari 15.6.1,414x896,800x364,,Audio Naming Task,26,Block 6-A,soundCheckPassed,6-A,6-A,42,126,2,Screen 1,Zone6,content_web_audio,1.9999999999708962,,,AUDIO PLAY REQUESTED,1,0,1,0,,,,,1,Trial (Noise),e_subj78_m_beta_85.wav,Babble_104.wav,e,1,,6-A,noise,subj78,m,beta,85
631,1669953184874,02/12/2022 03:53:04,1669953184495,-6,01/12/2022 21:53:04,92237,21,task-bsko,,25622444,BLIND,7588880,,complete,,638974fc642773387b0fa186,mobile,Apple iPhone,iOS 15.6.1,Mobile Safari 15.6.1,414x896,800x364,,Audio Naming Task,26,Block 6-A,soundCheckPassed,6-A,6-A,42,126,2,Screen 1,Zone8,content_web_audio,2.999999999970896,,,AUDIO PLAY REQUESTED,1,0,1,0,,,,,1,Trial (Noise),e_subj78_m_beta_85.wav,Babble_104.wav,e,1,,6-A,noise,subj78,m,beta,85
632,1669953184874,02/12/2022 03:53:04,1669953184495,-6,01/12/2022 21:53:04,92237,21,task-bsko,,25622444,BLIND,7588880,,complete,,638974fc642773387b0fa186,mobile,Apple iPhone,iOS 15.6.1,Mobile Safari 15.6.1,414x896,800x364,,Audio Naming Task,26,Block 6-A,soundCheckPassed,6-A,6-A,42,126,2,Screen 1,Zone7,content_web_audio,3.999999999970896,,,AUDIO PLAY REQUESTED,1,0,1,0,,,,,1,Trial (Noise),e_subj78_m_beta_85.wav,Babble_104.wav,e,1,,6-A,noise,subj78,m,beta,85
633,1669953186598,02/12/2022 03:53:06,1669953186105,-6,01/12/2022 21:53:06,92237,21,task-bsko,,25622444,BLIND,7588880,,complete,,638974fc642773387b0fa186,mobile,Apple iPhone,iOS 15.6.1,Mobile Safari 15.6.1,414x896,800x364,,Audio Naming Task,26,Block 6-A,soundCheckPassed,6-A,6-A,42,126,2,Screen 1,Zone5,response_button_text,1611.999999999971,,,e,1,1,0,0,,,,,1,Trial (Noise),e_subj78_m_beta_85.wav,Babble_104.wav,e,1,,6-A,noise,subj78,m,beta,85
634,1669953186800,02/12/2022 03:53:06,1669953186440,-6,01/12/2022 21:53:06,92237,21,task-bsko,,25622444,BLIND,7588880,,complete,,638974fc642773387b0fa186,mobile,Apple iPhone,iOS 15.6.1,Mobile Safari 15.6.1,414x896,800x364,,Audio Naming Task,26,Block 6-A,soundCheckPassed,6-A,6-A,141,127,1,Screen 2,fixation,fixation,367,,,,,0,1,0,,,,,1,Trial (Noise),o_subj3_m_cosa_141.wav,Babble_018.wav,o,1,,6-A,noise,subj3,m,cosa,141
635,1669953186800,02/12/2022 03:53:06,1669953186461,-6,01/12/2022 21:53:06,92237,21,task-bsko,,25622444,BLIND,7588880,,complete,,638974fc642773387b0fa186,mobile,Apple iPhone,iOS 15.6.1,Mobile Safari 15.6.1,414x896,800x364,,Audio Naming Task,26,Block 6-A,soundCheckPassed,6-A,6-A,141,127,2,Screen 1,Zone6,content_web_audio,2,,,AUDIO PLAY REQUESTED,1,0,1,0,,,,,1,Trial (Noise),o_subj3_m_cosa_141.wav,Babble_018.wav,o,1,,6-A,noise,subj3,m,cosa,141
636,1669953186800,02/12/2022 03:53:06,1669953186462,-6,01/12/2022 21:53:06,92237,21,task-bsko,,25622444,BLIND,7588880,,complete,,638974fc642773387b0fa186,mobile,Apple iPhone,iOS 15.6.1,Mobile Safari 15.6.1,414x896,800x364,,Audio Naming Task,26,Block 6-A,soundCheckPassed,6-A,6-A,141,127,2,Screen 1,Zone8,content_web_audio,3.000000000029104,,,AUDIO PLAY REQUESTED,1,0,1,0,,,,,1,Trial (Noise),o_subj3_m_cosa_141.wav,Babble_018.wav,o,1,,6-A,noise,subj3,m,cosa,141
637,1669953186800,02/12/2022 03:53:06,1669953186463,-6,01/12/2022 21:53:06,92237,21,task-bsko,,25622444,BLIND,7588880,,complete,,638974fc642773387b0fa186,mobile,Apple iPhone,iOS 15.6.1,Mobile Safari 15.6.1,414x896,800x364,,Audio Naming Task,26,Block 6-A,soundCheckPassed,6-A,6-A,141,127,2,Screen 1,Zone7,content_web_audio,4,,,AUDIO PLAY REQUESTED,1,0,1,0,,,,,1,Trial (Noise),o_subj3_m_cosa_141.wav,Babble_018.wav,o,1,,6-A,noise,subj3,m,cosa,141
638,1669953187967,02/12/2022 03:53:07,1669953187513,-6,01/12/2022 21:53:07,92237,21,task-bsko,,25622444,BLIND,7588880,,complete,,638974fc642773387b0fa186,mobile,Apple iPhone,iOS 15.6.1,Mobile Safari 15.6.1,414x896,800x364,,Audio Naming Task,26,Block 6-A,soundCheckPassed,6-A,6-A,141,127,2,Screen 1,Zone3,response_button_text,1054,,,o,1,1,0,0,,,,,1,Trial (Noise),o_subj3_m_cosa_141.wav,Babble_018.wav,o,1,,6-A,noise,subj3,m,cosa,141
639,1669953188189,02/12/2022 03:53:08,1669953187840,-6,01/12/2022 21:53:07,92237,21,task-bsko,,25622444,BLIND,7588880,,complete,,638974fc642773387b0fa186,mobile,Apple iPhone,iOS 15.6.1,Mobile Safari 15.6.1,414x896,800x364,,Audio Naming Task,26,Block 6-A,soundCheckPassed,6-A,6-A,147,128,1,Screen 2,fixation,fixation,334,,,,,0,1,0,,,,,1,Trial (Noise),o_subj31_m_coro_293.wav,Babble_077.wav,o,1,,6-A,noise,subj31,m,coro,293
640,1669953188189,02/12/2022 03:53:08,1669953187858,-6,01/12/2022 21:53:07,92237,21,task-bsko,,25622444,BLIND,7588880,,complete,,638974fc642773387b0fa186,mobile,Apple iPhone,iOS 15.6.1,Mobile Safari 15.6.1,414x896,800x364,,Audio Naming Task,26,Block 6-A,soundCheckPassed,6-A,6-A,147,128,2,Screen 1,Zone6,content_web_audio,2,,,AUDIO PLAY REQUESTED,1,0,1,0,,,,,1,Trial (Noise),o_subj31_m_coro_293.wav,Babble_077.wav,o,1,,6-A,noise,subj31,m,coro,293
641,1669953188189,02/12/2022 03:53:08,1669953187859,-6,01/12/2022 21:53:07,92237,21,task-bsko,,25622444,BLIND,7588880,,complete,,638974fc642773387b0fa186,mobile,Apple iPhone,iOS 15.6.1,Mobile Safari 15.6.1,414x896,800x364,,Audio Naming Task,26,Block 6-A,soundCheckPassed,6-A,6-A,147,128,2,Screen 1,Zone8,content_web_audio,3,,,AUDIO PLAY REQUESTED,1,0,1,0,,,,,1,Trial (Noise),o_subj31_m_coro_293.wav,Babble_077.wav,o,1,,6-A,noise,subj31,m,coro,293
642,1669953188189,02/12/2022 03:53:08,1669953187860,-6,01/12/2022 21:53:07,92237,21,task-bsko,,25622444,BLIND,7588880,,complete,,638974fc642773387b0fa186,mobile,Apple iPhone,iOS 15.6.1,Mobile Safari 15.6.1,414x896,800x364,,Audio Naming Task,26,Block 6-A,soundCheckPassed,6-A,6-A,147,128,2,Screen 1,Zone7,content_web_audio,4,,,AUDIO PLAY REQUESTED,1,0,1,0,,,,,1,Trial (Noise),o_subj31_m_coro_293.wav,Babble_077.wav,o,1,,6-A,noise,subj31,m,coro,293
643,1669953189238,02/12/2022 03:53:09,1669953188956,-6,01/12/2022 21:53:08,92237,21,task-bsko,,25622444,BLIND,7588880,,complete,,638974fc642773387b0fa186,mobile,Apple iPhone,iOS 15.6.1,Mobile Safari 15.6.1,414x896,800x364,,Audio Naming Task,26,Block 6-A,soundCheckPassed,6-A,6-A,147,128,2,Screen 1,Zone3,response_button_text,1099,,,o,1,1,0,0,,,,,1,Trial (Noise),o_subj31_m_coro_293.wav,Babble_077.wav,o,1,,6-A,noise,subj31,m,coro,293
644,1669953189767,02/12/2022 03:53:09,1669953189306,-6,01/12/2022 21:53:09,92237,21,task-bsko,,25622444,BLIND,7588880,,complete,,638974fc642773387b0fa186,mobile,Apple iPhone,iOS 15.6.1,Mobile Safari 15.6.1,414x896,800x364,,Audio Naming Task,26,Block 6-A,soundCheckPassed,6-A,6-A,61,129,1,Screen 2,fixation,fixation,366,,,,,0,1,0,,,,,1,Trial (Noise),e_subj4_f_peca_245.wav,Babble_054.wav,e,1,,6-A,noise,subj4,f,peca,245
645,1669953190143,02/12/2022 03:53:10,1669953189328,-6,01/12/2022 21:53:09,92237,21,task-bsko,,25622444,BLIND,7588880,,complete,,638974fc642773387b0fa186,mobile,Apple iPhone,iOS 15.6.1,Mobile Safari 15.6.1,414x896,800x364,,Audio Naming Task,26,Block 6-A,soundCheckPassed,6-A,6-A,61,129,2,Screen 1,Zone6,content_web_audio,2,,,AUDIO PLAY REQUESTED,1,0,1,0,,,,,1,Trial (Noise),e_subj4_f_peca_245.wav,Babble_054.wav,e,1,,6-A,noise,subj4,f,peca,245
646,1669953190143,02/12/2022 03:53:10,1669953189329,-6,01/12/2022 21:53:09,92237,21,task-bsko,,25622444,BLIND,7588880,,complete,,638974fc642773387b0fa186,mobile,Apple iPhone,iOS 15.6.1,Mobile Safari 15.6.1,414x896,800x364,,Audio Naming Task,26,Block 6-A,soundCheckPassed,6-A,6-A,61,129,2,Screen 1,Zone8,content_web_audio,3,,,AUDIO PLAY REQUESTED,1,0,1,0,,,,,1,Trial (Noise),e_subj4_f_peca_245.wav,Babble_054.wav,e,1,,6-A,noise,subj4,f,peca,245
647,1669953190143,02/12/2022 03:53:10,1669953189329,-6,01/12/2022 21:53:09,92237,21,task-bsko,,25622444,BLIND,7588880,,complete,,638974fc642773387b0fa186,mobile,Apple iPhone,iOS 15.6.1,Mobile Safari 15.6.1,414x896,800x364,,Audio Naming Task,26,Block 6-A,soundCheckPassed,6-A,6-A,61,129,2,Screen 1,Zone7,content_web_audio,4,,,AUDIO PLAY REQUESTED,1,0,1,0,,,,,1,Trial (Noise),e_subj4_f_peca_245.wav,Babble_054.wav,e,1,,6-A,noise,subj4,f,peca,245
648,1669953191057,02/12/2022 03:53:11,1669953190513,-6,01/12/2022 21:53:10,92237,21,task-bsko,,25622444,BLIND,7588880,,complete,,638974fc642773387b0fa186,mobile,Apple iPhone,iOS 15.6.1,Mobile Safari 15.6.1,414x896,800x364,,Audio Naming Task,26,Block 6-A,soundCheckPassed,6-A,6-A,61,129,2,Screen 1,Zone5,response_button_text,1187,,,e,1,1,0,0,,,,,1,Trial (Noise),e_subj4_f_peca_245.wav,Babble_054.wav,e,1,,6-A,noise,subj4,f,peca,245
649,1669953191490,02/12/2022 03:53:11,1669953190840,-6,01/12/2022 21:53:10,92237,21,task-bsko,,25622444,BLIND,7588880,,complete,,638974fc642773387b0fa186,mobile,Apple iPhone,iOS 15.6.1,Mobile Safari 15.6.1,414x896,800x364,,Audio Naming Task,26,Block 6-A,soundCheckPassed,6-A,6-A,30,130,1,Screen 2,fixation,fixation,334,,,,,0,1,0,,,,,1,Trial (Noise),a_subj1_m_para_200.wav,Babble_157.wav,a,1,,6-A,noise,subj1,m,para,200
650,1669953191490,02/12/2022 03:53:11,1669953190858,-6,01/12/2022 21:53:10,92237,21,task-bsko,,25622444,BLIND,7588880,,complete,,638974fc642773387b0fa186,mobile,Apple iPhone,iOS 15.6.1,Mobile Safari 15.6.1,414x896,800x364,,Audio Naming Task,26,Block 6-A,soundCheckPassed,6-A,6-A,30,130,2,Screen 1,Zone6,content_web_audio,2,,,AUDIO PLAY REQUESTED,1,0,1,0,,,,,1,Trial (Noise),a_subj1_m_para_200.wav,Babble_157.wav,a,1,,6-A,noise,subj1,m,para,200
651,1669953191490,02/12/2022 03:53:11,1669953190859,-6,01/12/2022 21:53:10,92237,21,task-bsko,,25622444,BLIND,7588880,,complete,,638974fc642773387b0fa186,mobile,Apple iPhone,iOS 15.6.1,Mobile Safari 15.6.1,414x896,800x364,,Audio Naming Task,26,Block 6-A,soundCheckPassed,6-A,6-A,30,130,2,Screen 1,Zone8,content_web_audio,3,,,AUDIO PLAY REQUESTED,1,0,1,0,,,,,1,Trial (Noise),a_subj1_m_para_200.wav,Babble_157.wav,a,1,,6-A,noise,subj1,m,para,200
652,1669953191490,02/12/2022 03:53:11,1669953190860,-6,01/12/2022 21:53:10,92237,21,task-bsko,,25622444,BLIND,7588880,,complete,,638974fc642773387b0fa186,mobile,Apple iPhone,iOS 15.6.1,Mobile Safari 15.6.1,414x896,800x364,,Audio Naming Task,26,Block 6-A,soundCheckPassed,6-A,6-A,30,130,2,Screen 1,Zone7,content_web_audio,4,,,AUDIO PLAY REQUESTED,1,0,1,0,,,,,1,Trial (Noise),a_subj1_m_para_200.wav,Babble_157.wav,a,1,,6-A,noise,subj1,m,para,200
653,1669953192394,02/12/2022 03:53:12,1669953191930,-6,01/12/2022 21:53:11,92237,21,task-bsko,,25622444,BLIND,7588880,,complete,,638974fc642773387b0fa186,mobile,Apple iPhone,iOS 15.6.1,Mobile Safari 15.6.1,414x896,800x364,,Audio Naming Task,26,Block 6-A,soundCheckPassed,6-A,6-A,30,130,2,Screen 1,Zone1,response_button_text,1073,,,a,1,1,0,0,,,,,1,Trial (Noise),a_subj1_m_para_200.wav,Babble_157.wav,a,1,,6-A,noise,subj1,m,para,200
654,1669953192718,02/12/2022 03:53:12,1669953192240,-6,01/12/2022 21:53:12,92237,21,task-bsko,,25622444,BLIND,7588880,,complete,,638974fc642773387b0fa186,mobile,Apple iPhone,iOS 15.6.1,Mobile Safari 15.6.1,414x896,800x364,,Audio Naming Task,26,Block 6-A,soundCheckPassed,6-A,6-A,160,131,1,Screen 2,fixation,fixation,334,,,,,0,1,0,,,,,1,Trial (Noise),u_subj31_m_tusa_298.wav,Babble_050.wav,u,1,,6-A,noise,subj31,m,tusa,298
655,1669953192718,02/12/2022 03:53:12,1669953192258,-6,01/12/2022 21:53:12,92237,21,task-bsko,,25622444,BLIND,7588880,,complete,,638974fc642773387b0fa186,mobile,Apple iPhone,iOS 15.6.1,Mobile Safari 15.6.1,414x896,800x364,,Audio Naming Task,26,Block 6-A,soundCheckPassed,6-A,6-A,160,131,2,Screen 1,Zone6,content_web_audio,2,,,AUDIO PLAY REQUESTED,1,0,1,0,,,,,1,Trial (Noise),u_subj31_m_tusa_298.wav,Babble_050.wav,u,1,,6-A,noise,subj31,m,tusa,298
656,1669953192718,02/12/2022 03:53:12,1669953192259,-6,01/12/2022 21:53:12,92237,21,task-bsko,,25622444,BLIND,7588880,,complete,,638974fc642773387b0fa186,mobile,Apple iPhone,iOS 15.6.1,Mobile Safari 15.6.1,414x896,800x364,,Audio Naming Task,26,Block 6-A,soundCheckPassed,6-A,6-A,160,131,2,Screen 1,Zone8,content_web_audio,4.000000000029104,,,AUDIO PLAY REQUESTED,1,0,1,0,,,,,1,Trial (Noise),u_subj31_m_tusa_298.wav,Babble_050.wav,u,1,,6-A,noise,subj31,m,tusa,298
657,1669953192718,02/12/2022 03:53:12,1669953192260,-6,01/12/2022 21:53:12,92237,21,task-bsko,,25622444,BLIND,7588880,,complete,,638974fc642773387b0fa186,mobile,Apple iPhone,iOS 15.6.1,Mobile Safari 15.6.1,414x896,800x364,,Audio Naming Task,26,Block 6-A,soundCheckPassed,6-A,6-A,160,131,2,Screen 1,Zone7,content_web_audio,4.000000000029104,,,AUDIO PLAY REQUESTED,1,0,1,0,,,,,1,Trial (Noise),u_subj31_m_tusa_298.wav,Babble_050.wav,u,1,,6-A,noise,subj31,m,tusa,298
658,1669953194174,02/12/2022 03:53:14,1669953193697,-6,01/12/2022 21:53:13,92237,21,task-bsko,,25622444,BLIND,7588880,,complete,,638974fc642773387b0fa186,mobile,Apple iPhone,iOS 15.6.1,Mobile Safari 15.6.1,414x896,800x364,,Audio Naming Task,26,Block 6-A,soundCheckPassed,6-A,6-A,160,131,2,Screen 1,Zone2,response_button_text,1440,,,u,1,1,0,0,,,,,1,Trial (Noise),u_subj31_m_tusa_298.wav,Babble_050.wav,u,1,,6-A,noise,subj31,m,tusa,298
659,1669953194381,02/12/2022 03:53:14,1669953194039,-6,01/12/2022 21:53:14,92237,21,task-bsko,,25622444,BLIND,7588880,,complete,,638974fc642773387b0fa186,mobile,Apple iPhone,iOS 15.6.1,Mobile Safari 15.6.1,414x896,800x364,,Audio Naming Task,26,Block 6-A,soundCheckPassed,6-A,6-A,137,132,1,Screen 2,fixation,fixation,366,,,,,0,1,0,,,,,1,Trial (Noise),o_subj22_f_cosa_140.wav,Babble_001.wav,o,1,,6-A,noise,subj22,f,cosa,140
660,1669953194381,02/12/2022 03:53:14,1669953194058,-6,01/12/2022 21:53:14,92237,21,task-bsko,,25622444,BLIND,7588880,,complete,,638974fc642773387b0fa186,mobile,Apple iPhone,iOS 15.6.1,Mobile Safari 15.6.1,414x896,800x364,,Audio Naming Task,26,Block 6-A,soundCheckPassed,6-A,6-A,137,132,2,Screen 1,Zone6,content_web_audio,1.0000000000291038,,,AUDIO PLAY REQUESTED,1,0,1,0,,,,,1,Trial (Noise),o_subj22_f_cosa_140.wav,Babble_001.wav,o,1,,6-A,noise,subj22,f,cosa,140
661,1669953194381,02/12/2022 03:53:14,1669953194059,-6,01/12/2022 21:53:14,92237,21,task-bsko,,25622444,BLIND,7588880,,complete,,638974fc642773387b0fa186,mobile,Apple iPhone,iOS 15.6.1,Mobile Safari 15.6.1,414x896,800x364,,Audio Naming Task,26,Block 6-A,soundCheckPassed,6-A,6-A,137,132,2,Screen 1,Zone8,content_web_audio,2,,,AUDIO PLAY REQUESTED,1,0,1,0,,,,,1,Trial (Noise),o_subj22_f_cosa_140.wav,Babble_001.wav,o,1,,6-A,noise,subj22,f,cosa,140
662,1669953194381,02/12/2022 03:53:14,1669953194060,-6,01/12/2022 21:53:14,92237,21,task-bsko,,25622444,BLIND,7588880,,complete,,638974fc642773387b0fa186,mobile,Apple iPhone,iOS 15.6.1,Mobile Safari 15.6.1,414x896,800x364,,Audio Naming Task,26,Block 6-A,soundCheckPassed,6-A,6-A,137,132,2,Screen 1,Zone7,content_web_audio,3,,,AUDIO PLAY REQUESTED,1,0,1,0,,,,,1,Trial (Noise),o_subj22_f_cosa_140.wav,Babble_001.wav,o,1,,6-A,noise,subj22,f,cosa,140
663,1669953195487,02/12/2022 03:53:15,1669953195205,-6,01/12/2022 21:53:15,92237,21,task-bsko,,25622444,BLIND,7588880,,complete,,638974fc642773387b0fa186,mobile,Apple iPhone,iOS 15.6.1,Mobile Safari 15.6.1,414x896,800x364,,Audio Naming Task,26,Block 6-A,soundCheckPassed,6-A,6-A,137,132,2,Screen 1,Zone3,response_button_text,1147,,,o,1,1,0,0,,,,,1,Trial (Noise),o_subj22_f_cosa_140.wav,Babble_001.wav,o,1,,6-A,noise,subj22,f,cosa,140
664,1669953196013,02/12/2022 03:53:16,1669953195539,-6,01/12/2022 21:53:15,92237,21,task-bsko,,25622444,BLIND,7588880,,complete,,638974fc642773387b0fa186,mobile,Apple iPhone,iOS 15.6.1,Mobile Safari 15.6.1,414x896,800x364,,Audio Naming Task,26,Block 6-A,soundCheckPassed,6-A,6-A,44,133,1,Screen 2,fixation,fixation,366,,,,,0,1,0,,,,,1,Trial (Noise),e_subj15_m_seca_157.wav,Babble_180.wav,e,1,,6-A,noise,subj15,m,seca,157
665,1669953196441,02/12/2022 03:53:16,1669953195560,-6,01/12/2022 21:53:15,92237,21,task-bsko,,25622444,BLIND,7588880,,complete,,638974fc642773387b0fa186,mobile,Apple iPhone,iOS 15.6.1,Mobile Safari 15.6.1,414x896,800x364,,Audio Naming Task,26,Block 6-A,soundCheckPassed,6-A,6-A,44,133,2,Screen 1,Zone6,content_web_audio,2,,,AUDIO PLAY REQUESTED,1,0,1,0,,,,,1,Trial (Noise),e_subj15_m_seca_157.wav,Babble_180.wav,e,1,,6-A,noise,subj15,m,seca,157
666,1669953196441,02/12/2022 03:53:16,1669953195562,-6,01/12/2022 21:53:15,92237,21,task-bsko,,25622444,BLIND,7588880,,complete,,638974fc642773387b0fa186,mobile,Apple iPhone,iOS 15.6.1,Mobile Safari 15.6.1,414x896,800x364,,Audio Naming Task,26,Block 6-A,soundCheckPassed,6-A,6-A,44,133,2,Screen 1,Zone8,content_web_audio,3,,,AUDIO PLAY REQUESTED,1,0,1,0,,,,,1,Trial (Noise),e_subj15_m_seca_157.wav,Babble_180.wav,e,1,,6-A,noise,subj15,m,seca,157
667,1669953196441,02/12/2022 03:53:16,1669953195562,-6,01/12/2022 21:53:15,92237,21,task-bsko,,25622444,BLIND,7588880,,complete,,638974fc642773387b0fa186,mobile,Apple iPhone,iOS 15.6.1,Mobile Safari 15.6.1,414x896,800x364,,Audio Naming Task,26,Block 6-A,soundCheckPassed,6-A,6-A,44,133,2,Screen 1,Zone7,content_web_audio,4,,,AUDIO PLAY REQUESTED,1,0,1,0,,,,,1,Trial (Noise),e_subj15_m_seca_157.wav,Babble_180.wav,e,1,,6-A,noise,subj15,m,seca,157
668,1669953197144,02/12/2022 03:53:17,1669953196639,-6,01/12/2022 21:53:16,92237,21,task-bsko,,25622444,BLIND,7588880,,complete,,638974fc642773387b0fa186,mobile,Apple iPhone,iOS 15.6.1,Mobile Safari 15.6.1,414x896,800x364,,Audio Naming Task,26,Block 6-A,soundCheckPassed,6-A,6-A,44,133,2,Screen 1,Zone5,response_button_text,1079,,,e,1,1,0,0,,,,,1,Trial (Noise),e_subj15_m_seca_157.wav,Babble_180.wav,e,1,,6-A,noise,subj15,m,seca,157
669,1669953197348,02/12/2022 03:53:17,1669953196939,-6,01/12/2022 21:53:16,92237,21,task-bsko,,25622444,BLIND,7588880,,complete,,638974fc642773387b0fa186,mobile,Apple iPhone,iOS 15.6.1,Mobile Safari 15.6.1,414x896,800x364,,Audio Naming Task,26,Block 6-A,soundCheckPassed,6-A,6-A,26,134,1,Screen 2,fixation,fixation,334,,,,,0,1,0,,,,,1,Trial (Noise),a_subj24_m_pata_95.wav,Babble_162.wav,a,1,,6-A,noise,subj24,m,pata,95
670,1669953197348,02/12/2022 03:53:17,1669953196960,-6,01/12/2022 21:53:16,92237,21,task-bsko,,25622444,BLIND,7588880,,complete,,638974fc642773387b0fa186,mobile,Apple iPhone,iOS 15.6.1,Mobile Safari 15.6.1,414x896,800x364,,Audio Naming Task,26,Block 6-A,soundCheckPassed,6-A,6-A,26,134,2,Screen 1,Zone6,content_web_audio,2,,,AUDIO PLAY REQUESTED,1,0,1,0,,,,,1,Trial (Noise),a_subj24_m_pata_95.wav,Babble_162.wav,a,1,,6-A,noise,subj24,m,pata,95
671,1669953197348,02/12/2022 03:53:17,1669953196961,-6,01/12/2022 21:53:16,92237,21,task-bsko,,25622444,BLIND,7588880,,complete,,638974fc642773387b0fa186,mobile,Apple iPhone,iOS 15.6.1,Mobile Safari 15.6.1,414x896,800x364,,Audio Naming Task,26,Block 6-A,soundCheckPassed,6-A,6-A,26,134,2,Screen 1,Zone8,content_web_audio,3,,,AUDIO PLAY REQUESTED,1,0,1,0,,,,,1,Trial (Noise),a_subj24_m_pata_95.wav,Babble_162.wav,a,1,,6-A,noise,subj24,m,pata,95
672,1669953197348,02/12/2022 03:53:17,1669953196962,-6,01/12/2022 21:53:16,92237,21,task-bsko,,25622444,BLIND,7588880,,complete,,638974fc642773387b0fa186,mobile,Apple iPhone,iOS 15.6.1,Mobile Safari 15.6.1,414x896,800x364,,Audio Naming Task,26,Block 6-A,soundCheckPassed,6-A,6-A,26,134,2,Screen 1,Zone7,content_web_audio,4.000000000029104,,,AUDIO PLAY REQUESTED,1,0,1,0,,,,,1,Trial (Noise),a_subj24_m_pata_95.wav,Babble_162.wav,a,1,,6-A,noise,subj24,m,pata,95
673,1669953198425,02/12/2022 03:53:18,1669953198039,-6,01/12/2022 21:53:18,92237,21,task-bsko,,25622444,BLIND,7588880,,complete,,638974fc642773387b0fa186,mobile,Apple iPhone,iOS 15.6.1,Mobile Safari 15.6.1,414x896,800x364,,Audio Naming Task,26,Block 6-A,soundCheckPassed,6-A,6-A,26,134,2,Screen 1,Zone1,response_button_text,1080,,,a,1,1,0,0,,,,,1,Trial (Noise),a_subj24_m_pata_95.wav,Babble_162.wav,a,1,,6-A,noise,subj24,m,pata,95
674,1669953198860,02/12/2022 03:53:18,1669953198372,-6,01/12/2022 21:53:18,92237,21,task-bsko,,25622444,BLIND,7588880,,complete,,638974fc642773387b0fa186,mobile,Apple iPhone,iOS 15.6.1,Mobile Safari 15.6.1,414x896,800x364,,Audio Naming Task,26,Block 6-A,soundCheckPassed,6-A,6-A,70,135,1,Screen 2,fixation,fixation,367,,,,,0,1,0,,,,,1,Trial (Noise),e_subj8_f_seca_225.wav,Babble_186.wav,e,1,,6-A,noise,subj8,f,seca,225
675,1669953199308,02/12/2022 03:53:19,1669953198393,-6,01/12/2022 21:53:18,92237,21,task-bsko,,25622444,BLIND,7588880,,complete,,638974fc642773387b0fa186,mobile,Apple iPhone,iOS 15.6.1,Mobile Safari 15.6.1,414x896,800x364,,Audio Naming Task,26,Block 6-A,soundCheckPassed,6-A,6-A,70,135,2,Screen 1,Zone6,content_web_audio,1.9999999999708962,,,AUDIO PLAY REQUESTED,1,0,1,0,,,,,1,Trial (Noise),e_subj8_f_seca_225.wav,Babble_186.wav,e,1,,6-A,noise,subj8,f,seca,225
676,1669953199308,02/12/2022 03:53:19,1669953198394,-6,01/12/2022 21:53:18,92237,21,task-bsko,,25622444,BLIND,7588880,,complete,,638974fc642773387b0fa186,mobile,Apple iPhone,iOS 15.6.1,Mobile Safari 15.6.1,414x896,800x364,,Audio Naming Task,26,Block 6-A,soundCheckPassed,6-A,6-A,70,135,2,Screen 1,Zone8,content_web_audio,2.999999999970896,,,AUDIO PLAY REQUESTED,1,0,1,0,,,,,1,Trial (Noise),e_subj8_f_seca_225.wav,Babble_186.wav,e,1,,6-A,noise,subj8,f,seca,225
677,1669953199308,02/12/2022 03:53:19,1669953198395,-6,01/12/2022 21:53:18,92237,21,task-bsko,,25622444,BLIND,7588880,,complete,,638974fc642773387b0fa186,mobile,Apple iPhone,iOS 15.6.1,Mobile Safari 15.6.1,414x896,800x364,,Audio Naming Task,26,Block 6-A,soundCheckPassed,6-A,6-A,70,135,2,Screen 1,Zone7,content_web_audio,3.999999999970896,,,AUDIO PLAY REQUESTED,1,0,1,0,,,,,1,Trial (Noise),e_subj8_f_seca_225.wav,Babble_186.wav,e,1,,6-A,noise,subj8,f,seca,225
678,1669953200184,02/12/2022 03:53:20,1669953199671,-6,01/12/2022 21:53:19,92237,21,task-bsko,,25622444,BLIND,7588880,,complete,,638974fc642773387b0fa186,mobile,Apple iPhone,iOS 15.6.1,Mobile Safari 15.6.1,414x896,800x364,,Audio Naming Task,26,Block 6-A,soundCheckPassed,6-A,6-A,70,135,2,Screen 1,Zone5,response_button_text,1280,,,e,1,1,0,0,,,,,1,Trial (Noise),e_subj8_f_seca_225.wav,Babble_186.wav,e,1,,6-A,noise,subj8,f,seca,225
679,1669953200501,02/12/2022 03:53:20,1669953199972,-6,01/12/2022 21:53:19,92237,21,task-bsko,,25622444,BLIND,7588880,,complete,,638974fc642773387b0fa186,mobile,Apple iPhone,iOS 15.6.1,Mobile Safari 15.6.1,414x896,800x364,,Audio Naming Task,26,Block 6-A,soundCheckPassed,6-A,6-A,77,136,1,Screen 2,fixation,fixation,334,,,,,0,1,0,,,,,1,Trial (Noise),e_subj39_f_seca_181.wav,Babble_078.wav,e,1,,6-A,noise,subj39,f,seca,181
680,1669953200501,02/12/2022 03:53:20,1669953199990,-6,01/12/2022 21:53:19,92237,21,task-bsko,,25622444,BLIND,7588880,,complete,,638974fc642773387b0fa186,mobile,Apple iPhone,iOS 15.6.1,Mobile Safari 15.6.1,414x896,800x364,,Audio Naming Task,26,Block 6-A,soundCheckPassed,6-A,6-A,77,136,2,Screen 1,Zone6,content_web_audio,2,,,AUDIO PLAY REQUESTED,1,0,1,0,,,,,1,Trial (Noise),e_subj39_f_seca_181.wav,Babble_078.wav,e,1,,6-A,noise,subj39,f,seca,181
681,1669953200501,02/12/2022 03:53:20,1669953199992,-6,01/12/2022 21:53:19,92237,21,task-bsko,,25622444,BLIND,7588880,,complete,,638974fc642773387b0fa186,mobile,Apple iPhone,iOS 15.6.1,Mobile Safari 15.6.1,414x896,800x364,,Audio Naming Task,26,Block 6-A,soundCheckPassed,6-A,6-A,77,136,2,Screen 1,Zone8,content_web_audio,3.000000000029104,,,AUDIO PLAY REQUESTED,1,0,1,0,,,,,1,Trial (Noise),e_subj39_f_seca_181.wav,Babble_078.wav,e,1,,6-A,noise,subj39,f,seca,181
682,1669953200501,02/12/2022 03:53:20,1669953199993,-6,01/12/2022 21:53:19,92237,21,task-bsko,,25622444,BLIND,7588880,,complete,,638974fc642773387b0fa186,mobile,Apple iPhone,iOS 15.6.1,Mobile Safari 15.6.1,414x896,800x364,,Audio Naming Task,26,Block 6-A,soundCheckPassed,6-A,6-A,77,136,2,Screen 1,Zone7,content_web_audio,4,,,AUDIO PLAY REQUESTED,1,0,1,0,,,,,1,Trial (Noise),e_subj39_f_seca_181.wav,Babble_078.wav,e,1,,6-A,noise,subj39,f,seca,181
683,1669953201647,02/12/2022 03:53:21,1669953201129,-6,01/12/2022 21:53:21,92237,21,task-bsko,,25622444,BLIND,7588880,,complete,,638974fc642773387b0fa186,mobile,Apple iPhone,iOS 15.6.1,Mobile Safari 15.6.1,414x896,800x364,,Audio Naming Task,26,Block 6-A,soundCheckPassed,6-A,6-A,77,136,2,Screen 1,Zone5,response_button_text,1140.000000000029,,,e,1,1,0,0,,,,,1,Trial (Noise),e_subj39_f_seca_181.wav,Babble_078.wav,e,1,,6-A,noise,subj39,f,seca,181
684,1669953201848,02/12/2022 03:53:21,1669953201472,-6,01/12/2022 21:53:21,92237,21,task-bsko,,25622444,BLIND,7588880,,complete,,638974fc642773387b0fa186,mobile,Apple iPhone,iOS 15.6.1,Mobile Safari 15.6.1,414x896,800x364,,Audio Naming Task,26,Block 6-A,soundCheckPassed,6-A,6-A,88,137,1,Screen 2,fixation,fixation,366,,,,,0,1,0,,,,,1,Trial (Noise),i_subj48_f_quite_173.wav,Babble_082.wav,i,1,,6-A,noise,subj48,f,quite,173
685,1669953201848,02/12/2022 03:53:21,1669953201490,-6,01/12/2022 21:53:21,92237,21,task-bsko,,25622444,BLIND,7588880,,complete,,638974fc642773387b0fa186,mobile,Apple iPhone,iOS 15.6.1,Mobile Safari 15.6.1,414x896,800x364,,Audio Naming Task,26,Block 6-A,soundCheckPassed,6-A,6-A,88,137,2,Screen 1,Zone6,content_web_audio,2,,,AUDIO PLAY REQUESTED,1,0,1,0,,,,,1,Trial (Noise),i_subj48_f_quite_173.wav,Babble_082.wav,i,1,,6-A,noise,subj48,f,quite,173
686,1669953201848,02/12/2022 03:53:21,1669953201491,-6,01/12/2022 21:53:21,92237,21,task-bsko,,25622444,BLIND,7588880,,complete,,638974fc642773387b0fa186,mobile,Apple iPhone,iOS 15.6.1,Mobile Safari 15.6.1,414x896,800x364,,Audio Naming Task,26,Block 6-A,soundCheckPassed,6-A,6-A,88,137,2,Screen 1,Zone8,content_web_audio,3.000000000029104,,,AUDIO PLAY REQUESTED,1,0,1,0,,,,,1,Trial (Noise),i_subj48_f_quite_173.wav,Babble_082.wav,i,1,,6-A,noise,subj48,f,quite,173
687,1669953201848,02/12/2022 03:53:21,1669953201492,-6,01/12/2022 21:53:21,92237,21,task-bsko,,25622444,BLIND,7588880,,complete,,638974fc642773387b0fa186,mobile,Apple iPhone,iOS 15.6.1,Mobile Safari 15.6.1,414x896,800x364,,Audio Naming Task,26,Block 6-A,soundCheckPassed,6-A,6-A,88,137,2,Screen 1,Zone7,content_web_audio,3.000000000029104,,,AUDIO PLAY REQUESTED,1,0,1,0,,,,,1,Trial (Noise),i_subj48_f_quite_173.wav,Babble_082.wav,i,1,,6-A,noise,subj48,f,quite,173
688,1669953202815,02/12/2022 03:53:22,1669953202413,-6,01/12/2022 21:53:22,92237,21,task-bsko,,25622444,BLIND,7588880,,complete,,638974fc642773387b0fa186,mobile,Apple iPhone,iOS 15.6.1,Mobile Safari 15.6.1,414x896,800x364,,Audio Naming Task,26,Block 6-A,soundCheckPassed,6-A,6-A,88,137,2,Screen 1,Zone4,response_button_text,923,,,i,1,1,0,0,,,,,1,Trial (Noise),i_subj48_f_quite_173.wav,Babble_082.wav,i,1,,6-A,noise,subj48,f,quite,173
689,1669953203274,02/12/2022 03:53:23,1669953202806,-6,01/12/2022 21:53:22,92237,21,task-bsko,,25622444,BLIND,7588880,,complete,,638974fc642773387b0fa186,mobile,Apple iPhone,iOS 15.6.1,Mobile Safari 15.6.1,414x896,800x364,,Audio Naming Task,26,Block 6-A,soundCheckPassed,6-A,6-A,25,138,1,Screen 2,fixation,fixation,400,,,,,0,1,0,,,,,1,Trial (Noise),a_subj15_m_saca_97.wav,Babble_014.wav,a,1,,6-A,noise,subj15,m,saca,97
690,1669953203644,02/12/2022 03:53:23,1669953202825,-6,01/12/2022 21:53:22,92237,21,task-bsko,,25622444,BLIND,7588880,,complete,,638974fc642773387b0fa186,mobile,Apple iPhone,iOS 15.6.1,Mobile Safari 15.6.1,414x896,800x364,,Audio Naming Task,26,Block 6-A,soundCheckPassed,6-A,6-A,25,138,2,Screen 1,Zone6,content_web_audio,2,,,AUDIO PLAY REQUESTED,1,0,1,0,,,,,1,Trial (Noise),a_subj15_m_saca_97.wav,Babble_014.wav,a,1,,6-A,noise,subj15,m,saca,97
691,1669953203644,02/12/2022 03:53:23,1669953202826,-6,01/12/2022 21:53:22,92237,21,task-bsko,,25622444,BLIND,7588880,,complete,,638974fc642773387b0fa186,mobile,Apple iPhone,iOS 15.6.1,Mobile Safari 15.6.1,414x896,800x364,,Audio Naming Task,26,Block 6-A,soundCheckPassed,6-A,6-A,25,138,2,Screen 1,Zone8,content_web_audio,3,,,AUDIO PLAY REQUESTED,1,0,1,0,,,,,1,Trial (Noise),a_subj15_m_saca_97.wav,Babble_014.wav,a,1,,6-A,noise,subj15,m,saca,97
692,1669953203644,02/12/2022 03:53:23,1669953202827,-6,01/12/2022 21:53:22,92237,21,task-bsko,,25622444,BLIND,7588880,,complete,,638974fc642773387b0fa186,mobile,Apple iPhone,iOS 15.6.1,Mobile Safari 15.6.1,414x896,800x364,,Audio Naming Task,26,Block 6-A,soundCheckPassed,6-A,6-A,25,138,2,Screen 1,Zone7,content_web_audio,3,,,AUDIO PLAY REQUESTED,1,0,1,0,,,,,1,Trial (Noise),a_subj15_m_saca_97.wav,Babble_014.wav,a,1,,6-A,noise,subj15,m,saca,97
693,1669953204442,02/12/2022 03:53:24,1669953203896,-6,01/12/2022 21:53:23,92237,21,task-bsko,,25622444,BLIND,7588880,,complete,,638974fc642773387b0fa186,mobile,Apple iPhone,iOS 15.6.1,Mobile Safari 15.6.1,414x896,800x364,,Audio Naming Task,26,Block 6-A,soundCheckPassed,6-A,6-A,25,138,2,Screen 1,Zone1,response_button_text,1072,,,a,1,1,0,0,,,,,1,Trial (Noise),a_subj15_m_saca_97.wav,Babble_014.wav,a,1,,6-A,noise,subj15,m,saca,97
694,1669953204638,02/12/2022 03:53:24,1669953204206,-6,01/12/2022 21:53:24,92237,21,task-bsko,,25622444,BLIND,7588880,,complete,,638974fc642773387b0fa186,mobile,Apple iPhone,iOS 15.6.1,Mobile Safari 15.6.1,414x896,800x364,,Audio Naming Task,26,Block 6-A,soundCheckPassed,6-A,6-A,153,139,1,Screen 2,fixation,fixation,334,,,,,0,1,0,,,,,1,Trial (Noise),o_subj1_m_voto_204.wav,Babble_055.wav,o,1,,6-A,noise,subj1,m,voto,204
695,1669953204638,02/12/2022 03:53:24,1669953204227,-6,01/12/2022 21:53:24,92237,21,task-bsko,,25622444,BLIND,7588880,,complete,,638974fc642773387b0fa186,mobile,Apple iPhone,iOS 15.6.1,Mobile Safari 15.6.1,414x896,800x364,,Audio Naming Task,26,Block 6-A,soundCheckPassed,6-A,6-A,153,139,2,Screen 1,Zone6,content_web_audio,3,,,AUDIO PLAY REQUESTED,1,0,1,0,,,,,1,Trial (Noise),o_subj1_m_voto_204.wav,Babble_055.wav,o,1,,6-A,noise,subj1,m,voto,204
696,1669953204638,02/12/2022 03:53:24,1669953204228,-6,01/12/2022 21:53:24,92237,21,task-bsko,,25622444,BLIND,7588880,,complete,,638974fc642773387b0fa186,mobile,Apple iPhone,iOS 15.6.1,Mobile Safari 15.6.1,414x896,800x364,,Audio Naming Task,26,Block 6-A,soundCheckPassed,6-A,6-A,153,139,2,Screen 1,Zone8,content_web_audio,4,,,AUDIO PLAY REQUESTED,1,0,1,0,,,,,1,Trial (Noise),o_subj1_m_voto_204.wav,Babble_055.wav,o,1,,6-A,noise,subj1,m,voto,204
697,1669953204638,02/12/2022 03:53:24,1669953204229,-6,01/12/2022 21:53:24,92237,21,task-bsko,,25622444,BLIND,7588880,,complete,,638974fc642773387b0fa186,mobile,Apple iPhone,iOS 15.6.1,Mobile Safari 15.6.1,414x896,800x364,,Audio Naming Task,26,Block 6-A,soundCheckPassed,6-A,6-A,153,139,2,Screen 1,Zone7,content_web_audio,5.000000000029104,,,AUDIO PLAY REQUESTED,1,0,1,0,,,,,1,Trial (Noise),o_subj1_m_voto_204.wav,Babble_055.wav,o,1,,6-A,noise,subj1,m,voto,204
698,1669953205734,02/12/2022 03:53:25,1669953205313,-6,01/12/2022 21:53:25,92237,21,task-bsko,,25622444,BLIND,7588880,,complete,,638974fc642773387b0fa186,mobile,Apple iPhone,iOS 15.6.1,Mobile Safari 15.6.1,414x896,800x364,,Audio Naming Task,26,Block 6-A,soundCheckPassed,6-A,6-A,153,139,2,Screen 1,Zone3,response_button_text,1087,,,o,1,1,0,0,,,,,1,Trial (Noise),o_subj1_m_voto_204.wav,Babble_055.wav,o,1,,6-A,noise,subj1,m,voto,204
699,1669953206132,02/12/2022 03:53:26,1669953205672,-6,01/12/2022 21:53:25,92237,21,task-bsko,,25622444,BLIND,7588880,,complete,,638974fc642773387b0fa186,mobile,Apple iPhone,iOS 15.6.1,Mobile Safari 15.6.1,414x896,800x364,,Audio Naming Task,26,Block 6-A,soundCheckPassed,6-A,6-A,117,140,1,Screen 2,fixation,fixation,366,,,,,0,1,0,,,,,1,Trial (Noise),i_subj72_m_pico_223.wav,Babble_174.wav,i,1,,6-A,noise,subj72,m,pico,223
700,1669953206506,02/12/2022 03:53:26,1669953205692,-6,01/12/2022 21:53:25,92237,21,task-bsko,,25622444,BLIND,7588880,,complete,,638974fc642773387b0fa186,mobile,Apple iPhone,iOS 15.6.1,Mobile Safari 15.6.1,414x896,800x364,,Audio Naming Task,26,Block 6-A,soundCheckPassed,6-A,6-A,117,140,2,Screen 1,Zone6,content_web_audio,2,,,AUDIO PLAY REQUESTED,1,0,1,0,,,,,1,Trial (Noise),i_subj72_m_pico_223.wav,Babble_174.wav,i,1,,6-A,noise,subj72,m,pico,223
701,1669953206506,02/12/2022 03:53:26,1669953205694,-6,01/12/2022 21:53:25,92237,21,task-bsko,,25622444,BLIND,7588880,,complete,,638974fc642773387b0fa186,mobile,Apple iPhone,iOS 15.6.1,Mobile Safari 15.6.1,414x896,800x364,,Audio Naming Task,26,Block 6-A,soundCheckPassed,6-A,6-A,117,140,2,Screen 1,Zone8,content_web_audio,3,,,AUDIO PLAY REQUESTED,1,0,1,0,,,,,1,Trial (Noise),i_subj72_m_pico_223.wav,Babble_174.wav,i,1,,6-A,noise,subj72,m,pico,223
702,1669953206506,02/12/2022 03:53:26,1669953205695,-6,01/12/2022 21:53:25,92237,21,task-bsko,,25622444,BLIND,7588880,,complete,,638974fc642773387b0fa186,mobile,Apple iPhone,iOS 15.6.1,Mobile Safari 15.6.1,414x896,800x364,,Audio Naming Task,26,Block 6-A,soundCheckPassed,6-A,6-A,117,140,2,Screen 1,Zone7,content_web_audio,4.000000000029104,,,AUDIO PLAY REQUESTED,1,0,1,0,,,,,1,Trial (Noise),i_subj72_m_pico_223.wav,Babble_174.wav,i,1,,6-A,noise,subj72,m,pico,223
703,1669953207406,02/12/2022 03:53:27,1669953206804,-6,01/12/2022 21:53:26,92237,21,task-bsko,,25622444,BLIND,7588880,,complete,,638974fc642773387b0fa186,mobile,Apple iPhone,iOS 15.6.1,Mobile Safari 15.6.1,414x896,800x364,,Audio Naming Task,26,Block 6-A,soundCheckPassed,6-A,6-A,117,140,2,Screen 1,Zone4,response_button_text,1113,,,i,1,1,0,0,,,,,1,Trial (Noise),i_subj72_m_pico_223.wav,Babble_174.wav,i,1,,6-A,noise,subj72,m,pico,223
704,1669953207799,02/12/2022 03:53:27,1669953207105,-6,01/12/2022 21:53:27,92237,21,task-bsko,,25622444,BLIND,7588880,,complete,,638974fc642773387b0fa186,mobile,Apple iPhone,iOS 15.6.1,Mobile Safari 15.6.1,414x896,800x364,,Audio Naming Task,26,Block 6-A,soundCheckPassed,6-A,6-A,158,141,1,Screen 2,fixation,fixation,334,,,,,0,1,0,,,,,1,Trial (Noise),u_subj76_m_supo_127.wav,Babble_063.wav,u,1,,6-A,noise,subj76,m,supo,127
705,1669953207799,02/12/2022 03:53:27,1669953207123,-6,01/12/2022 21:53:27,92237,21,task-bsko,,25622444,BLIND,7588880,,complete,,638974fc642773387b0fa186,mobile,Apple iPhone,iOS 15.6.1,Mobile Safari 15.6.1,414x896,800x364,,Audio Naming Task,26,Block 6-A,soundCheckPassed,6-A,6-A,158,141,2,Screen 1,Zone6,content_web_audio,2.000000000029104,,,AUDIO PLAY REQUESTED,1,0,1,0,,,,,1,Trial (Noise),u_subj76_m_supo_127.wav,Babble_063.wav,u,1,,6-A,noise,subj76,m,supo,127
706,1669953207799,02/12/2022 03:53:27,1669953207124,-6,01/12/2022 21:53:27,92237,21,task-bsko,,25622444,BLIND,7588880,,complete,,638974fc642773387b0fa186,mobile,Apple iPhone,iOS 15.6.1,Mobile Safari 15.6.1,414x896,800x364,,Audio Naming Task,26,Block 6-A,soundCheckPassed,6-A,6-A,158,141,2,Screen 1,Zone8,content_web_audio,4,,,AUDIO PLAY REQUESTED,1,0,1,0,,,,,1,Trial (Noise),u_subj76_m_supo_127.wav,Babble_063.wav,u,1,,6-A,noise,subj76,m,supo,127
707,1669953207799,02/12/2022 03:53:27,1669953207124,-6,01/12/2022 21:53:27,92237,21,task-bsko,,25622444,BLIND,7588880,,complete,,638974fc642773387b0fa186,mobile,Apple iPhone,iOS 15.6.1,Mobile Safari 15.6.1,414x896,800x364,,Audio Naming Task,26,Block 6-A,soundCheckPassed,6-A,6-A,158,141,2,Screen 1,Zone7,content_web_audio,4,,,AUDIO PLAY REQUESTED,1,0,1,0,,,,,1,Trial (Noise),u_subj76_m_supo_127.wav,Babble_063.wav,u,1,,6-A,noise,subj76,m,supo,127
708,1669953208585,02/12/2022 03:53:28,1669953208129,-6,01/12/2022 21:53:28,92237,21,task-bsko,,25622444,BLIND,7588880,,complete,,638974fc642773387b0fa186,mobile,Apple iPhone,iOS 15.6.1,Mobile Safari 15.6.1,414x896,800x364,,Audio Naming Task,26,Block 6-A,soundCheckPassed,6-A,6-A,158,141,2,Screen 1,Zone2,response_button_text,1008.0000000000291,,,u,1,1,0,0,,,,,1,Trial (Noise),u_subj76_m_supo_127.wav,Babble_063.wav,u,1,,6-A,noise,subj76,m,supo,127
709,1669953208904,02/12/2022 03:53:28,1669953208439,-6,01/12/2022 21:53:28,92237,21,task-bsko,,25622444,BLIND,7588880,,complete,,638974fc642773387b0fa186,mobile,Apple iPhone,iOS 15.6.1,Mobile Safari 15.6.1,414x896,800x364,,Audio Naming Task,26,Block 6-A,soundCheckPassed,6-A,6-A,38,142,1,Screen 2,fixation,fixation,333,,,,,0,1,0,,,,,1,Trial (Noise),a_subj77_m_baso_62.wav,Babble_129.wav,a,1,,6-A,noise,subj77,m,baso,62
710,1669953208904,02/12/2022 03:53:28,1669953208456,-6,01/12/2022 21:53:28,92237,21,task-bsko,,25622444,BLIND,7588880,,complete,,638974fc642773387b0fa186,mobile,Apple iPhone,iOS 15.6.1,Mobile Safari 15.6.1,414x896,800x364,,Audio Naming Task,26,Block 6-A,soundCheckPassed,6-A,6-A,38,142,2,Screen 1,Zone6,content_web_audio,2,,,AUDIO PLAY REQUESTED,1,0,1,0,,,,,1,Trial (Noise),a_subj77_m_baso_62.wav,Babble_129.wav,a,1,,6-A,noise,subj77,m,baso,62
711,1669953208904,02/12/2022 03:53:28,1669953208457,-6,01/12/2022 21:53:28,92237,21,task-bsko,,25622444,BLIND,7588880,,complete,,638974fc642773387b0fa186,mobile,Apple iPhone,iOS 15.6.1,Mobile Safari 15.6.1,414x896,800x364,,Audio Naming Task,26,Block 6-A,soundCheckPassed,6-A,6-A,38,142,2,Screen 1,Zone8,content_web_audio,3,,,AUDIO PLAY REQUESTED,1,0,1,0,,,,,1,Trial (Noise),a_subj77_m_baso_62.wav,Babble_129.wav,a,1,,6-A,noise,subj77,m,baso,62
712,1669953208904,02/12/2022 03:53:28,1669953208458,-6,01/12/2022 21:53:28,92237,21,task-bsko,,25622444,BLIND,7588880,,complete,,638974fc642773387b0fa186,mobile,Apple iPhone,iOS 15.6.1,Mobile Safari 15.6.1,414x896,800x364,,Audio Naming Task,26,Block 6-A,soundCheckPassed,6-A,6-A,38,142,2,Screen 1,Zone7,content_web_audio,4,,,AUDIO PLAY REQUESTED,1,0,1,0,,,,,1,Trial (Noise),a_subj77_m_baso_62.wav,Babble_129.wav,a,1,,6-A,noise,subj77,m,baso,62
713,1669953210000,02/12/2022 03:53:30,1669953209496,-6,01/12/2022 21:53:29,92237,21,task-bsko,,25622444,BLIND,7588880,,complete,,638974fc642773387b0fa186,mobile,Apple iPhone,iOS 15.6.1,Mobile Safari 15.6.1,414x896,800x364,,Audio Naming Task,26,Block 6-A,soundCheckPassed,6-A,6-A,38,142,2,Screen 1,Zone1,response_button_text,1041,,,a,1,1,0,0,,,,,1,Trial (Noise),a_subj77_m_baso_62.wav,Babble_129.wav,a,1,,6-A,noise,subj77,m,baso,62
714,1669953210210,02/12/2022 03:53:30,1669953209838,-6,01/12/2022 21:53:29,92237,21,task-bsko,,25622444,BLIND,7588880,,complete,,638974fc642773387b0fa186,mobile,Apple iPhone,iOS 15.6.1,Mobile Safari 15.6.1,414x896,800x364,,Audio Naming Task,26,Block 6-A,soundCheckPassed,6-A,6-A,43,143,1,Screen 2,fixation,fixation,367,,,,,0,1,0,,,,,1,Trial (Noise),e_subj14_m_seso_299.wav,Babble_174.wav,e,1,,6-A,noise,subj14,m,seso,299
715,1669953210210,02/12/2022 03:53:30,1669953209856,-6,01/12/2022 21:53:29,92237,21,task-bsko,,25622444,BLIND,7588880,,complete,,638974fc642773387b0fa186,mobile,Apple iPhone,iOS 15.6.1,Mobile Safari 15.6.1,414x896,800x364,,Audio Naming Task,26,Block 6-A,soundCheckPassed,6-A,6-A,43,143,2,Screen 1,Zone6,content_web_audio,1.9999999999708962,,,AUDIO PLAY REQUESTED,1,0,1,0,,,,,1,Trial (Noise),e_subj14_m_seso_299.wav,Babble_174.wav,e,1,,6-A,noise,subj14,m,seso,299
716,1669953210210,02/12/2022 03:53:30,1669953209857,-6,01/12/2022 21:53:29,92237,21,task-bsko,,25622444,BLIND,7588880,,complete,,638974fc642773387b0fa186,mobile,Apple iPhone,iOS 15.6.1,Mobile Safari 15.6.1,414x896,800x364,,Audio Naming Task,26,Block 6-A,soundCheckPassed,6-A,6-A,43,143,2,Screen 1,Zone8,content_web_audio,2.999999999970896,,,AUDIO PLAY REQUESTED,1,0,1,0,,,,,1,Trial (Noise),e_subj14_m_seso_299.wav,Babble_174.wav,e,1,,6-A,noise,subj14,m,seso,299
717,1669953210210,02/12/2022 03:53:30,1669953209858,-6,01/12/2022 21:53:29,92237,21,task-bsko,,25622444,BLIND,7588880,,complete,,638974fc642773387b0fa186,mobile,Apple iPhone,iOS 15.6.1,Mobile Safari 15.6.1,414x896,800x364,,Audio Naming Task,26,Block 6-A,soundCheckPassed,6-A,6-A,43,143,2,Screen 1,Zone7,content_web_audio,3.999999999970896,,,AUDIO PLAY REQUESTED,1,0,1,0,,,,,1,Trial (Noise),e_subj14_m_seso_299.wav,Babble_174.wav,e,1,,6-A,noise,subj14,m,seso,299
718,1669953211522,02/12/2022 03:53:31,1669953211029,-6,01/12/2022 21:53:31,92237,21,task-bsko,,25622444,BLIND,7588880,,complete,,638974fc642773387b0fa186,mobile,Apple iPhone,iOS 15.6.1,Mobile Safari 15.6.1,414x896,800x364,,Audio Naming Task,26,Block 6-A,soundCheckPassed,6-A,6-A,43,143,2,Screen 1,Zone5,response_button_text,1173,,,e,1,1,0,0,,,,,1,Trial (Noise),e_subj14_m_seso_299.wav,Babble_174.wav,e,1,,6-A,noise,subj14,m,seso,299
719,1669953211746,02/12/2022 03:53:31,1669953211339,-6,01/12/2022 21:53:31,92237,21,task-bsko,,25622444,BLIND,7588880,,complete,,638974fc642773387b0fa186,mobile,Apple iPhone,iOS 15.6.1,Mobile Safari 15.6.1,414x896,800x364,,Audio Naming Task,26,Block 6-A,soundCheckPassed,6-A,6-A,3,144,1,Screen 2,fixation,fixation,333,,,,,0,1,0,,,,,1,Trial (Noise),a_subj46_f_vate_87.wav,Babble_100.wav,a,1,,6-A,noise,subj46,f,vate,87
720,1669953211746,02/12/2022 03:53:31,1669953211360,-6,01/12/2022 21:53:31,92237,21,task-bsko,,25622444,BLIND,7588880,,complete,,638974fc642773387b0fa186,mobile,Apple iPhone,iOS 15.6.1,Mobile Safari 15.6.1,414x896,800x364,,Audio Naming Task,26,Block 6-A,soundCheckPassed,6-A,6-A,3,144,2,Screen 1,Zone6,content_web_audio,2.000000000029104,,,AUDIO PLAY REQUESTED,1,0,1,0,,,,,1,Trial (Noise),a_subj46_f_vate_87.wav,Babble_100.wav,a,1,,6-A,noise,subj46,f,vate,87
721,1669953211746,02/12/2022 03:53:31,1669953211361,-6,01/12/2022 21:53:31,92237,21,task-bsko,,25622444,BLIND,7588880,,complete,,638974fc642773387b0fa186,mobile,Apple iPhone,iOS 15.6.1,Mobile Safari 15.6.1,414x896,800x364,,Audio Naming Task,26,Block 6-A,soundCheckPassed,6-A,6-A,3,144,2,Screen 1,Zone8,content_web_audio,3,,,AUDIO PLAY REQUESTED,1,0,1,0,,,,,1,Trial (Noise),a_subj46_f_vate_87.wav,Babble_100.wav,a,1,,6-A,noise,subj46,f,vate,87
722,1669953211746,02/12/2022 03:53:31,1669953211362,-6,01/12/2022 21:53:31,92237,21,task-bsko,,25622444,BLIND,7588880,,complete,,638974fc642773387b0fa186,mobile,Apple iPhone,iOS 15.6.1,Mobile Safari 15.6.1,414x896,800x364,,Audio Naming Task,26,Block 6-A,soundCheckPassed,6-A,6-A,3,144,2,Screen 1,Zone7,content_web_audio,4,,,AUDIO PLAY REQUESTED,1,0,1,0,,,,,1,Trial (Noise),a_subj46_f_vate_87.wav,Babble_100.wav,a,1,,6-A,noise,subj46,f,vate,87
723,1669953212712,02/12/2022 03:53:32,1669953212406,-6,01/12/2022 21:53:32,92237,21,task-bsko,,25622444,BLIND,7588880,,complete,,638974fc642773387b0fa186,mobile,Apple iPhone,iOS 15.6.1,Mobile Safari 15.6.1,414x896,800x364,,Audio Naming Task,26,Block 6-A,soundCheckPassed,6-A,6-A,3,144,2,Screen 1,Zone1,response_button_text,1046,,,a,1,1,0,0,,,,,1,Trial (Noise),a_subj46_f_vate_87.wav,Babble_100.wav,a,1,,6-A,noise,subj46,f,vate,87
724,1669953213205,02/12/2022 03:53:33,1669953212738,-6,01/12/2022 21:53:32,92237,21,task-bsko,,25622444,BLIND,7588880,,complete,,638974fc642773387b0fa186,mobile,Apple iPhone,iOS 15.6.1,Mobile Safari 15.6.1,414x896,800x364,,Audio Naming Task,26,Block 6-A,soundCheckPassed,6-A,6-A,104,145,1,Screen 2,fixation,fixation,367,,,,,0,1,0,,,,,1,Trial (Noise),i_subj68_m_quito_129.wav,Babble_025.wav,i,1,,6-A,noise,subj68,m,quito,129
725,1669953213569,02/12/2022 03:53:33,1669953212759,-6,01/12/2022 21:53:32,92237,21,task-bsko,,25622444,BLIND,7588880,,complete,,638974fc642773387b0fa186,mobile,Apple iPhone,iOS 15.6.1,Mobile Safari 15.6.1,414x896,800x364,,Audio Naming Task,26,Block 6-A,soundCheckPassed,6-A,6-A,104,145,2,Screen 1,Zone6,content_web_audio,3.000000000029104,,,AUDIO PLAY REQUESTED,1,0,1,0,,,,,1,Trial (Noise),i_subj68_m_quito_129.wav,Babble_025.wav,i,1,,6-A,noise,subj68,m,quito,129
726,1669953213569,02/12/2022 03:53:33,1669953212761,-6,01/12/2022 21:53:32,92237,21,task-bsko,,25622444,BLIND,7588880,,complete,,638974fc642773387b0fa186,mobile,Apple iPhone,iOS 15.6.1,Mobile Safari 15.6.1,414x896,800x364,,Audio Naming Task,26,Block 6-A,soundCheckPassed,6-A,6-A,104,145,2,Screen 1,Zone8,content_web_audio,4,,,AUDIO PLAY REQUESTED,1,0,1,0,,,,,1,Trial (Noise),i_subj68_m_quito_129.wav,Babble_025.wav,i,1,,6-A,noise,subj68,m,quito,129
727,1669953213569,02/12/2022 03:53:33,1669953212762,-6,01/12/2022 21:53:32,92237,21,task-bsko,,25622444,BLIND,7588880,,complete,,638974fc642773387b0fa186,mobile,Apple iPhone,iOS 15.6.1,Mobile Safari 15.6.1,414x896,800x364,,Audio Naming Task,26,Block 6-A,soundCheckPassed,6-A,6-A,104,145,2,Screen 1,Zone7,content_web_audio,6,,,AUDIO PLAY REQUESTED,1,0,1,0,,,,,1,Trial (Noise),i_subj68_m_quito_129.wav,Babble_025.wav,i,1,,6-A,noise,subj68,m,quito,129
728,1669953214366,02/12/2022 03:53:34,1669953213879,-6,01/12/2022 21:53:33,92237,21,task-bsko,,25622444,BLIND,7588880,,complete,,638974fc642773387b0fa186,mobile,Apple iPhone,iOS 15.6.1,Mobile Safari 15.6.1,414x896,800x364,,Audio Naming Task,26,Block 6-A,soundCheckPassed,6-A,6-A,104,145,2,Screen 1,Zone5,response_button_text,1122.000000000029,,,e,1,0,1,0,,,,,1,Trial (Noise),i_subj68_m_quito_129.wav,Babble_025.wav,i,1,,6-A,noise,subj68,m,quito,129
729,1669953214711,02/12/2022 03:53:34,1669953214238,-6,01/12/2022 21:53:34,92237,21,task-bsko,,25622444,BLIND,7588880,,complete,,638974fc642773387b0fa186,mobile,Apple iPhone,iOS 15.6.1,Mobile Safari 15.6.1,414x896,800x364,,Audio Naming Task,26,Block 6-A,soundCheckPassed,6-A,6-A,143,146,1,Screen 2,fixation,fixation,367,,,,,0,1,0,,,,,1,Trial (Noise),o_subj15_m_toque_111.wav,Babble_183.wav,o,1,,6-A,noise,subj15,m,toque,111
730,1669953214711,02/12/2022 03:53:34,1669953214258,-6,01/12/2022 21:53:34,92237,21,task-bsko,,25622444,BLIND,7588880,,complete,,638974fc642773387b0fa186,mobile,Apple iPhone,iOS 15.6.1,Mobile Safari 15.6.1,414x896,800x364,,Audio Naming Task,26,Block 6-A,soundCheckPassed,6-A,6-A,143,146,2,Screen 1,Zone6,content_web_audio,2,,,AUDIO PLAY REQUESTED,1,0,1,0,,,,,1,Trial (Noise),o_subj15_m_toque_111.wav,Babble_183.wav,o,1,,6-A,noise,subj15,m,toque,111
731,1669953214711,02/12/2022 03:53:34,1669953214259,-6,01/12/2022 21:53:34,92237,21,task-bsko,,25622444,BLIND,7588880,,complete,,638974fc642773387b0fa186,mobile,Apple iPhone,iOS 15.6.1,Mobile Safari 15.6.1,414x896,800x364,,Audio Naming Task,26,Block 6-A,soundCheckPassed,6-A,6-A,143,146,2,Screen 1,Zone8,content_web_audio,4.000000000029104,,,AUDIO PLAY REQUESTED,1,0,1,0,,,,,1,Trial (Noise),o_subj15_m_toque_111.wav,Babble_183.wav,o,1,,6-A,noise,subj15,m,toque,111
732,1669953214711,02/12/2022 03:53:34,1669953214259,-6,01/12/2022 21:53:34,92237,21,task-bsko,,25622444,BLIND,7588880,,complete,,638974fc642773387b0fa186,mobile,Apple iPhone,iOS 15.6.1,Mobile Safari 15.6.1,414x896,800x364,,Audio Naming Task,26,Block 6-A,soundCheckPassed,6-A,6-A,143,146,2,Screen 1,Zone7,content_web_audio,4.000000000029104,,,AUDIO PLAY REQUESTED,1,0,1,0,,,,,1,Trial (Noise),o_subj15_m_toque_111.wav,Babble_183.wav,o,1,,6-A,noise,subj15,m,toque,111
733,1669953215675,02/12/2022 03:53:35,1669953215346,-6,01/12/2022 21:53:35,92237,21,task-bsko,,25622444,BLIND,7588880,,complete,,638974fc642773387b0fa186,mobile,Apple iPhone,iOS 15.6.1,Mobile Safari 15.6.1,414x896,800x364,,Audio Naming Task,26,Block 6-A,soundCheckPassed,6-A,6-A,143,146,2,Screen 1,Zone3,response_button_text,1089,,,o,1,1,0,0,,,,,1,Trial (Noise),o_subj15_m_toque_111.wav,Babble_183.wav,o,1,,6-A,noise,subj15,m,toque,111
734,1669953216132,02/12/2022 03:53:36,1669953215672,-6,01/12/2022 21:53:35,92237,21,task-bsko,,25622444,BLIND,7588880,,complete,,638974fc642773387b0fa186,mobile,Apple iPhone,iOS 15.6.1,Mobile Safari 15.6.1,414x896,800x364,,Audio Naming Task,26,Block 6-A,soundCheckPassed,6-A,6-A,50,147,1,Screen 2,fixation,fixation,333,,,,,0,1,0,,,,,1,Trial (Noise),e_subj9_m_seque_349.wav,Babble_145.wav,e,1,,6-A,noise,subj9,m,seque,349
735,1669953216590,02/12/2022 03:53:36,1669953215692,-6,01/12/2022 21:53:35,92237,21,task-bsko,,25622444,BLIND,7588880,,complete,,638974fc642773387b0fa186,mobile,Apple iPhone,iOS 15.6.1,Mobile Safari 15.6.1,414x896,800x364,,Audio Naming Task,26,Block 6-A,soundCheckPassed,6-A,6-A,50,147,2,Screen 1,Zone6,content_web_audio,2,,,AUDIO PLAY REQUESTED,1,0,1,0,,,,,1,Trial (Noise),e_subj9_m_seque_349.wav,Babble_145.wav,e,1,,6-A,noise,subj9,m,seque,349
736,1669953216590,02/12/2022 03:53:36,1669953215693,-6,01/12/2022 21:53:35,92237,21,task-bsko,,25622444,BLIND,7588880,,complete,,638974fc642773387b0fa186,mobile,Apple iPhone,iOS 15.6.1,Mobile Safari 15.6.1,414x896,800x364,,Audio Naming Task,26,Block 6-A,soundCheckPassed,6-A,6-A,50,147,2,Screen 1,Zone8,content_web_audio,3,,,AUDIO PLAY REQUESTED,1,0,1,0,,,,,1,Trial (Noise),e_subj9_m_seque_349.wav,Babble_145.wav,e,1,,6-A,noise,subj9,m,seque,349
737,1669953216590,02/12/2022 03:53:36,1669953215694,-6,01/12/2022 21:53:35,92237,21,task-bsko,,25622444,BLIND,7588880,,complete,,638974fc642773387b0fa186,mobile,Apple iPhone,iOS 15.6.1,Mobile Safari 15.6.1,414x896,800x364,,Audio Naming Task,26,Block 6-A,soundCheckPassed,6-A,6-A,50,147,2,Screen 1,Zone7,content_web_audio,4.000000000029104,,,AUDIO PLAY REQUESTED,1,0,1,0,,,,,1,Trial (Noise),e_subj9_m_seque_349.wav,Babble_145.wav,e,1,,6-A,noise,subj9,m,seque,349
738,1669953217380,02/12/2022 03:53:37,1669953216854,-6,01/12/2022 21:53:36,92237,21,task-bsko,,25622444,BLIND,7588880,,complete,,638974fc642773387b0fa186,mobile,Apple iPhone,iOS 15.6.1,Mobile Safari 15.6.1,414x896,800x364,,Audio Naming Task,26,Block 6-A,soundCheckPassed,6-A,6-A,50,147,2,Screen 1,Zone5,response_button_text,1162,,,e,1,1,0,0,,,,,1,Trial (Noise),e_subj9_m_seque_349.wav,Babble_145.wav,e,1,,6-A,noise,subj9,m,seque,349
739,1669953217837,02/12/2022 03:53:37,1669953217171,-6,01/12/2022 21:53:37,92237,21,task-bsko,,25622444,BLIND,7588880,,complete,,638974fc642773387b0fa186,mobile,Apple iPhone,iOS 15.6.1,Mobile Safari 15.6.1,414x896,800x364,,Audio Naming Task,26,Block 6-A,soundCheckPassed,6-A,6-A,119,148,1,Screen 2,fixation,fixation,334,,,,,0,1,0,,,,,1,Trial (Noise),o_subj12_f_bota_206.wav,Babble_185.wav,o,1,,6-A,noise,subj12,f,bota,206
740,1669953217837,02/12/2022 03:53:37,1669953217191,-6,01/12/2022 21:53:37,92237,21,task-bsko,,25622444,BLIND,7588880,,complete,,638974fc642773387b0fa186,mobile,Apple iPhone,iOS 15.6.1,Mobile Safari 15.6.1,414x896,800x364,,Audio Naming Task,26,Block 6-A,soundCheckPassed,6-A,6-A,119,148,2,Screen 1,Zone6,content_web_audio,2,,,AUDIO PLAY REQUESTED,1,0,1,0,,,,,1,Trial (Noise),o_subj12_f_bota_206.wav,Babble_185.wav,o,1,,6-A,noise,subj12,f,bota,206
741,1669953217837,02/12/2022 03:53:37,1669953217193,-6,01/12/2022 21:53:37,92237,21,task-bsko,,25622444,BLIND,7588880,,complete,,638974fc642773387b0fa186,mobile,Apple iPhone,iOS 15.6.1,Mobile Safari 15.6.1,414x896,800x364,,Audio Naming Task,26,Block 6-A,soundCheckPassed,6-A,6-A,119,148,2,Screen 1,Zone8,content_web_audio,4,,,AUDIO PLAY REQUESTED,1,0,1,0,,,,,1,Trial (Noise),o_subj12_f_bota_206.wav,Babble_185.wav,o,1,,6-A,noise,subj12,f,bota,206
742,1669953217837,02/12/2022 03:53:37,1669953217193,-6,01/12/2022 21:53:37,92237,21,task-bsko,,25622444,BLIND,7588880,,complete,,638974fc642773387b0fa186,mobile,Apple iPhone,iOS 15.6.1,Mobile Safari 15.6.1,414x896,800x364,,Audio Naming Task,26,Block 6-A,soundCheckPassed,6-A,6-A,119,148,2,Screen 1,Zone7,content_web_audio,4,,,AUDIO PLAY REQUESTED,1,0,1,0,,,,,1,Trial (Noise),o_subj12_f_bota_206.wav,Babble_185.wav,o,1,,6-A,noise,subj12,f,bota,206
743,1669953218958,02/12/2022 03:53:38,1669953218445,-6,01/12/2022 21:53:38,92237,21,task-bsko,,25622444,BLIND,7588880,,complete,,638974fc642773387b0fa186,mobile,Apple iPhone,iOS 15.6.1,Mobile Safari 15.6.1,414x896,800x364,,Audio Naming Task,26,Block 6-A,soundCheckPassed,6-A,6-A,119,148,2,Screen 1,Zone3,response_button_text,1255.000000000029,,,o,1,1,0,0,,,,,1,Trial (Noise),o_subj12_f_bota_206.wav,Babble_185.wav,o,1,,6-A,noise,subj12,f,bota,206
744,1669953219385,02/12/2022 03:53:39,1669953218771,-6,01/12/2022 21:53:38,92237,21,task-bsko,,25622444,BLIND,7588880,,complete,,638974fc642773387b0fa186,mobile,Apple iPhone,iOS 15.6.1,Mobile Safari 15.6.1,414x896,800x364,,Audio Naming Task,26,Block 6-A,soundCheckPassed,6-A,6-A,23,149,1,Screen 2,fixation,fixation,334,,,,,0,1,0,,,,,1,Trial (Noise),a_subj19_f_vara_108.wav,Babble_033.wav,a,1,,6-A,noise,subj19,f,vara,108
745,1669953219385,02/12/2022 03:53:39,1669953218790,-6,01/12/2022 21:53:38,92237,21,task-bsko,,25622444,BLIND,7588880,,complete,,638974fc642773387b0fa186,mobile,Apple iPhone,iOS 15.6.1,Mobile Safari 15.6.1,414x896,800x364,,Audio Naming Task,26,Block 6-A,soundCheckPassed,6-A,6-A,23,149,2,Screen 1,Zone6,content_web_audio,2,,,AUDIO PLAY REQUESTED,1,0,1,0,,,,,1,Trial (Noise),a_subj19_f_vara_108.wav,Babble_033.wav,a,1,,6-A,noise,subj19,f,vara,108
746,1669953219385,02/12/2022 03:53:39,1669953218791,-6,01/12/2022 21:53:38,92237,21,task-bsko,,25622444,BLIND,7588880,,complete,,638974fc642773387b0fa186,mobile,Apple iPhone,iOS 15.6.1,Mobile Safari 15.6.1,414x896,800x364,,Audio Naming Task,26,Block 6-A,soundCheckPassed,6-A,6-A,23,149,2,Screen 1,Zone8,content_web_audio,3,,,AUDIO PLAY REQUESTED,1,0,1,0,,,,,1,Trial (Noise),a_subj19_f_vara_108.wav,Babble_033.wav,a,1,,6-A,noise,subj19,f,vara,108
747,1669953219385,02/12/2022 03:53:39,1669953218792,-6,01/12/2022 21:53:38,92237,21,task-bsko,,25622444,BLIND,7588880,,complete,,638974fc642773387b0fa186,mobile,Apple iPhone,iOS 15.6.1,Mobile Safari 15.6.1,414x896,800x364,,Audio Naming Task,26,Block 6-A,soundCheckPassed,6-A,6-A,23,149,2,Screen 1,Zone7,content_web_audio,4,,,AUDIO PLAY REQUESTED,1,0,1,0,,,,,1,Trial (Noise),a_subj19_f_vara_108.wav,Babble_033.wav,a,1,,6-A,noise,subj19,f,vara,108
748,1669953220510,02/12/2022 03:53:40,1669953220020,-6,01/12/2022 21:53:40,92237,21,task-bsko,,25622444,BLIND,7588880,,complete,,638974fc642773387b0fa186,mobile,Apple iPhone,iOS 15.6.1,Mobile Safari 15.6.1,414x896,800x364,,Audio Naming Task,26,Block 6-A,soundCheckPassed,6-A,6-A,23,149,2,Screen 1,Zone1,response_button_text,1231,,,a,1,1,0,0,,,,,1,Trial (Noise),a_subj19_f_vara_108.wav,Babble_033.wav,a,1,,6-A,noise,subj19,f,vara,108
749,1669953220714,02/12/2022 03:53:40,1669953220371,-6,01/12/2022 21:53:40,92237,21,task-bsko,,25622444,BLIND,7588880,,complete,,638974fc642773387b0fa186,mobile,Apple iPhone,iOS 15.6.1,Mobile Safari 15.6.1,414x896,800x364,,Audio Naming Task,26,Block 6-A,soundCheckPassed,6-A,6-A,27,150,1,Screen 2,fixation,fixation,367,,,,,0,1,0,,,,,1,Trial (Noise),a_subj72_m_vato_309.wav,Babble_075.wav,a,1,,6-A,noise,subj72,m,vato,309
750,1669953220714,02/12/2022 03:53:40,1669953220390,-6,01/12/2022 21:53:40,92237,21,task-bsko,,25622444,BLIND,7588880,,complete,,638974fc642773387b0fa186,mobile,Apple iPhone,iOS 15.6.1,Mobile Safari 15.6.1,414x896,800x364,,Audio Naming Task,26,Block 6-A,soundCheckPassed,6-A,6-A,27,150,2,Screen 1,Zone6,content_web_audio,1.0000000000291038,,,AUDIO PLAY REQUESTED,1,0,1,0,,,,,1,Trial (Noise),a_subj72_m_vato_309.wav,Babble_075.wav,a,1,,6-A,noise,subj72,m,vato,309
751,1669953220714,02/12/2022 03:53:40,1669953220392,-6,01/12/2022 21:53:40,92237,21,task-bsko,,25622444,BLIND,7588880,,complete,,638974fc642773387b0fa186,mobile,Apple iPhone,iOS 15.6.1,Mobile Safari 15.6.1,414x896,800x364,,Audio Naming Task,26,Block 6-A,soundCheckPassed,6-A,6-A,27,150,2,Screen 1,Zone8,content_web_audio,3,,,AUDIO PLAY REQUESTED,1,0,1,0,,,,,1,Trial (Noise),a_subj72_m_vato_309.wav,Babble_075.wav,a,1,,6-A,noise,subj72,m,vato,309
752,1669953220714,02/12/2022 03:53:40,1669953220393,-6,01/12/2022 21:53:40,92237,21,task-bsko,,25622444,BLIND,7588880,,complete,,638974fc642773387b0fa186,mobile,Apple iPhone,iOS 15.6.1,Mobile Safari 15.6.1,414x896,800x364,,Audio Naming Task,26,Block 6-A,soundCheckPassed,6-A,6-A,27,150,2,Screen 1,Zone7,content_web_audio,4,,,AUDIO PLAY REQUESTED,1,0,1,0,,,,,1,Trial (Noise),a_subj72_m_vato_309.wav,Babble_075.wav,a,1,,6-A,noise,subj72,m,vato,309
753,1669953222243,02/12/2022 03:53:42,1669953221730,-6,01/12/2022 21:53:41,92237,21,task-bsko,,25622444,BLIND,7588880,,complete,,638974fc642773387b0fa186,mobile,Apple iPhone,iOS 15.6.1,Mobile Safari 15.6.1,414x896,800x364,,Audio Naming Task,26,Block 6-A,soundCheckPassed,6-A,6-A,27,150,2,Screen 1,Zone1,response_button_text,1340,,,a,1,1,0,0,,,,,1,Trial (Noise),a_subj72_m_vato_309.wav,Babble_075.wav,a,1,,6-A,noise,subj72,m,vato,309
754,1669953222439,02/12/2022 03:53:42,1669953222071,-6,01/12/2022 21:53:42,92237,21,task-bsko,,25622444,BLIND,7588880,,complete,,638974fc642773387b0fa186,mobile,Apple iPhone,iOS 15.6.1,Mobile Safari 15.6.1,414x896,800x364,,Audio Naming Task,26,Block 6-A,soundCheckPassed,6-A,6-A,86,151,1,Screen 2,fixation,fixation,367,,,,,0,1,0,,,,,1,Trial (Noise),i_subj17_f_viso_299.wav,Babble_131.wav,i,1,,6-A,noise,subj17,f,viso,299
755,1669953222439,02/12/2022 03:53:42,1669953222089,-6,01/12/2022 21:53:42,92237,21,task-bsko,,25622444,BLIND,7588880,,complete,,638974fc642773387b0fa186,mobile,Apple iPhone,iOS 15.6.1,Mobile Safari 15.6.1,414x896,800x364,,Audio Naming Task,26,Block 6-A,soundCheckPassed,6-A,6-A,86,151,2,Screen 1,Zone6,content_web_audio,2,,,AUDIO PLAY REQUESTED,1,0,1,0,,,,,1,Trial (Noise),i_subj17_f_viso_299.wav,Babble_131.wav,i,1,,6-A,noise,subj17,f,viso,299
756,1669953222439,02/12/2022 03:53:42,1669953222090,-6,01/12/2022 21:53:42,92237,21,task-bsko,,25622444,BLIND,7588880,,complete,,638974fc642773387b0fa186,mobile,Apple iPhone,iOS 15.6.1,Mobile Safari 15.6.1,414x896,800x364,,Audio Naming Task,26,Block 6-A,soundCheckPassed,6-A,6-A,86,151,2,Screen 1,Zone8,content_web_audio,2.999999999970896,,,AUDIO PLAY REQUESTED,1,0,1,0,,,,,1,Trial (Noise),i_subj17_f_viso_299.wav,Babble_131.wav,i,1,,6-A,noise,subj17,f,viso,299
757,1669953222439,02/12/2022 03:53:42,1669953222091,-6,01/12/2022 21:53:42,92237,21,task-bsko,,25622444,BLIND,7588880,,complete,,638974fc642773387b0fa186,mobile,Apple iPhone,iOS 15.6.1,Mobile Safari 15.6.1,414x896,800x364,,Audio Naming Task,26,Block 6-A,soundCheckPassed,6-A,6-A,86,151,2,Screen 1,Zone7,content_web_audio,4,,,AUDIO PLAY REQUESTED,1,0,1,0,,,,,1,Trial (Noise),i_subj17_f_viso_299.wav,Babble_131.wav,i,1,,6-A,noise,subj17,f,viso,299
758,1669953223657,02/12/2022 03:53:43,1669953223187,-6,01/12/2022 21:53:43,92237,21,task-bsko,,25622444,BLIND,7588880,,complete,,638974fc642773387b0fa186,mobile,Apple iPhone,iOS 15.6.1,Mobile Safari 15.6.1,414x896,800x364,,Audio Naming Task,26,Block 6-A,soundCheckPassed,6-A,6-A,86,151,2,Screen 1,Zone4,response_button_text,1098,,,i,1,1,0,0,,,,,1,Trial (Noise),i_subj17_f_viso_299.wav,Babble_131.wav,i,1,,6-A,noise,subj17,f,viso,299
759,1669953223869,02/12/2022 03:53:43,1669953223537,-6,01/12/2022 21:53:43,92237,21,task-bsko,,25622444,BLIND,7588880,,complete,,638974fc642773387b0fa186,mobile,Apple iPhone,iOS 15.6.1,Mobile Safari 15.6.1,414x896,800x364,,Audio Naming Task,26,Block 6-A,soundCheckPassed,6-A,6-A,142,152,1,Screen 2,fixation,fixation,367,,,,,0,1,0,,,,,1,Trial (Noise),o_subj75_m_toque_125.wav,Babble_141.wav,o,1,,6-A,noise,subj75,m,toque,125
760,1669953223869,02/12/2022 03:53:43,1669953223555,-6,01/12/2022 21:53:43,92237,21,task-bsko,,25622444,BLIND,7588880,,complete,,638974fc642773387b0fa186,mobile,Apple iPhone,iOS 15.6.1,Mobile Safari 15.6.1,414x896,800x364,,Audio Naming Task,26,Block 6-A,soundCheckPassed,6-A,6-A,142,152,2,Screen 1,Zone6,content_web_audio,0.9999999999708962,,,AUDIO PLAY REQUESTED,1,0,1,0,,,,,1,Trial (Noise),o_subj75_m_toque_125.wav,Babble_141.wav,o,1,,6-A,noise,subj75,m,toque,125
761,1669953223869,02/12/2022 03:53:43,1669953223556,-6,01/12/2022 21:53:43,92237,21,task-bsko,,25622444,BLIND,7588880,,complete,,638974fc642773387b0fa186,mobile,Apple iPhone,iOS 15.6.1,Mobile Safari 15.6.1,414x896,800x364,,Audio Naming Task,26,Block 6-A,soundCheckPassed,6-A,6-A,142,152,2,Screen 1,Zone8,content_web_audio,1.9999999999708962,,,AUDIO PLAY REQUESTED,1,0,1,0,,,,,1,Trial (Noise),o_subj75_m_toque_125.wav,Babble_141.wav,o,1,,6-A,noise,subj75,m,toque,125
762,1669953223869,02/12/2022 03:53:43,1669953223557,-6,01/12/2022 21:53:43,92237,21,task-bsko,,25622444,BLIND,7588880,,complete,,638974fc642773387b0fa186,mobile,Apple iPhone,iOS 15.6.1,Mobile Safari 15.6.1,414x896,800x364,,Audio Naming Task,26,Block 6-A,soundCheckPassed,6-A,6-A,142,152,2,Screen 1,Zone7,content_web_audio,3,,,AUDIO PLAY REQUESTED,1,0,1,0,,,,,1,Trial (Noise),o_subj75_m_toque_125.wav,Babble_141.wav,o,1,,6-A,noise,subj75,m,toque,125
763,1669953224875,02/12/2022 03:53:44,1669953224412,-6,01/12/2022 21:53:44,92237,21,task-bsko,,25622444,BLIND,7588880,,complete,,638974fc642773387b0fa186,mobile,Apple iPhone,iOS 15.6.1,Mobile Safari 15.6.1,414x896,800x364,,Audio Naming Task,26,Block 6-A,soundCheckPassed,6-A,6-A,142,152,2,Screen 1,Zone3,response_button_text,856.9999999999709,,,o,1,1,0,0,,,,,1,Trial (Noise),o_subj75_m_toque_125.wav,Babble_141.wav,o,1,,6-A,noise,subj75,m,toque,125
764,1669953225257,02/12/2022 03:53:45,1669953224771,-6,01/12/2022 21:53:44,92237,21,task-bsko,,25622444,BLIND,7588880,,complete,,638974fc642773387b0fa186,mobile,Apple iPhone,iOS 15.6.1,Mobile Safari 15.6.1,414x896,800x364,,Audio Naming Task,26,Block 6-A,soundCheckPassed,6-A,6-A,107,153,1,Screen 2,fixation,fixation,367,,,,,0,1,0,,,,,1,Trial (Noise),i_subj14_m_pica_161.wav,Babble_071.wav,i,1,,6-A,noise,subj14,m,pica,161
765,1669953225257,02/12/2022 03:53:45,1669953224789,-6,01/12/2022 21:53:44,92237,21,task-bsko,,25622444,BLIND,7588880,,complete,,638974fc642773387b0fa186,mobile,Apple iPhone,iOS 15.6.1,Mobile Safari 15.6.1,414x896,800x364,,Audio Naming Task,26,Block 6-A,soundCheckPassed,6-A,6-A,107,153,2,Screen 1,Zone6,content_web_audio,3.0000000000582077,,,AUDIO PLAY REQUESTED,1,0,1,0,,,,,1,Trial (Noise),i_subj14_m_pica_161.wav,Babble_071.wav,i,1,,6-A,noise,subj14,m,pica,161
766,1669953225257,02/12/2022 03:53:45,1669953224791,-6,01/12/2022 21:53:44,92237,21,task-bsko,,25622444,BLIND,7588880,,complete,,638974fc642773387b0fa186,mobile,Apple iPhone,iOS 15.6.1,Mobile Safari 15.6.1,414x896,800x364,,Audio Naming Task,26,Block 6-A,soundCheckPassed,6-A,6-A,107,153,2,Screen 1,Zone8,content_web_audio,4.000000000029104,,,AUDIO PLAY REQUESTED,1,0,1,0,,,,,1,Trial (Noise),i_subj14_m_pica_161.wav,Babble_071.wav,i,1,,6-A,noise,subj14,m,pica,161
767,1669953225257,02/12/2022 03:53:45,1669953224792,-6,01/12/2022 21:53:44,92237,21,task-bsko,,25622444,BLIND,7588880,,complete,,638974fc642773387b0fa186,mobile,Apple iPhone,iOS 15.6.1,Mobile Safari 15.6.1,414x896,800x364,,Audio Naming Task,26,Block 6-A,soundCheckPassed,6-A,6-A,107,153,2,Screen 1,Zone7,content_web_audio,5.000000000058208,,,AUDIO PLAY REQUESTED,1,0,1,0,,,,,1,Trial (Noise),i_subj14_m_pica_161.wav,Babble_071.wav,i,1,,6-A,noise,subj14,m,pica,161
768,1669953226771,02/12/2022 03:53:46,1669953226304,-6,01/12/2022 21:53:46,92237,21,task-bsko,,25622444,BLIND,7588880,,complete,,638974fc642773387b0fa186,mobile,Apple iPhone,iOS 15.6.1,Mobile Safari 15.6.1,414x896,800x364,,Audio Naming Task,26,Block 6-A,soundCheckPassed,6-A,6-A,107,153,2,Screen 1,Zone4,response_button_text,1516.000000000029,,,i,1,1,0,0,,,,,1,Trial (Noise),i_subj14_m_pica_161.wav,Babble_071.wav,i,1,,6-A,noise,subj14,m,pica,161
769,1669953226970,02/12/2022 03:53:46,1669953226604,-6,01/12/2022 21:53:46,92237,21,task-bsko,,25622444,BLIND,7588880,,complete,,638974fc642773387b0fa186,mobile,Apple iPhone,iOS 15.6.1,Mobile Safari 15.6.1,414x896,800x364,,Audio Naming Task,26,Block 6-A,soundCheckPassed,6-A,6-A,149,154,1,Screen 2,fixation,fixation,334,,,,,0,1,0,,,,,1,Trial (Noise),o_subj14_m_voto_236.wav,Babble_064.wav,o,1,,6-A,noise,subj14,m,voto,236
770,1669953226970,02/12/2022 03:53:46,1669953226623,-6,01/12/2022 21:53:46,92237,21,task-bsko,,25622444,BLIND,7588880,,complete,,638974fc642773387b0fa186,mobile,Apple iPhone,iOS 15.6.1,Mobile Safari 15.6.1,414x896,800x364,,Audio Naming Task,26,Block 6-A,soundCheckPassed,6-A,6-A,149,154,2,Screen 1,Zone6,content_web_audio,2.000000000029104,,,AUDIO PLAY REQUESTED,1,0,1,0,,,,,1,Trial (Noise),o_subj14_m_voto_236.wav,Babble_064.wav,o,1,,6-A,noise,subj14,m,voto,236
771,1669953226970,02/12/2022 03:53:46,1669953226624,-6,01/12/2022 21:53:46,92237,21,task-bsko,,25622444,BLIND,7588880,,complete,,638974fc642773387b0fa186,mobile,Apple iPhone,iOS 15.6.1,Mobile Safari 15.6.1,414x896,800x364,,Audio Naming Task,26,Block 6-A,soundCheckPassed,6-A,6-A,149,154,2,Screen 1,Zone8,content_web_audio,3.0000000000582077,,,AUDIO PLAY REQUESTED,1,0,1,0,,,,,1,Trial (Noise),o_subj14_m_voto_236.wav,Babble_064.wav,o,1,,6-A,noise,subj14,m,voto,236
772,1669953226970,02/12/2022 03:53:46,1669953226625,-6,01/12/2022 21:53:46,92237,21,task-bsko,,25622444,BLIND,7588880,,complete,,638974fc642773387b0fa186,mobile,Apple iPhone,iOS 15.6.1,Mobile Safari 15.6.1,414x896,800x364,,Audio Naming Task,26,Block 6-A,soundCheckPassed,6-A,6-A,149,154,2,Screen 1,Zone7,content_web_audio,4.000000000029104,,,AUDIO PLAY REQUESTED,1,0,1,0,,,,,1,Trial (Noise),o_subj14_m_voto_236.wav,Babble_064.wav,o,1,,6-A,noise,subj14,m,voto,236
773,1669953228179,02/12/2022 03:53:48,1669953227678,-6,01/12/2022 21:53:47,92237,21,task-bsko,,25622444,BLIND,7588880,,complete,,638974fc642773387b0fa186,mobile,Apple iPhone,iOS 15.6.1,Mobile Safari 15.6.1,414x896,800x364,,Audio Naming Task,26,Block 6-A,soundCheckPassed,6-A,6-A,149,154,2,Screen 1,Zone3,response_button_text,1056.0000000000582,,,o,1,1,0,0,,,,,1,Trial (Noise),o_subj14_m_voto_236.wav,Babble_064.wav,o,1,,6-A,noise,subj14,m,voto,236
774,1669953228371,02/12/2022 03:53:48,1669953228004,-6,01/12/2022 21:53:48,92237,21,task-bsko,,25622444,BLIND,7588880,,complete,,638974fc642773387b0fa186,mobile,Apple iPhone,iOS 15.6.1,Mobile Safari 15.6.1,414x896,800x364,,Audio Naming Task,26,Block 6-A,soundCheckPassed,6-A,6-A,118,155,1,Screen 2,fixation,fixation,334,,,,,0,1,0,,,,,1,Trial (Noise),i_subj24_m_quito_55.wav,Babble_184.wav,i,1,,6-A,noise,subj24,m,quito,55
775,1669953228371,02/12/2022 03:53:48,1669953228022,-6,01/12/2022 21:53:48,92237,21,task-bsko,,25622444,BLIND,7588880,,complete,,638974fc642773387b0fa186,mobile,Apple iPhone,iOS 15.6.1,Mobile Safari 15.6.1,414x896,800x364,,Audio Naming Task,26,Block 6-A,soundCheckPassed,6-A,6-A,118,155,2,Screen 1,Zone6,content_web_audio,2,,,AUDIO PLAY REQUESTED,1,0,1,0,,,,,1,Trial (Noise),i_subj24_m_quito_55.wav,Babble_184.wav,i,1,,6-A,noise,subj24,m,quito,55
776,1669953228371,02/12/2022 03:53:48,1669953228022,-6,01/12/2022 21:53:48,92237,21,task-bsko,,25622444,BLIND,7588880,,complete,,638974fc642773387b0fa186,mobile,Apple iPhone,iOS 15.6.1,Mobile Safari 15.6.1,414x896,800x364,,Audio Naming Task,26,Block 6-A,soundCheckPassed,6-A,6-A,118,155,2,Screen 1,Zone8,content_web_audio,3,,,AUDIO PLAY REQUESTED,1,0,1,0,,,,,1,Trial (Noise),i_subj24_m_quito_55.wav,Babble_184.wav,i,1,,6-A,noise,subj24,m,quito,55
777,1669953228371,02/12/2022 03:53:48,1669953228023,-6,01/12/2022 21:53:48,92237,21,task-bsko,,25622444,BLIND,7588880,,complete,,638974fc642773387b0fa186,mobile,Apple iPhone,iOS 15.6.1,Mobile Safari 15.6.1,414x896,800x364,,Audio Naming Task,26,Block 6-A,soundCheckPassed,6-A,6-A,118,155,2,Screen 1,Zone7,content_web_audio,3,,,AUDIO PLAY REQUESTED,1,0,1,0,,,,,1,Trial (Noise),i_subj24_m_quito_55.wav,Babble_184.wav,i,1,,6-A,noise,subj24,m,quito,55
778,1669953230219,02/12/2022 03:53:50,1669953229695,-6,01/12/2022 21:53:49,92237,21,task-bsko,,25622444,BLIND,7588880,,complete,,638974fc642773387b0fa186,mobile,Apple iPhone,iOS 15.6.1,Mobile Safari 15.6.1,414x896,800x364,,Audio Naming Task,26,Block 6-A,soundCheckPassed,6-A,6-A,118,155,2,Screen 1,Zone4,response_button_text,1674,,,i,1,1,0,0,,,,,1,Trial (Noise),i_subj24_m_quito_55.wav,Babble_184.wav,i,1,,6-A,noise,subj24,m,quito,55
779,1669953230431,02/12/2022 03:53:50,1669953230004,-6,01/12/2022 21:53:50,92237,21,task-bsko,,25622444,BLIND,7588880,,complete,,638974fc642773387b0fa186,mobile,Apple iPhone,iOS 15.6.1,Mobile Safari 15.6.1,414x896,800x364,,Audio Naming Task,26,Block 6-A,soundCheckPassed,6-A,6-A,185,156,1,Screen 2,fixation,fixation,334,,,,,0,1,0,,,,,1,Trial (Noise),u_subj4_f_supo_96.wav,Babble_113.wav,u,1,,6-A,noise,subj4,f,supo,96
780,1669953230431,02/12/2022 03:53:50,1669953230021,-6,01/12/2022 21:53:50,92237,21,task-bsko,,25622444,BLIND,7588880,,complete,,638974fc642773387b0fa186,mobile,Apple iPhone,iOS 15.6.1,Mobile Safari 15.6.1,414x896,800x364,,Audio Naming Task,26,Block 6-A,soundCheckPassed,6-A,6-A,185,156,2,Screen 1,Zone6,content_web_audio,2,,,AUDIO PLAY REQUESTED,1,0,1,0,,,,,1,Trial (Noise),u_subj4_f_supo_96.wav,Babble_113.wav,u,1,,6-A,noise,subj4,f,supo,96
781,1669953230431,02/12/2022 03:53:50,1669953230022,-6,01/12/2022 21:53:50,92237,21,task-bsko,,25622444,BLIND,7588880,,complete,,638974fc642773387b0fa186,mobile,Apple iPhone,iOS 15.6.1,Mobile Safari 15.6.1,414x896,800x364,,Audio Naming Task,26,Block 6-A,soundCheckPassed,6-A,6-A,185,156,2,Screen 1,Zone8,content_web_audio,3,,,AUDIO PLAY REQUESTED,1,0,1,0,,,,,1,Trial (Noise),u_subj4_f_supo_96.wav,Babble_113.wav,u,1,,6-A,noise,subj4,f,supo,96
782,1669953230431,02/12/2022 03:53:50,1669953230023,-6,01/12/2022 21:53:50,92237,21,task-bsko,,25622444,BLIND,7588880,,complete,,638974fc642773387b0fa186,mobile,Apple iPhone,iOS 15.6.1,Mobile Safari 15.6.1,414x896,800x364,,Audio Naming Task,26,Block 6-A,soundCheckPassed,6-A,6-A,185,156,2,Screen 1,Zone7,content_web_audio,4,,,AUDIO PLAY REQUESTED,1,0,1,0,,,,,1,Trial (Noise),u_subj4_f_supo_96.wav,Babble_113.wav,u,1,,6-A,noise,subj4,f,supo,96
783,1669953232170,02/12/2022 03:53:52,1669953231660,-6,01/12/2022 21:53:51,92237,21,task-bsko,,25622444,BLIND,7588880,,complete,,638974fc642773387b0fa186,mobile,Apple iPhone,iOS 15.6.1,Mobile Safari 15.6.1,414x896,800x364,,Audio Naming Task,26,Block 6-A,soundCheckPassed,6-A,6-A,185,156,2,Screen 1,Zone2,response_button_text,1641,,,u,1,1,0,0,,,,,1,Trial (Noise),u_subj4_f_supo_96.wav,Babble_113.wav,u,1,,6-A,noise,subj4,f,supo,96
784,1669953232392,02/12/2022 03:53:52,1669953232004,-6,01/12/2022 21:53:52,92237,21,task-bsko,,25622444,BLIND,7588880,,complete,,638974fc642773387b0fa186,mobile,Apple iPhone,iOS 15.6.1,Mobile Safari 15.6.1,414x896,800x364,,Audio Naming Task,26,Block 6-A,soundCheckPassed,6-A,6-A,163,157,1,Screen 2,fixation,fixation,367,,,,,0,1,0,,,,,1,Trial (Noise),u_subj29_m_supo_55.wav,Babble_184.wav,u,1,,6-A,noise,subj29,m,supo,55
785,1669953232392,02/12/2022 03:53:52,1669953232023,-6,01/12/2022 21:53:52,92237,21,task-bsko,,25622444,BLIND,7588880,,complete,,638974fc642773387b0fa186,mobile,Apple iPhone,iOS 15.6.1,Mobile Safari 15.6.1,414x896,800x364,,Audio Naming Task,26,Block 6-A,soundCheckPassed,6-A,6-A,163,157,2,Screen 1,Zone6,content_web_audio,3,,,AUDIO PLAY REQUESTED,1,0,1,0,,,,,1,Trial (Noise),u_subj29_m_supo_55.wav,Babble_184.wav,u,1,,6-A,noise,subj29,m,supo,55
786,1669953232392,02/12/2022 03:53:52,1669953232025,-6,01/12/2022 21:53:52,92237,21,task-bsko,,25622444,BLIND,7588880,,complete,,638974fc642773387b0fa186,mobile,Apple iPhone,iOS 15.6.1,Mobile Safari 15.6.1,414x896,800x364,,Audio Naming Task,26,Block 6-A,soundCheckPassed,6-A,6-A,163,157,2,Screen 1,Zone8,content_web_audio,4,,,AUDIO PLAY REQUESTED,1,0,1,0,,,,,1,Trial (Noise),u_subj29_m_supo_55.wav,Babble_184.wav,u,1,,6-A,noise,subj29,m,supo,55
787,1669953232392,02/12/2022 03:53:52,1669953232026,-6,01/12/2022 21:53:52,92237,21,task-bsko,,25622444,BLIND,7588880,,complete,,638974fc642773387b0fa186,mobile,Apple iPhone,iOS 15.6.1,Mobile Safari 15.6.1,414x896,800x364,,Audio Naming Task,26,Block 6-A,soundCheckPassed,6-A,6-A,163,157,2,Screen 1,Zone7,content_web_audio,5,,,AUDIO PLAY REQUESTED,1,0,1,0,,,,,1,Trial (Noise),u_subj29_m_supo_55.wav,Babble_184.wav,u,1,,6-A,noise,subj29,m,supo,55
788,1669953234008,02/12/2022 03:53:54,1669953233494,-6,01/12/2022 21:53:53,92237,21,task-bsko,,25622444,BLIND,7588880,,complete,,638974fc642773387b0fa186,mobile,Apple iPhone,iOS 15.6.1,Mobile Safari 15.6.1,414x896,800x364,,Audio Naming Task,26,Block 6-A,soundCheckPassed,6-A,6-A,163,157,2,Screen 1,Zone2,response_button_text,1473.0000000000582,,,u,1,1,0,0,,,,,1,Trial (Noise),u_subj29_m_supo_55.wav,Babble_184.wav,u,1,,6-A,noise,subj29,m,supo,55
789,1669953234257,02/12/2022 03:53:54,1669953233804,-6,01/12/2022 21:53:53,92237,21,task-bsko,,25622444,BLIND,7588880,,complete,,638974fc642773387b0fa186,mobile,Apple iPhone,iOS 15.6.1,Mobile Safari 15.6.1,414x896,800x364,,Audio Naming Task,26,Block 6-A,soundCheckPassed,6-A,6-A,192,158,1,Screen 2,fixation,fixation,334,,,,,0,1,0,,,,,1,Trial (Noise),u_subj38_f_puso_266.wav,Babble_004.wav,u,1,,6-A,noise,subj38,f,puso,266
790,1669953234257,02/12/2022 03:53:54,1669953233824,-6,01/12/2022 21:53:53,92237,21,task-bsko,,25622444,BLIND,7588880,,complete,,638974fc642773387b0fa186,mobile,Apple iPhone,iOS 15.6.1,Mobile Safari 15.6.1,414x896,800x364,,Audio Naming Task,26,Block 6-A,soundCheckPassed,6-A,6-A,192,158,2,Screen 1,Zone6,content_web_audio,2,,,AUDIO PLAY REQUESTED,1,0,1,0,,,,,1,Trial (Noise),u_subj38_f_puso_266.wav,Babble_004.wav,u,1,,6-A,noise,subj38,f,puso,266
791,1669953234257,02/12/2022 03:53:54,1669953233825,-6,01/12/2022 21:53:53,92237,21,task-bsko,,25622444,BLIND,7588880,,complete,,638974fc642773387b0fa186,mobile,Apple iPhone,iOS 15.6.1,Mobile Safari 15.6.1,414x896,800x364,,Audio Naming Task,26,Block 6-A,soundCheckPassed,6-A,6-A,192,158,2,Screen 1,Zone8,content_web_audio,4,,,AUDIO PLAY REQUESTED,1,0,1,0,,,,,1,Trial (Noise),u_subj38_f_puso_266.wav,Babble_004.wav,u,1,,6-A,noise,subj38,f,puso,266
792,1669953234257,02/12/2022 03:53:54,1669953233826,-6,01/12/2022 21:53:53,92237,21,task-bsko,,25622444,BLIND,7588880,,complete,,638974fc642773387b0fa186,mobile,Apple iPhone,iOS 15.6.1,Mobile Safari 15.6.1,414x896,800x364,,Audio Naming Task,26,Block 6-A,soundCheckPassed,6-A,6-A,192,158,2,Screen 1,Zone7,content_web_audio,4,,,AUDIO PLAY REQUESTED,1,0,1,0,,,,,1,Trial (Noise),u_subj38_f_puso_266.wav,Babble_004.wav,u,1,,6-A,noise,subj38,f,puso,266
793,1669953235373,02/12/2022 03:53:55,1669953234978,-6,01/12/2022 21:53:54,92237,21,task-bsko,,25622444,BLIND,7588880,,complete,,638974fc642773387b0fa186,mobile,Apple iPhone,iOS 15.6.1,Mobile Safari 15.6.1,414x896,800x364,,Audio Naming Task,26,Block 6-A,soundCheckPassed,6-A,6-A,192,158,2,Screen 1,Zone2,response_button_text,1155,,,u,1,1,0,0,,,,,1,Trial (Noise),u_subj38_f_puso_266.wav,Babble_004.wav,u,1,,6-A,noise,subj38,f,puso,266
794,1669953235847,02/12/2022 03:53:55,1669953235370,-6,01/12/2022 21:53:55,92237,21,task-bsko,,25622444,BLIND,7588880,,complete,,638974fc642773387b0fa186,mobile,Apple iPhone,iOS 15.6.1,Mobile Safari 15.6.1,414x896,800x364,,Audio Naming Task,26,Block 6-A,soundCheckPassed,6-A,6-A,155,159,1,Screen 2,fixation,fixation,400,,,,,0,1,0,,,,,1,Trial (Noise),o_subj72_m_toque_134.wav,Babble_089.wav,o,1,,6-A,noise,subj72,m,toque,134
795,1669953236274,02/12/2022 03:53:56,1669953235389,-6,01/12/2022 21:53:55,92237,21,task-bsko,,25622444,BLIND,7588880,,complete,,638974fc642773387b0fa186,mobile,Apple iPhone,iOS 15.6.1,Mobile Safari 15.6.1,414x896,800x364,,Audio Naming Task,26,Block 6-A,soundCheckPassed,6-A,6-A,155,159,2,Screen 1,Zone6,content_web_audio,1,,,AUDIO PLAY REQUESTED,1,0,1,0,,,,,1,Trial (Noise),o_subj72_m_toque_134.wav,Babble_089.wav,o,1,,6-A,noise,subj72,m,toque,134
796,1669953236274,02/12/2022 03:53:56,1669953235390,-6,01/12/2022 21:53:55,92237,21,task-bsko,,25622444,BLIND,7588880,,complete,,638974fc642773387b0fa186,mobile,Apple iPhone,iOS 15.6.1,Mobile Safari 15.6.1,414x896,800x364,,Audio Naming Task,26,Block 6-A,soundCheckPassed,6-A,6-A,155,159,2,Screen 1,Zone8,content_web_audio,2,,,AUDIO PLAY REQUESTED,1,0,1,0,,,,,1,Trial (Noise),o_subj72_m_toque_134.wav,Babble_089.wav,o,1,,6-A,noise,subj72,m,toque,134
797,1669953236274,02/12/2022 03:53:56,1669953235391,-6,01/12/2022 21:53:55,92237,21,task-bsko,,25622444,BLIND,7588880,,complete,,638974fc642773387b0fa186,mobile,Apple iPhone,iOS 15.6.1,Mobile Safari 15.6.1,414x896,800x364,,Audio Naming Task,26,Block 6-A,soundCheckPassed,6-A,6-A,155,159,2,Screen 1,Zone7,content_web_audio,3,,,AUDIO PLAY REQUESTED,1,0,1,0,,,,,1,Trial (Noise),o_subj72_m_toque_134.wav,Babble_089.wav,o,1,,6-A,noise,subj72,m,toque,134
798,1669953236981,02/12/2022 03:53:56,1669953236477,-6,01/12/2022 21:53:56,92237,21,task-bsko,,25622444,BLIND,7588880,,complete,,638974fc642773387b0fa186,mobile,Apple iPhone,iOS 15.6.1,Mobile Safari 15.6.1,414x896,800x364,,Audio Naming Task,26,Block 6-A,soundCheckPassed,6-A,6-A,155,159,2,Screen 1,Zone3,response_button_text,1089,,,o,1,1,0,0,,,,,1,Trial (Noise),o_subj72_m_toque_134.wav,Babble_089.wav,o,1,,6-A,noise,subj72,m,toque,134
799,1669953237193,02/12/2022 03:53:57,1669953236837,-6,01/12/2022 21:53:56,92237,21,task-bsko,,25622444,BLIND,7588880,,complete,,638974fc642773387b0fa186,mobile,Apple iPhone,iOS 15.6.1,Mobile Safari 15.6.1,414x896,800x364,,Audio Naming Task,26,Block 6-A,soundCheckPassed,6-A,6-A,93,160,1,Screen 2,fixation,fixation,367,,,,,0,1,0,,,,,1,Trial (Noise),i_subj36_f_pico_164.wav,Babble_078.wav,i,1,,6-A,noise,subj36,f,pico,164
800,1669953237193,02/12/2022 03:53:57,1669953236854,-6,01/12/2022 21:53:56,92237,21,task-bsko,,25622444,BLIND,7588880,,complete,,638974fc642773387b0fa186,mobile,Apple iPhone,iOS 15.6.1,Mobile Safari 15.6.1,414x896,800x364,,Audio Naming Task,26,Block 6-A,soundCheckPassed,6-A,6-A,93,160,2,Screen 1,Zone6,content_web_audio,2,,,AUDIO PLAY REQUESTED,1,0,1,0,,,,,1,Trial (Noise),i_subj36_f_pico_164.wav,Babble_078.wav,i,1,,6-A,noise,subj36,f,pico,164
801,1669953237193,02/12/2022 03:53:57,1669953236855,-6,01/12/2022 21:53:56,92237,21,task-bsko,,25622444,BLIND,7588880,,complete,,638974fc642773387b0fa186,mobile,Apple iPhone,iOS 15.6.1,Mobile Safari 15.6.1,414x896,800x364,,Audio Naming Task,26,Block 6-A,soundCheckPassed,6-A,6-A,93,160,2,Screen 1,Zone8,content_web_audio,2,,,AUDIO PLAY REQUESTED,1,0,1,0,,,,,1,Trial (Noise),i_subj36_f_pico_164.wav,Babble_078.wav,i,1,,6-A,noise,subj36,f,pico,164
802,1669953237193,02/12/2022 03:53:57,1669953236856,-6,01/12/2022 21:53:56,92237,21,task-bsko,,25622444,BLIND,7588880,,complete,,638974fc642773387b0fa186,mobile,Apple iPhone,iOS 15.6.1,Mobile Safari 15.6.1,414x896,800x364,,Audio Naming Task,26,Block 6-A,soundCheckPassed,6-A,6-A,93,160,2,Screen 1,Zone7,content_web_audio,3,,,AUDIO PLAY REQUESTED,1,0,1,0,,,,,1,Trial (Noise),i_subj36_f_pico_164.wav,Babble_078.wav,i,1,,6-A,noise,subj36,f,pico,164
803,1669953238310,02/12/2022 03:53:58,1669953237861,-6,01/12/2022 21:53:57,92237,21,task-bsko,,25622444,BLIND,7588880,,complete,,638974fc642773387b0fa186,mobile,Apple iPhone,iOS 15.6.1,Mobile Safari 15.6.1,414x896,800x364,,Audio Naming Task,26,Block 6-A,soundCheckPassed,6-A,6-A,93,160,2,Screen 1,Zone4,response_button_text,1007,,,i,1,1,0,0,,,,,1,Trial (Noise),i_subj36_f_pico_164.wav,Babble_078.wav,i,1,,6-A,noise,subj36,f,pico,164
804,1669953238525,02/12/2022 03:53:58,1669953238203,-6,01/12/2022 21:53:58,92237,21,task-bsko,,25622444,BLIND,7588880,,complete,,638974fc642773387b0fa186,mobile,Apple iPhone,iOS 15.6.1,Mobile Safari 15.6.1,414x896,800x364,,Audio Naming Task,26,Block 6-A,soundCheckPassed,6-A,6-A,14,161,1,Screen 2,fixation,fixation,366,,,,,0,1,0,,,,,1,Trial (Noise),a_subj16_f_vara_120.wav,Babble_052.wav,a,1,,6-A,noise,subj16,f,vara,120
805,1669953238525,02/12/2022 03:53:58,1669953238221,-6,01/12/2022 21:53:58,92237,21,task-bsko,,25622444,BLIND,7588880,,complete,,638974fc642773387b0fa186,mobile,Apple iPhone,iOS 15.6.1,Mobile Safari 15.6.1,414x896,800x364,,Audio Naming Task,26,Block 6-A,soundCheckPassed,6-A,6-A,14,161,2,Screen 1,Zone6,content_web_audio,2,,,AUDIO PLAY REQUESTED,1,0,1,0,,,,,1,Trial (Noise),a_subj16_f_vara_120.wav,Babble_052.wav,a,1,,6-A,noise,subj16,f,vara,120
806,1669953238525,02/12/2022 03:53:58,1669953238222,-6,01/12/2022 21:53:58,92237,21,task-bsko,,25622444,BLIND,7588880,,complete,,638974fc642773387b0fa186,mobile,Apple iPhone,iOS 15.6.1,Mobile Safari 15.6.1,414x896,800x364,,Audio Naming Task,26,Block 6-A,soundCheckPassed,6-A,6-A,14,161,2,Screen 1,Zone8,content_web_audio,3,,,AUDIO PLAY REQUESTED,1,0,1,0,,,,,1,Trial (Noise),a_subj16_f_vara_120.wav,Babble_052.wav,a,1,,6-A,noise,subj16,f,vara,120
807,1669953238525,02/12/2022 03:53:58,1669953238222,-6,01/12/2022 21:53:58,92237,21,task-bsko,,25622444,BLIND,7588880,,complete,,638974fc642773387b0fa186,mobile,Apple iPhone,iOS 15.6.1,Mobile Safari 15.6.1,414x896,800x364,,Audio Naming Task,26,Block 6-A,soundCheckPassed,6-A,6-A,14,161,2,Screen 1,Zone7,content_web_audio,4,,,AUDIO PLAY REQUESTED,1,0,1,0,,,,,1,Trial (Noise),a_subj16_f_vara_120.wav,Babble_052.wav,a,1,,6-A,noise,subj16,f,vara,120
808,1669953239876,02/12/2022 03:53:59,1669953239350,-6,01/12/2022 21:53:59,92237,21,task-bsko,,25622444,BLIND,7588880,,complete,,638974fc642773387b0fa186,mobile,Apple iPhone,iOS 15.6.1,Mobile Safari 15.6.1,414x896,800x364,,Audio Naming Task,26,Block 6-A,soundCheckPassed,6-A,6-A,14,161,2,Screen 1,Zone1,response_button_text,1130,,,a,1,1,0,0,,,,,1,Trial (Noise),a_subj16_f_vara_120.wav,Babble_052.wav,a,1,,6-A,noise,subj16,f,vara,120
809,1669953240088,02/12/2022 03:54:00,1669953239637,-6,01/12/2022 21:53:59,92237,21,task-bsko,,25622444,BLIND,7588880,,complete,,638974fc642773387b0fa186,mobile,Apple iPhone,iOS 15.6.1,Mobile Safari 15.6.1,414x896,800x364,,Audio Naming Task,26,Block 6-A,soundCheckPassed,6-A,6-A,134,162,1,Screen 2,fixation,fixation,334,,,,,0,1,0,,,,,1,Trial (Noise),o_subj50_f_bote_57.wav,Babble_057.wav,o,1,,6-A,noise,subj50,f,bote,57
810,1669953240088,02/12/2022 03:54:00,1669953239655,-6,01/12/2022 21:53:59,92237,21,task-bsko,,25622444,BLIND,7588880,,complete,,638974fc642773387b0fa186,mobile,Apple iPhone,iOS 15.6.1,Mobile Safari 15.6.1,414x896,800x364,,Audio Naming Task,26,Block 6-A,soundCheckPassed,6-A,6-A,134,162,2,Screen 1,Zone6,content_web_audio,2.0000000000582077,,,AUDIO PLAY REQUESTED,1,0,1,0,,,,,1,Trial (Noise),o_subj50_f_bote_57.wav,Babble_057.wav,o,1,,6-A,noise,subj50,f,bote,57
811,1669953240088,02/12/2022 03:54:00,1669953239656,-6,01/12/2022 21:53:59,92237,21,task-bsko,,25622444,BLIND,7588880,,complete,,638974fc642773387b0fa186,mobile,Apple iPhone,iOS 15.6.1,Mobile Safari 15.6.1,414x896,800x364,,Audio Naming Task,26,Block 6-A,soundCheckPassed,6-A,6-A,134,162,2,Screen 1,Zone8,content_web_audio,3,,,AUDIO PLAY REQUESTED,1,0,1,0,,,,,1,Trial (Noise),o_subj50_f_bote_57.wav,Babble_057.wav,o,1,,6-A,noise,subj50,f,bote,57
812,1669953240088,02/12/2022 03:54:00,1669953239657,-6,01/12/2022 21:53:59,92237,21,task-bsko,,25622444,BLIND,7588880,,complete,,638974fc642773387b0fa186,mobile,Apple iPhone,iOS 15.6.1,Mobile Safari 15.6.1,414x896,800x364,,Audio Naming Task,26,Block 6-A,soundCheckPassed,6-A,6-A,134,162,2,Screen 1,Zone7,content_web_audio,4,,,AUDIO PLAY REQUESTED,1,0,1,0,,,,,1,Trial (Noise),o_subj50_f_bote_57.wav,Babble_057.wav,o,1,,6-A,noise,subj50,f,bote,57
813,1669953241122,02/12/2022 03:54:01,1669953240760,-6,01/12/2022 21:54:00,92237,21,task-bsko,,25622444,BLIND,7588880,,complete,,638974fc642773387b0fa186,mobile,Apple iPhone,iOS 15.6.1,Mobile Safari 15.6.1,414x896,800x364,,Audio Naming Task,26,Block 6-A,soundCheckPassed,6-A,6-A,134,162,2,Screen 1,Zone3,response_button_text,1107,,,o,1,1,0,0,,,,,1,Trial (Noise),o_subj50_f_bote_57.wav,Babble_057.wav,o,1,,6-A,noise,subj50,f,bote,57
814,1669953241600,02/12/2022 03:54:01,1669953241103,-6,01/12/2022 21:54:01,92237,21,task-bsko,,25622444,BLIND,7588880,,complete,,638974fc642773387b0fa186,mobile,Apple iPhone,iOS 15.6.1,Mobile Safari 15.6.1,414x896,800x364,,Audio Naming Task,26,Block 6-A,soundCheckPassed,6-A,6-A,178,163,1,Screen 2,fixation,fixation,366,,,,,0,1,0,,,,,1,Trial (Noise),u_subj8_f_cura_111.wav,Babble_060.wav,u,1,,6-A,noise,subj8,f,cura,111
815,1669953242000,02/12/2022 03:54:02,1669953241125,-6,01/12/2022 21:54:01,92237,21,task-bsko,,25622444,BLIND,7588880,,complete,,638974fc642773387b0fa186,mobile,Apple iPhone,iOS 15.6.1,Mobile Safari 15.6.1,414x896,800x364,,Audio Naming Task,26,Block 6-A,soundCheckPassed,6-A,6-A,178,163,2,Screen 1,Zone6,content_web_audio,1,,,AUDIO PLAY REQUESTED,1,0,1,0,,,,,1,Trial (Noise),u_subj8_f_cura_111.wav,Babble_060.wav,u,1,,6-A,noise,subj8,f,cura,111
816,1669953242000,02/12/2022 03:54:02,1669953241126,-6,01/12/2022 21:54:01,92237,21,task-bsko,,25622444,BLIND,7588880,,complete,,638974fc642773387b0fa186,mobile,Apple iPhone,iOS 15.6.1,Mobile Safari 15.6.1,414x896,800x364,,Audio Naming Task,26,Block 6-A,soundCheckPassed,6-A,6-A,178,163,2,Screen 1,Zone8,content_web_audio,3,,,AUDIO PLAY REQUESTED,1,0,1,0,,,,,1,Trial (Noise),u_subj8_f_cura_111.wav,Babble_060.wav,u,1,,6-A,noise,subj8,f,cura,111
817,1669953242000,02/12/2022 03:54:02,1669953241127,-6,01/12/2022 21:54:01,92237,21,task-bsko,,25622444,BLIND,7588880,,complete,,638974fc642773387b0fa186,mobile,Apple iPhone,iOS 15.6.1,Mobile Safari 15.6.1,414x896,800x364,,Audio Naming Task,26,Block 6-A,soundCheckPassed,6-A,6-A,178,163,2,Screen 1,Zone7,content_web_audio,3,,,AUDIO PLAY REQUESTED,1,0,1,0,,,,,1,Trial (Noise),u_subj8_f_cura_111.wav,Babble_060.wav,u,1,,6-A,noise,subj8,f,cura,111
818,1669953243020,02/12/2022 03:54:03,1669953242493,-6,01/12/2022 21:54:02,92237,21,task-bsko,,25622444,BLIND,7588880,,complete,,638974fc642773387b0fa186,mobile,Apple iPhone,iOS 15.6.1,Mobile Safari 15.6.1,414x896,800x364,,Audio Naming Task,26,Block 6-A,soundCheckPassed,6-A,6-A,178,163,2,Screen 1,Zone2,response_button_text,1369,,,u,1,1,0,0,,,,,1,Trial (Noise),u_subj8_f_cura_111.wav,Babble_060.wav,u,1,,6-A,noise,subj8,f,cura,111
819,1669953243218,02/12/2022 03:54:03,1669953242837,-6,01/12/2022 21:54:02,92237,21,task-bsko,,25622444,BLIND,7588880,,complete,,638974fc642773387b0fa186,mobile,Apple iPhone,iOS 15.6.1,Mobile Safari 15.6.1,414x896,800x364,,Audio Naming Task,26,Block 6-A,soundCheckPassed,6-A,6-A,59,164,1,Screen 2,fixation,fixation,367,,,,,0,1,0,,,,,1,Trial (Noise),e_subj19_f_peca_216.wav,Babble_136.wav,e,1,,6-A,noise,subj19,f,peca,216
820,1669953243218,02/12/2022 03:54:03,1669953242854,-6,01/12/2022 21:54:02,92237,21,task-bsko,,25622444,BLIND,7588880,,complete,,638974fc642773387b0fa186,mobile,Apple iPhone,iOS 15.6.1,Mobile Safari 15.6.1,414x896,800x364,,Audio Naming Task,26,Block 6-A,soundCheckPassed,6-A,6-A,59,164,2,Screen 1,Zone6,content_web_audio,2,,,AUDIO PLAY REQUESTED,1,0,1,0,,,,,1,Trial (Noise),e_subj19_f_peca_216.wav,Babble_136.wav,e,1,,6-A,noise,subj19,f,peca,216
821,1669953243218,02/12/2022 03:54:03,1669953242855,-6,01/12/2022 21:54:02,92237,21,task-bsko,,25622444,BLIND,7588880,,complete,,638974fc642773387b0fa186,mobile,Apple iPhone,iOS 15.6.1,Mobile Safari 15.6.1,414x896,800x364,,Audio Naming Task,26,Block 6-A,soundCheckPassed,6-A,6-A,59,164,2,Screen 1,Zone8,content_web_audio,3,,,AUDIO PLAY REQUESTED,1,0,1,0,,,,,1,Trial (Noise),e_subj19_f_peca_216.wav,Babble_136.wav,e,1,,6-A,noise,subj19,f,peca,216
822,1669953243218,02/12/2022 03:54:03,1669953242856,-6,01/12/2022 21:54:02,92237,21,task-bsko,,25622444,BLIND,7588880,,complete,,638974fc642773387b0fa186,mobile,Apple iPhone,iOS 15.6.1,Mobile Safari 15.6.1,414x896,800x364,,Audio Naming Task,26,Block 6-A,soundCheckPassed,6-A,6-A,59,164,2,Screen 1,Zone7,content_web_audio,3,,,AUDIO PLAY REQUESTED,1,0,1,0,,,,,1,Trial (Noise),e_subj19_f_peca_216.wav,Babble_136.wav,e,1,,6-A,noise,subj19,f,peca,216
823,1669953244456,02/12/2022 03:54:04,1669953243995,-6,01/12/2022 21:54:03,92237,21,task-bsko,,25622444,BLIND,7588880,,complete,,638974fc642773387b0fa186,mobile,Apple iPhone,iOS 15.6.1,Mobile Safari 15.6.1,414x896,800x364,,Audio Naming Task,26,Block 6-A,soundCheckPassed,6-A,6-A,59,164,2,Screen 1,Zone5,response_button_text,1141.0000000000582,,,e,1,1,0,0,,,,,1,Trial (Noise),e_subj19_f_peca_216.wav,Babble_136.wav,e,1,,6-A,noise,subj19,f,peca,216
824,1669953244651,02/12/2022 03:54:04,1669953244336,-6,01/12/2022 21:54:04,92237,21,task-bsko,,25622444,BLIND,7588880,,complete,,638974fc642773387b0fa186,mobile,Apple iPhone,iOS 15.6.1,Mobile Safari 15.6.1,414x896,800x364,,Audio Naming Task,26,Block 6-A,soundCheckPassed,6-A,6-A,173,165,1,Screen 2,fixation,fixation,367,,,,,0,1,0,,,,,1,Trial (Noise),u_subj14_m_tusa_103.wav,Babble_187.wav,u,1,,6-A,noise,subj14,m,tusa,103
825,1669953244651,02/12/2022 03:54:04,1669953244355,-6,01/12/2022 21:54:04,92237,21,task-bsko,,25622444,BLIND,7588880,,complete,,638974fc642773387b0fa186,mobile,Apple iPhone,iOS 15.6.1,Mobile Safari 15.6.1,414x896,800x364,,Audio Naming Task,26,Block 6-A,soundCheckPassed,6-A,6-A,173,165,2,Screen 1,Zone6,content_web_audio,1,,,AUDIO PLAY REQUESTED,1,0,1,0,,,,,1,Trial (Noise),u_subj14_m_tusa_103.wav,Babble_187.wav,u,1,,6-A,noise,subj14,m,tusa,103
826,1669953244651,02/12/2022 03:54:04,1669953244356,-6,01/12/2022 21:54:04,92237,21,task-bsko,,25622444,BLIND,7588880,,complete,,638974fc642773387b0fa186,mobile,Apple iPhone,iOS 15.6.1,Mobile Safari 15.6.1,414x896,800x364,,Audio Naming Task,26,Block 6-A,soundCheckPassed,6-A,6-A,173,165,2,Screen 1,Zone8,content_web_audio,2,,,AUDIO PLAY REQUESTED,1,0,1,0,,,,,1,Trial (Noise),u_subj14_m_tusa_103.wav,Babble_187.wav,u,1,,6-A,noise,subj14,m,tusa,103
827,1669953244651,02/12/2022 03:54:04,1669953244357,-6,01/12/2022 21:54:04,92237,21,task-bsko,,25622444,BLIND,7588880,,complete,,638974fc642773387b0fa186,mobile,Apple iPhone,iOS 15.6.1,Mobile Safari 15.6.1,414x896,800x364,,Audio Naming Task,26,Block 6-A,soundCheckPassed,6-A,6-A,173,165,2,Screen 1,Zone7,content_web_audio,3.0000000000582077,,,AUDIO PLAY REQUESTED,1,0,1,0,,,,,1,Trial (Noise),u_subj14_m_tusa_103.wav,Babble_187.wav,u,1,,6-A,noise,subj14,m,tusa,103
828,1669953245994,02/12/2022 03:54:05,1669953245509,-6,01/12/2022 21:54:05,92237,21,task-bsko,,25622444,BLIND,7588880,,complete,,638974fc642773387b0fa186,mobile,Apple iPhone,iOS 15.6.1,Mobile Safari 15.6.1,414x896,800x364,,Audio Naming Task,26,Block 6-A,soundCheckPassed,6-A,6-A,173,165,2,Screen 1,Zone2,response_button_text,1155,,,u,1,1,0,0,,,,,1,Trial (Noise),u_subj14_m_tusa_103.wav,Babble_187.wav,u,1,,6-A,noise,subj14,m,tusa,103
829,1669953246219,02/12/2022 03:54:06,1669953245870,-6,01/12/2022 21:54:05,92237,21,task-bsko,,25622444,BLIND,7588880,,complete,,638974fc642773387b0fa186,mobile,Apple iPhone,iOS 15.6.1,Mobile Safari 15.6.1,414x896,800x364,,Audio Naming Task,26,Block 6-A,soundCheckPassed,6-A,6-A,165,166,1,Screen 2,fixation,fixation,367,,,,,0,1,0,,,,,1,Trial (Noise),u_subj15_m_cuco_131.wav,Babble_129.wav,u,1,,6-A,noise,subj15,m,cuco,131
830,1669953246219,02/12/2022 03:54:06,1669953245887,-6,01/12/2022 21:54:05,92237,21,task-bsko,,25622444,BLIND,7588880,,complete,,638974fc642773387b0fa186,mobile,Apple iPhone,iOS 15.6.1,Mobile Safari 15.6.1,414x896,800x364,,Audio Naming Task,26,Block 6-A,soundCheckPassed,6-A,6-A,165,166,2,Screen 1,Zone6,content_web_audio,2,,,AUDIO PLAY REQUESTED,1,0,1,0,,,,,1,Trial (Noise),u_subj15_m_cuco_131.wav,Babble_129.wav,u,1,,6-A,noise,subj15,m,cuco,131
831,1669953246219,02/12/2022 03:54:06,1669953245888,-6,01/12/2022 21:54:05,92237,21,task-bsko,,25622444,BLIND,7588880,,complete,,638974fc642773387b0fa186,mobile,Apple iPhone,iOS 15.6.1,Mobile Safari 15.6.1,414x896,800x364,,Audio Naming Task,26,Block 6-A,soundCheckPassed,6-A,6-A,165,166,2,Screen 1,Zone8,content_web_audio,3,,,AUDIO PLAY REQUESTED,1,0,1,0,,,,,1,Trial (Noise),u_subj15_m_cuco_131.wav,Babble_129.wav,u,1,,6-A,noise,subj15,m,cuco,131
832,1669953246219,02/12/2022 03:54:06,1669953245889,-6,01/12/2022 21:54:05,92237,21,task-bsko,,25622444,BLIND,7588880,,complete,,638974fc642773387b0fa186,mobile,Apple iPhone,iOS 15.6.1,Mobile Safari 15.6.1,414x896,800x364,,Audio Naming Task,26,Block 6-A,soundCheckPassed,6-A,6-A,165,166,2,Screen 1,Zone7,content_web_audio,3,,,AUDIO PLAY REQUESTED,1,0,1,0,,,,,1,Trial (Noise),u_subj15_m_cuco_131.wav,Babble_129.wav,u,1,,6-A,noise,subj15,m,cuco,131
833,1669953247727,02/12/2022 03:54:07,1669953247194,-6,01/12/2022 21:54:07,92237,21,task-bsko,,25622444,BLIND,7588880,,complete,,638974fc642773387b0fa186,mobile,Apple iPhone,iOS 15.6.1,Mobile Safari 15.6.1,414x896,800x364,,Audio Naming Task,26,Block 6-A,soundCheckPassed,6-A,6-A,165,166,2,Screen 1,Zone2,response_button_text,1308,,,u,1,1,0,0,,,,,1,Trial (Noise),u_subj15_m_cuco_131.wav,Babble_129.wav,u,1,,6-A,noise,subj15,m,cuco,131
834,1669953247946,02/12/2022 03:54:07,1669953247536,-6,01/12/2022 21:54:07,92237,21,task-bsko,,25622444,BLIND,7588880,,complete,,638974fc642773387b0fa186,mobile,Apple iPhone,iOS 15.6.1,Mobile Safari 15.6.1,414x896,800x364,,Audio Naming Task,26,Block 6-A,soundCheckPassed,6-A,6-A,33,167,1,Screen 2,fixation,fixation,366,,,,,0,1,0,,,,,1,Trial (Noise),a_subj1_m_para_268.wav,Babble_075.wav,a,1,,6-A,noise,subj1,m,para,268
835,1669953247946,02/12/2022 03:54:07,1669953247554,-6,01/12/2022 21:54:07,92237,21,task-bsko,,25622444,BLIND,7588880,,complete,,638974fc642773387b0fa186,mobile,Apple iPhone,iOS 15.6.1,Mobile Safari 15.6.1,414x896,800x364,,Audio Naming Task,26,Block 6-A,soundCheckPassed,6-A,6-A,33,167,2,Screen 1,Zone6,content_web_audio,2,,,AUDIO PLAY REQUESTED,1,0,1,0,,,,,1,Trial (Noise),a_subj1_m_para_268.wav,Babble_075.wav,a,1,,6-A,noise,subj1,m,para,268
836,1669953247946,02/12/2022 03:54:07,1669953247556,-6,01/12/2022 21:54:07,92237,21,task-bsko,,25622444,BLIND,7588880,,complete,,638974fc642773387b0fa186,mobile,Apple iPhone,iOS 15.6.1,Mobile Safari 15.6.1,414x896,800x364,,Audio Naming Task,26,Block 6-A,soundCheckPassed,6-A,6-A,33,167,2,Screen 1,Zone8,content_web_audio,3,,,AUDIO PLAY REQUESTED,1,0,1,0,,,,,1,Trial (Noise),a_subj1_m_para_268.wav,Babble_075.wav,a,1,,6-A,noise,subj1,m,para,268
837,1669953247946,02/12/2022 03:54:07,1669953247556,-6,01/12/2022 21:54:07,92237,21,task-bsko,,25622444,BLIND,7588880,,complete,,638974fc642773387b0fa186,mobile,Apple iPhone,iOS 15.6.1,Mobile Safari 15.6.1,414x896,800x364,,Audio Naming Task,26,Block 6-A,soundCheckPassed,6-A,6-A,33,167,2,Screen 1,Zone7,content_web_audio,4,,,AUDIO PLAY REQUESTED,1,0,1,0,,,,,1,Trial (Noise),a_subj1_m_para_268.wav,Babble_075.wav,a,1,,6-A,noise,subj1,m,para,268
838,1669953249617,02/12/2022 03:54:09,1669953249018,-6,01/12/2022 21:54:09,92237,21,task-bsko,,25622444,BLIND,7588880,,complete,,638974fc642773387b0fa186,mobile,Apple iPhone,iOS 15.6.1,Mobile Safari 15.6.1,414x896,800x364,,Audio Naming Task,26,Block 6-A,soundCheckPassed,6-A,6-A,33,167,2,Screen 1,Zone1,response_button_text,1465.0000000000582,,,a,1,1,0,0,,,,,1,Trial (Noise),a_subj1_m_para_268.wav,Babble_075.wav,a,1,,6-A,noise,subj1,m,para,268
839,1669953249820,02/12/2022 03:54:09,1669953249371,-6,01/12/2022 21:54:09,92237,21,task-bsko,,25622444,BLIND,7588880,,complete,,638974fc642773387b0fa186,mobile,Apple iPhone,iOS 15.6.1,Mobile Safari 15.6.1,414x896,800x364,,Audio Naming Task,26,Block 6-A,soundCheckPassed,6-A,6-A,5,168,1,Screen 2,fixation,fixation,368,,,,,0,1,0,,,,,1,Trial (Noise),a_subj4_f_vato_319.wav,Babble_083.wav,a,1,,6-A,noise,subj4,f,vato,319
840,1669953249820,02/12/2022 03:54:09,1669953249390,-6,01/12/2022 21:54:09,92237,21,task-bsko,,25622444,BLIND,7588880,,complete,,638974fc642773387b0fa186,mobile,Apple iPhone,iOS 15.6.1,Mobile Safari 15.6.1,414x896,800x364,,Audio Naming Task,26,Block 6-A,soundCheckPassed,6-A,6-A,5,168,2,Screen 1,Zone6,content_web_audio,2,,,AUDIO PLAY REQUESTED,1,0,1,0,,,,,1,Trial (Noise),a_subj4_f_vato_319.wav,Babble_083.wav,a,1,,6-A,noise,subj4,f,vato,319
841,1669953249820,02/12/2022 03:54:09,1669953249391,-6,01/12/2022 21:54:09,92237,21,task-bsko,,25622444,BLIND,7588880,,complete,,638974fc642773387b0fa186,mobile,Apple iPhone,iOS 15.6.1,Mobile Safari 15.6.1,414x896,800x364,,Audio Naming Task,26,Block 6-A,soundCheckPassed,6-A,6-A,5,168,2,Screen 1,Zone8,content_web_audio,3,,,AUDIO PLAY REQUESTED,1,0,1,0,,,,,1,Trial (Noise),a_subj4_f_vato_319.wav,Babble_083.wav,a,1,,6-A,noise,subj4,f,vato,319
842,1669953249820,02/12/2022 03:54:09,1669953249392,-6,01/12/2022 21:54:09,92237,21,task-bsko,,25622444,BLIND,7588880,,complete,,638974fc642773387b0fa186,mobile,Apple iPhone,iOS 15.6.1,Mobile Safari 15.6.1,414x896,800x364,,Audio Naming Task,26,Block 6-A,soundCheckPassed,6-A,6-A,5,168,2,Screen 1,Zone7,content_web_audio,4.000000000058208,,,AUDIO PLAY REQUESTED,1,0,1,0,,,,,1,Trial (Noise),a_subj4_f_vato_319.wav,Babble_083.wav,a,1,,6-A,noise,subj4,f,vato,319
843,1669953251097,02/12/2022 03:54:11,1669953250643,-6,01/12/2022 21:54:10,92237,21,task-bsko,,25622444,BLIND,7588880,,complete,,638974fc642773387b0fa186,mobile,Apple iPhone,iOS 15.6.1,Mobile Safari 15.6.1,414x896,800x364,,Audio Naming Task,26,Block 6-A,soundCheckPassed,6-A,6-A,5,168,2,Screen 1,Zone1,response_button_text,1254.0000000000582,,,a,1,1,0,0,,,,,1,Trial (Noise),a_subj4_f_vato_319.wav,Babble_083.wav,a,1,,6-A,noise,subj4,f,vato,319
844,1669953251492,02/12/2022 03:54:11,1669953251036,-6,01/12/2022 21:54:11,92237,21,task-bsko,,25622444,BLIND,7588880,,complete,,638974fc642773387b0fa186,mobile,Apple iPhone,iOS 15.6.1,Mobile Safari 15.6.1,414x896,800x364,,Audio Naming Task,26,Block 6-A,soundCheckPassed,6-A,6-A,37,169,1,Screen 2,fixation,fixation,400,,,,,0,1,0,,,,,1,Trial (Noise),a_subj1_m_pate_73.wav,Babble_049.wav,a,1,,6-A,noise,subj1,m,pate,73
845,1669953251873,02/12/2022 03:54:11,1669953251055,-6,01/12/2022 21:54:11,92237,21,task-bsko,,25622444,BLIND,7588880,,complete,,638974fc642773387b0fa186,mobile,Apple iPhone,iOS 15.6.1,Mobile Safari 15.6.1,414x896,800x364,,Audio Naming Task,26,Block 6-A,soundCheckPassed,6-A,6-A,37,169,2,Screen 1,Zone6,content_web_audio,1.9999999999417923,,,AUDIO PLAY REQUESTED,1,0,1,0,,,,,1,Trial (Noise),a_subj1_m_pate_73.wav,Babble_049.wav,a,1,,6-A,noise,subj1,m,pate,73
846,1669953251873,02/12/2022 03:54:11,1669953251056,-6,01/12/2022 21:54:11,92237,21,task-bsko,,25622444,BLIND,7588880,,complete,,638974fc642773387b0fa186,mobile,Apple iPhone,iOS 15.6.1,Mobile Safari 15.6.1,414x896,800x364,,Audio Naming Task,26,Block 6-A,soundCheckPassed,6-A,6-A,37,169,2,Screen 1,Zone8,content_web_audio,2.9999999999417923,,,AUDIO PLAY REQUESTED,1,0,1,0,,,,,1,Trial (Noise),a_subj1_m_pate_73.wav,Babble_049.wav,a,1,,6-A,noise,subj1,m,pate,73
847,1669953251873,02/12/2022 03:54:11,1669953251057,-6,01/12/2022 21:54:11,92237,21,task-bsko,,25622444,BLIND,7588880,,complete,,638974fc642773387b0fa186,mobile,Apple iPhone,iOS 15.6.1,Mobile Safari 15.6.1,414x896,800x364,,Audio Naming Task,26,Block 6-A,soundCheckPassed,6-A,6-A,37,169,2,Screen 1,Zone7,content_web_audio,3.9999999999417923,,,AUDIO PLAY REQUESTED,1,0,1,0,,,,,1,Trial (Noise),a_subj1_m_pate_73.wav,Babble_049.wav,a,1,,6-A,noise,subj1,m,pate,73
848,1669953252571,02/12/2022 03:54:12,1669953252093,-6,01/12/2022 21:54:12,92237,21,task-bsko,,25622444,BLIND,7588880,,complete,,638974fc642773387b0fa186,mobile,Apple iPhone,iOS 15.6.1,Mobile Safari 15.6.1,414x896,800x364,,Audio Naming Task,26,Block 6-A,soundCheckPassed,6-A,6-A,37,169,2,Screen 1,Zone1,response_button_text,1037.9999999999418,,,a,1,1,0,0,,,,,1,Trial (Noise),a_subj1_m_pate_73.wav,Babble_049.wav,a,1,,6-A,noise,subj1,m,pate,73
849,1669953252958,02/12/2022 03:54:12,1669953252403,-6,01/12/2022 21:54:12,92237,21,task-bsko,,25622444,BLIND,7588880,,complete,,638974fc642773387b0fa186,mobile,Apple iPhone,iOS 15.6.1,Mobile Safari 15.6.1,414x896,800x364,,Audio Naming Task,26,Block 6-A,soundCheckPassed,6-A,6-A,101,170,1,Screen 2,fixation,fixation,334,,,,,0,1,0,,,,,1,Trial (Noise),i_subj8_f_quite_200.wav,Babble_083.wav,i,1,,6-A,noise,subj8,f,quite,200
850,1669953252958,02/12/2022 03:54:12,1669953252420,-6,01/12/2022 21:54:12,92237,21,task-bsko,,25622444,BLIND,7588880,,complete,,638974fc642773387b0fa186,mobile,Apple iPhone,iOS 15.6.1,Mobile Safari 15.6.1,414x896,800x364,,Audio Naming Task,26,Block 6-A,soundCheckPassed,6-A,6-A,101,170,2,Screen 1,Zone6,content_web_audio,2,,,AUDIO PLAY REQUESTED,1,0,1,0,,,,,1,Trial (Noise),i_subj8_f_quite_200.wav,Babble_083.wav,i,1,,6-A,noise,subj8,f,quite,200
851,1669953252958,02/12/2022 03:54:12,1669953252421,-6,01/12/2022 21:54:12,92237,21,task-bsko,,25622444,BLIND,7588880,,complete,,638974fc642773387b0fa186,mobile,Apple iPhone,iOS 15.6.1,Mobile Safari 15.6.1,414x896,800x364,,Audio Naming Task,26,Block 6-A,soundCheckPassed,6-A,6-A,101,170,2,Screen 1,Zone8,content_web_audio,3,,,AUDIO PLAY REQUESTED,1,0,1,0,,,,,1,Trial (Noise),i_subj8_f_quite_200.wav,Babble_083.wav,i,1,,6-A,noise,subj8,f,quite,200
852,1669953252958,02/12/2022 03:54:12,1669953252422,-6,01/12/2022 21:54:12,92237,21,task-bsko,,25622444,BLIND,7588880,,complete,,638974fc642773387b0fa186,mobile,Apple iPhone,iOS 15.6.1,Mobile Safari 15.6.1,414x896,800x364,,Audio Naming Task,26,Block 6-A,soundCheckPassed,6-A,6-A,101,170,2,Screen 1,Zone7,content_web_audio,4,,,AUDIO PLAY REQUESTED,1,0,1,0,,,,,1,Trial (Noise),i_subj8_f_quite_200.wav,Babble_083.wav,i,1,,6-A,noise,subj8,f,quite,200
853,1669953253924,02/12/2022 03:54:13,1669953253576,-6,01/12/2022 21:54:13,92237,21,task-bsko,,25622444,BLIND,7588880,,complete,,638974fc642773387b0fa186,mobile,Apple iPhone,iOS 15.6.1,Mobile Safari 15.6.1,414x896,800x364,,Audio Naming Task,26,Block 6-A,soundCheckPassed,6-A,6-A,101,170,2,Screen 1,Zone4,response_button_text,1157,,,i,1,1,0,0,,,,,1,Trial (Noise),i_subj8_f_quite_200.wav,Babble_083.wav,i,1,,6-A,noise,subj8,f,quite,200
854,1669953254376,02/12/2022 03:54:14,1669953253902,-6,01/12/2022 21:54:13,92237,21,task-bsko,,25622444,BLIND,7588880,,complete,,638974fc642773387b0fa186,mobile,Apple iPhone,iOS 15.6.1,Mobile Safari 15.6.1,414x896,800x364,,Audio Naming Task,26,Block 6-A,soundCheckPassed,6-A,6-A,179,171,1,Screen 2,fixation,fixation,334,,,,,0,1,0,,,,,1,Trial (Noise),u_subj41_f_supo_81.wav,Babble_168.wav,u,1,,6-A,noise,subj41,f,supo,81
855,1669953254772,02/12/2022 03:54:14,1669953253923,-6,01/12/2022 21:54:13,92237,21,task-bsko,,25622444,BLIND,7588880,,complete,,638974fc642773387b0fa186,mobile,Apple iPhone,iOS 15.6.1,Mobile Safari 15.6.1,414x896,800x364,,Audio Naming Task,26,Block 6-A,soundCheckPassed,6-A,6-A,179,171,2,Screen 1,Zone6,content_web_audio,1,,,AUDIO PLAY REQUESTED,1,0,1,0,,,,,1,Trial (Noise),u_subj41_f_supo_81.wav,Babble_168.wav,u,1,,6-A,noise,subj41,f,supo,81
856,1669953254772,02/12/2022 03:54:14,1669953253924,-6,01/12/2022 21:54:13,92237,21,task-bsko,,25622444,BLIND,7588880,,complete,,638974fc642773387b0fa186,mobile,Apple iPhone,iOS 15.6.1,Mobile Safari 15.6.1,414x896,800x364,,Audio Naming Task,26,Block 6-A,soundCheckPassed,6-A,6-A,179,171,2,Screen 1,Zone8,content_web_audio,3,,,AUDIO PLAY REQUESTED,1,0,1,0,,,,,1,Trial (Noise),u_subj41_f_supo_81.wav,Babble_168.wav,u,1,,6-A,noise,subj41,f,supo,81
857,1669953254772,02/12/2022 03:54:14,1669953253924,-6,01/12/2022 21:54:13,92237,21,task-bsko,,25622444,BLIND,7588880,,complete,,638974fc642773387b0fa186,mobile,Apple iPhone,iOS 15.6.1,Mobile Safari 15.6.1,414x896,800x364,,Audio Naming Task,26,Block 6-A,soundCheckPassed,6-A,6-A,179,171,2,Screen 1,Zone7,content_web_audio,3,,,AUDIO PLAY REQUESTED,1,0,1,0,,,,,1,Trial (Noise),u_subj41_f_supo_81.wav,Babble_168.wav,u,1,,6-A,noise,subj41,f,supo,81
858,1669953255593,02/12/2022 03:54:15,1669953255126,-6,01/12/2022 21:54:15,92237,21,task-bsko,,25622444,BLIND,7588880,,complete,,638974fc642773387b0fa186,mobile,Apple iPhone,iOS 15.6.1,Mobile Safari 15.6.1,414x896,800x364,,Audio Naming Task,26,Block 6-A,soundCheckPassed,6-A,6-A,179,171,2,Screen 1,Zone2,response_button_text,1204,,,u,1,1,0,0,,,,,1,Trial (Noise),u_subj41_f_supo_81.wav,Babble_168.wav,u,1,,6-A,noise,subj41,f,supo,81
859,1669953255905,02/12/2022 03:54:15,1669953255469,-6,01/12/2022 21:54:15,92237,21,task-bsko,,25622444,BLIND,7588880,,complete,,638974fc642773387b0fa186,mobile,Apple iPhone,iOS 15.6.1,Mobile Safari 15.6.1,414x896,800x364,,Audio Naming Task,26,Block 6-A,soundCheckPassed,6-A,6-A,12,172,1,Screen 2,fixation,fixation,366,,,,,0,1,0,,,,,1,Trial (Noise),a_subj4_f_paso_67.wav,Babble_082.wav,a,1,,6-A,noise,subj4,f,paso,67
860,1669953255905,02/12/2022 03:54:15,1669953255486,-6,01/12/2022 21:54:15,92237,21,task-bsko,,25622444,BLIND,7588880,,complete,,638974fc642773387b0fa186,mobile,Apple iPhone,iOS 15.6.1,Mobile Safari 15.6.1,414x896,800x364,,Audio Naming Task,26,Block 6-A,soundCheckPassed,6-A,6-A,12,172,2,Screen 1,Zone6,content_web_audio,2,,,AUDIO PLAY REQUESTED,1,0,1,0,,,,,1,Trial (Noise),a_subj4_f_paso_67.wav,Babble_082.wav,a,1,,6-A,noise,subj4,f,paso,67
861,1669953255905,02/12/2022 03:54:15,1669953255487,-6,01/12/2022 21:54:15,92237,21,task-bsko,,25622444,BLIND,7588880,,complete,,638974fc642773387b0fa186,mobile,Apple iPhone,iOS 15.6.1,Mobile Safari 15.6.1,414x896,800x364,,Audio Naming Task,26,Block 6-A,soundCheckPassed,6-A,6-A,12,172,2,Screen 1,Zone8,content_web_audio,3,,,AUDIO PLAY REQUESTED,1,0,1,0,,,,,1,Trial (Noise),a_subj4_f_paso_67.wav,Babble_082.wav,a,1,,6-A,noise,subj4,f,paso,67
862,1669953255905,02/12/2022 03:54:15,1669953255488,-6,01/12/2022 21:54:15,92237,21,task-bsko,,25622444,BLIND,7588880,,complete,,638974fc642773387b0fa186,mobile,Apple iPhone,iOS 15.6.1,Mobile Safari 15.6.1,414x896,800x364,,Audio Naming Task,26,Block 6-A,soundCheckPassed,6-A,6-A,12,172,2,Screen 1,Zone7,content_web_audio,3,,,AUDIO PLAY REQUESTED,1,0,1,0,,,,,1,Trial (Noise),a_subj4_f_paso_67.wav,Babble_082.wav,a,1,,6-A,noise,subj4,f,paso,67
863,1669953256936,02/12/2022 03:54:16,1669953256651,-6,01/12/2022 21:54:16,92237,21,task-bsko,,25622444,BLIND,7588880,,complete,,638974fc642773387b0fa186,mobile,Apple iPhone,iOS 15.6.1,Mobile Safari 15.6.1,414x896,800x364,,Audio Naming Task,26,Block 6-A,soundCheckPassed,6-A,6-A,12,172,2,Screen 1,Zone1,response_button_text,1166,,,a,1,1,0,0,,,,,1,Trial (Noise),a_subj4_f_paso_67.wav,Babble_082.wav,a,1,,6-A,noise,subj4,f,paso,67
864,1669953257472,02/12/2022 03:54:17,1669953257002,-6,01/12/2022 21:54:17,92237,21,task-bsko,,25622444,BLIND,7588880,,complete,,638974fc642773387b0fa186,mobile,Apple iPhone,iOS 15.6.1,Mobile Safari 15.6.1,414x896,800x364,,Audio Naming Task,26,Block 6-A,soundCheckPassed,6-A,6-A,159,173,1,Screen 2,fixation,fixation,367,,,,,0,1,0,,,,,1,Trial (Noise),u_subj15_m_pura_213.wav,Babble_118.wav,u,1,,6-A,noise,subj15,m,pura,213
865,1669953257850,02/12/2022 03:54:17,1669953257022,-6,01/12/2022 21:54:17,92237,21,task-bsko,,25622444,BLIND,7588880,,complete,,638974fc642773387b0fa186,mobile,Apple iPhone,iOS 15.6.1,Mobile Safari 15.6.1,414x896,800x364,,Audio Naming Task,26,Block 6-A,soundCheckPassed,6-A,6-A,159,173,2,Screen 1,Zone6,content_web_audio,2,,,AUDIO PLAY REQUESTED,1,0,1,0,,,,,1,Trial (Noise),u_subj15_m_pura_213.wav,Babble_118.wav,u,1,,6-A,noise,subj15,m,pura,213
866,1669953257850,02/12/2022 03:54:17,1669953257023,-6,01/12/2022 21:54:17,92237,21,task-bsko,,25622444,BLIND,7588880,,complete,,638974fc642773387b0fa186,mobile,Apple iPhone,iOS 15.6.1,Mobile Safari 15.6.1,414x896,800x364,,Audio Naming Task,26,Block 6-A,soundCheckPassed,6-A,6-A,159,173,2,Screen 1,Zone8,content_web_audio,3,,,AUDIO PLAY REQUESTED,1,0,1,0,,,,,1,Trial (Noise),u_subj15_m_pura_213.wav,Babble_118.wav,u,1,,6-A,noise,subj15,m,pura,213
867,1669953257850,02/12/2022 03:54:17,1669953257023,-6,01/12/2022 21:54:17,92237,21,task-bsko,,25622444,BLIND,7588880,,complete,,638974fc642773387b0fa186,mobile,Apple iPhone,iOS 15.6.1,Mobile Safari 15.6.1,414x896,800x364,,Audio Naming Task,26,Block 6-A,soundCheckPassed,6-A,6-A,159,173,2,Screen 1,Zone7,content_web_audio,3,,,AUDIO PLAY REQUESTED,1,0,1,0,,,,,1,Trial (Noise),u_subj15_m_pura_213.wav,Babble_118.wav,u,1,,6-A,noise,subj15,m,pura,213
868,1669953260013,02/12/2022 03:54:20,1669953259468,-6,01/12/2022 21:54:19,92237,21,task-bsko,,25622444,BLIND,7588880,,complete,,638974fc642773387b0fa186,mobile,Apple iPhone,iOS 15.6.1,Mobile Safari 15.6.1,414x896,800x364,,Audio Naming Task,26,Block 6-A,soundCheckPassed,6-A,6-A,159,173,2,Screen 1,Zone2,response_button_text,2447,,,u,1,1,0,0,,,,,1,Trial (Noise),u_subj15_m_pura_213.wav,Babble_118.wav,u,1,,6-A,noise,subj15,m,pura,213
869,1669953260219,02/12/2022 03:54:20,1669953259802,-6,01/12/2022 21:54:19,92237,21,task-bsko,,25622444,BLIND,7588880,,complete,,638974fc642773387b0fa186,mobile,Apple iPhone,iOS 15.6.1,Mobile Safari 15.6.1,414x896,800x364,,Audio Naming Task,26,Block 6-A,soundCheckPassed,6-A,6-A,182,174,1,Screen 2,fixation,fixation,367,,,,,0,1,0,,,,,1,Trial (Noise),u_subj4_f_tusa_92.wav,Babble_080.wav,u,1,,6-A,noise,subj4,f,tusa,92
870,1669953260219,02/12/2022 03:54:20,1669953259820,-6,01/12/2022 21:54:19,92237,21,task-bsko,,25622444,BLIND,7588880,,complete,,638974fc642773387b0fa186,mobile,Apple iPhone,iOS 15.6.1,Mobile Safari 15.6.1,414x896,800x364,,Audio Naming Task,26,Block 6-A,soundCheckPassed,6-A,6-A,182,174,2,Screen 1,Zone6,content_web_audio,1,,,AUDIO PLAY REQUESTED,1,0,1,0,,,,,1,Trial (Noise),u_subj4_f_tusa_92.wav,Babble_080.wav,u,1,,6-A,noise,subj4,f,tusa,92
871,1669953260219,02/12/2022 03:54:20,1669953259821,-6,01/12/2022 21:54:19,92237,21,task-bsko,,25622444,BLIND,7588880,,complete,,638974fc642773387b0fa186,mobile,Apple iPhone,iOS 15.6.1,Mobile Safari 15.6.1,414x896,800x364,,Audio Naming Task,26,Block 6-A,soundCheckPassed,6-A,6-A,182,174,2,Screen 1,Zone8,content_web_audio,2,,,AUDIO PLAY REQUESTED,1,0,1,0,,,,,1,Trial (Noise),u_subj4_f_tusa_92.wav,Babble_080.wav,u,1,,6-A,noise,subj4,f,tusa,92
872,1669953260219,02/12/2022 03:54:20,1669953259822,-6,01/12/2022 21:54:19,92237,21,task-bsko,,25622444,BLIND,7588880,,complete,,638974fc642773387b0fa186,mobile,Apple iPhone,iOS 15.6.1,Mobile Safari 15.6.1,414x896,800x364,,Audio Naming Task,26,Block 6-A,soundCheckPassed,6-A,6-A,182,174,2,Screen 1,Zone7,content_web_audio,3,,,AUDIO PLAY REQUESTED,1,0,1,0,,,,,1,Trial (Noise),u_subj4_f_tusa_92.wav,Babble_080.wav,u,1,,6-A,noise,subj4,f,tusa,92
873,1669953261322,02/12/2022 03:54:21,1669953261034,-6,01/12/2022 21:54:21,92237,21,task-bsko,,25622444,BLIND,7588880,,complete,,638974fc642773387b0fa186,mobile,Apple iPhone,iOS 15.6.1,Mobile Safari 15.6.1,414x896,800x364,,Audio Naming Task,26,Block 6-A,soundCheckPassed,6-A,6-A,182,174,2,Screen 1,Zone5,response_button_text,1214,,,e,1,0,1,0,,,,,1,Trial (Noise),u_subj4_f_tusa_92.wav,Babble_080.wav,u,1,,6-A,noise,subj4,f,tusa,92
874,1669953261795,02/12/2022 03:54:21,1669953261335,-6,01/12/2022 21:54:21,92237,21,task-bsko,,25622444,BLIND,7588880,,complete,,638974fc642773387b0fa186,mobile,Apple iPhone,iOS 15.6.1,Mobile Safari 15.6.1,414x896,800x364,,Audio Naming Task,26,Block 6-A,soundCheckPassed,6-A,6-A,124,175,1,Screen 2,fixation,fixation,334,,,,,0,1,0,,,,,1,Trial (Noise),o_subj34_f_cosa_347.wav,Babble_183.wav,o,1,,6-A,noise,subj34,f,cosa,347
875,1669953262159,02/12/2022 03:54:22,1669953261355,-6,01/12/2022 21:54:21,92237,21,task-bsko,,25622444,BLIND,7588880,,complete,,638974fc642773387b0fa186,mobile,Apple iPhone,iOS 15.6.1,Mobile Safari 15.6.1,414x896,800x364,,Audio Naming Task,26,Block 6-A,soundCheckPassed,6-A,6-A,124,175,2,Screen 1,Zone6,content_web_audio,2,,,AUDIO PLAY REQUESTED,1,0,1,0,,,,,1,Trial (Noise),o_subj34_f_cosa_347.wav,Babble_183.wav,o,1,,6-A,noise,subj34,f,cosa,347
876,1669953262159,02/12/2022 03:54:22,1669953261356,-6,01/12/2022 21:54:21,92237,21,task-bsko,,25622444,BLIND,7588880,,complete,,638974fc642773387b0fa186,mobile,Apple iPhone,iOS 15.6.1,Mobile Safari 15.6.1,414x896,800x364,,Audio Naming Task,26,Block 6-A,soundCheckPassed,6-A,6-A,124,175,2,Screen 1,Zone8,content_web_audio,3.0000000000582077,,,AUDIO PLAY REQUESTED,1,0,1,0,,,,,1,Trial (Noise),o_subj34_f_cosa_347.wav,Babble_183.wav,o,1,,6-A,noise,subj34,f,cosa,347
877,1669953262159,02/12/2022 03:54:22,1669953261357,-6,01/12/2022 21:54:21,92237,21,task-bsko,,25622444,BLIND,7588880,,complete,,638974fc642773387b0fa186,mobile,Apple iPhone,iOS 15.6.1,Mobile Safari 15.6.1,414x896,800x364,,Audio Naming Task,26,Block 6-A,soundCheckPassed,6-A,6-A,124,175,2,Screen 1,Zone7,content_web_audio,4,,,AUDIO PLAY REQUESTED,1,0,1,0,,,,,1,Trial (Noise),o_subj34_f_cosa_347.wav,Babble_183.wav,o,1,,6-A,noise,subj34,f,cosa,347
878,1669953263024,02/12/2022 03:54:23,1669953262542,-6,01/12/2022 21:54:22,92237,21,task-bsko,,25622444,BLIND,7588880,,complete,,638974fc642773387b0fa186,mobile,Apple iPhone,iOS 15.6.1,Mobile Safari 15.6.1,414x896,800x364,,Audio Naming Task,26,Block 6-A,soundCheckPassed,6-A,6-A,124,175,2,Screen 1,Zone3,response_button_text,1188.0000000000582,,,o,1,1,0,0,,,,,1,Trial (Noise),o_subj34_f_cosa_347.wav,Babble_183.wav,o,1,,6-A,noise,subj34,f,cosa,347
879,1669953263344,02/12/2022 03:54:23,1669953262902,-6,01/12/2022 21:54:22,92237,21,task-bsko,,25622444,BLIND,7588880,,complete,,638974fc642773387b0fa186,mobile,Apple iPhone,iOS 15.6.1,Mobile Safari 15.6.1,414x896,800x364,,Audio Naming Task,26,Block 6-A,soundCheckPassed,6-A,6-A,7,176,1,Screen 2,fixation,fixation,366,,,,,0,1,0,,,,,1,Trial (Noise),a_subj42_f_vate_306.wav,Babble_119.wav,a,1,,6-A,noise,subj42,f,vate,306
880,1669953263344,02/12/2022 03:54:23,1669953262919,-6,01/12/2022 21:54:22,92237,21,task-bsko,,25622444,BLIND,7588880,,complete,,638974fc642773387b0fa186,mobile,Apple iPhone,iOS 15.6.1,Mobile Safari 15.6.1,414x896,800x364,,Audio Naming Task,26,Block 6-A,soundCheckPassed,6-A,6-A,7,176,2,Screen 1,Zone6,content_web_audio,2,,,AUDIO PLAY REQUESTED,1,0,1,0,,,,,1,Trial (Noise),a_subj42_f_vate_306.wav,Babble_119.wav,a,1,,6-A,noise,subj42,f,vate,306
881,1669953263344,02/12/2022 03:54:23,1669953262920,-6,01/12/2022 21:54:22,92237,21,task-bsko,,25622444,BLIND,7588880,,complete,,638974fc642773387b0fa186,mobile,Apple iPhone,iOS 15.6.1,Mobile Safari 15.6.1,414x896,800x364,,Audio Naming Task,26,Block 6-A,soundCheckPassed,6-A,6-A,7,176,2,Screen 1,Zone8,content_web_audio,3,,,AUDIO PLAY REQUESTED,1,0,1,0,,,,,1,Trial (Noise),a_subj42_f_vate_306.wav,Babble_119.wav,a,1,,6-A,noise,subj42,f,vate,306
882,1669953263344,02/12/2022 03:54:23,1669953262921,-6,01/12/2022 21:54:22,92237,21,task-bsko,,25622444,BLIND,7588880,,complete,,638974fc642773387b0fa186,mobile,Apple iPhone,iOS 15.6.1,Mobile Safari 15.6.1,414x896,800x364,,Audio Naming Task,26,Block 6-A,soundCheckPassed,6-A,6-A,7,176,2,Screen 1,Zone7,content_web_audio,4,,,AUDIO PLAY REQUESTED,1,0,1,0,,,,,1,Trial (Noise),a_subj42_f_vate_306.wav,Babble_119.wav,a,1,,6-A,noise,subj42,f,vate,306
883,1669953264747,02/12/2022 03:54:24,1669953264276,-6,01/12/2022 21:54:24,92237,21,task-bsko,,25622444,BLIND,7588880,,complete,,638974fc642773387b0fa186,mobile,Apple iPhone,iOS 15.6.1,Mobile Safari 15.6.1,414x896,800x364,,Audio Naming Task,26,Block 6-A,soundCheckPassed,6-A,6-A,7,176,2,Screen 1,Zone1,response_button_text,1358,,,a,1,1,0,0,,,,,1,Trial (Noise),a_subj42_f_vate_306.wav,Babble_119.wav,a,1,,6-A,noise,subj42,f,vate,306
884,1669953264969,02/12/2022 03:54:24,1669953264635,-6,01/12/2022 21:54:24,92237,21,task-bsko,,25622444,BLIND,7588880,,complete,,638974fc642773387b0fa186,mobile,Apple iPhone,iOS 15.6.1,Mobile Safari 15.6.1,414x896,800x364,,Audio Naming Task,26,Block 6-A,soundCheckPassed,6-A,6-A,110,177,1,Screen 2,fixation,fixation,367,,,,,0,1,0,,,,,1,Trial (Noise),i_subj77_m_quito_270.wav,Babble_129.wav,i,1,,6-A,noise,subj77,m,quito,270
885,1669953264969,02/12/2022 03:54:24,1669953264653,-6,01/12/2022 21:54:24,92237,21,task-bsko,,25622444,BLIND,7588880,,complete,,638974fc642773387b0fa186,mobile,Apple iPhone,iOS 15.6.1,Mobile Safari 15.6.1,414x896,800x364,,Audio Naming Task,26,Block 6-A,soundCheckPassed,6-A,6-A,110,177,2,Screen 1,Zone6,content_web_audio,2,,,AUDIO PLAY REQUESTED,1,0,1,0,,,,,1,Trial (Noise),i_subj77_m_quito_270.wav,Babble_129.wav,i,1,,6-A,noise,subj77,m,quito,270
886,1669953264969,02/12/2022 03:54:24,1669953264654,-6,01/12/2022 21:54:24,92237,21,task-bsko,,25622444,BLIND,7588880,,complete,,638974fc642773387b0fa186,mobile,Apple iPhone,iOS 15.6.1,Mobile Safari 15.6.1,414x896,800x364,,Audio Naming Task,26,Block 6-A,soundCheckPassed,6-A,6-A,110,177,2,Screen 1,Zone8,content_web_audio,3.0000000000582077,,,AUDIO PLAY REQUESTED,1,0,1,0,,,,,1,Trial (Noise),i_subj77_m_quito_270.wav,Babble_129.wav,i,1,,6-A,noise,subj77,m,quito,270
887,1669953264969,02/12/2022 03:54:24,1669953264654,-6,01/12/2022 21:54:24,92237,21,task-bsko,,25622444,BLIND,7588880,,complete,,638974fc642773387b0fa186,mobile,Apple iPhone,iOS 15.6.1,Mobile Safari 15.6.1,414x896,800x364,,Audio Naming Task,26,Block 6-A,soundCheckPassed,6-A,6-A,110,177,2,Screen 1,Zone7,content_web_audio,3.0000000000582077,,,AUDIO PLAY REQUESTED,1,0,1,0,,,,,1,Trial (Noise),i_subj77_m_quito_270.wav,Babble_129.wav,i,1,,6-A,noise,subj77,m,quito,270
888,1669953265944,02/12/2022 03:54:25,1669953265627,-6,01/12/2022 21:54:25,92237,21,task-bsko,,25622444,BLIND,7588880,,complete,,638974fc642773387b0fa186,mobile,Apple iPhone,iOS 15.6.1,Mobile Safari 15.6.1,414x896,800x364,,Audio Naming Task,26,Block 6-A,soundCheckPassed,6-A,6-A,110,177,2,Screen 1,Zone4,response_button_text,975,,,i,1,1,0,0,,,,,1,Trial (Noise),i_subj77_m_quito_270.wav,Babble_129.wav,i,1,,6-A,noise,subj77,m,quito,270
889,1669953266406,02/12/2022 03:54:26,1669953265935,-6,01/12/2022 21:54:25,92237,21,task-bsko,,25622444,BLIND,7588880,,complete,,638974fc642773387b0fa186,mobile,Apple iPhone,iOS 15.6.1,Mobile Safari 15.6.1,414x896,800x364,,Audio Naming Task,26,Block 6-A,soundCheckPassed,6-A,6-A,108,178,1,Screen 2,fixation,fixation,334,,,,,0,1,0,,,,,1,Trial (Noise),i_subj72_m_pico_117.wav,Babble_086.wav,i,1,,6-A,noise,subj72,m,pico,117
890,1669953266902,02/12/2022 03:54:26,1669953265956,-6,01/12/2022 21:54:25,92237,21,task-bsko,,25622444,BLIND,7588880,,complete,,638974fc642773387b0fa186,mobile,Apple iPhone,iOS 15.6.1,Mobile Safari 15.6.1,414x896,800x364,,Audio Naming Task,26,Block 6-A,soundCheckPassed,6-A,6-A,108,178,2,Screen 1,Zone6,content_web_audio,2,,,AUDIO PLAY REQUESTED,1,0,1,0,,,,,1,Trial (Noise),i_subj72_m_pico_117.wav,Babble_086.wav,i,1,,6-A,noise,subj72,m,pico,117
891,1669953266902,02/12/2022 03:54:26,1669953265957,-6,01/12/2022 21:54:25,92237,21,task-bsko,,25622444,BLIND,7588880,,complete,,638974fc642773387b0fa186,mobile,Apple iPhone,iOS 15.6.1,Mobile Safari 15.6.1,414x896,800x364,,Audio Naming Task,26,Block 6-A,soundCheckPassed,6-A,6-A,108,178,2,Screen 1,Zone8,content_web_audio,3,,,AUDIO PLAY REQUESTED,1,0,1,0,,,,,1,Trial (Noise),i_subj72_m_pico_117.wav,Babble_086.wav,i,1,,6-A,noise,subj72,m,pico,117
892,1669953266902,02/12/2022 03:54:26,1669953265958,-6,01/12/2022 21:54:25,92237,21,task-bsko,,25622444,BLIND,7588880,,complete,,638974fc642773387b0fa186,mobile,Apple iPhone,iOS 15.6.1,Mobile Safari 15.6.1,414x896,800x364,,Audio Naming Task,26,Block 6-A,soundCheckPassed,6-A,6-A,108,178,2,Screen 1,Zone7,content_web_audio,4,,,AUDIO PLAY REQUESTED,1,0,1,0,,,,,1,Trial (Noise),i_subj72_m_pico_117.wav,Babble_086.wav,i,1,,6-A,noise,subj72,m,pico,117
893,1669953267747,02/12/2022 03:54:27,1669953267284,-6,01/12/2022 21:54:27,92237,21,task-bsko,,25622444,BLIND,7588880,,complete,,638974fc642773387b0fa186,mobile,Apple iPhone,iOS 15.6.1,Mobile Safari 15.6.1,414x896,800x364,,Audio Naming Task,26,Block 6-A,soundCheckPassed,6-A,6-A,108,178,2,Screen 1,Zone4,response_button_text,1329,,,i,1,1,0,0,,,,,1,Trial (Noise),i_subj72_m_pico_117.wav,Babble_086.wav,i,1,,6-A,noise,subj72,m,pico,117
894,1669953268125,02/12/2022 03:54:28,1669953267635,-6,01/12/2022 21:54:27,92237,21,task-bsko,,25622444,BLIND,7588880,,complete,,638974fc642773387b0fa186,mobile,Apple iPhone,iOS 15.6.1,Mobile Safari 15.6.1,414x896,800x364,,Audio Naming Task,26,Block 6-A,soundCheckPassed,6-A,6-A,71,179,1,Screen 2,fixation,fixation,367,,,,,0,1,0,,,,,1,Trial (Noise),e_subj8_f_seco_161.wav,Babble_026.wav,e,1,,6-A,noise,subj8,f,seco,161
895,1669953268125,02/12/2022 03:54:28,1669953267652,-6,01/12/2022 21:54:27,92237,21,task-bsko,,25622444,BLIND,7588880,,complete,,638974fc642773387b0fa186,mobile,Apple iPhone,iOS 15.6.1,Mobile Safari 15.6.1,414x896,800x364,,Audio Naming Task,26,Block 6-A,soundCheckPassed,6-A,6-A,71,179,2,Screen 1,Zone6,content_web_audio,1,,,AUDIO PLAY REQUESTED,1,0,1,0,,,,,1,Trial (Noise),e_subj8_f_seco_161.wav,Babble_026.wav,e,1,,6-A,noise,subj8,f,seco,161
896,1669953268125,02/12/2022 03:54:28,1669953267653,-6,01/12/2022 21:54:27,92237,21,task-bsko,,25622444,BLIND,7588880,,complete,,638974fc642773387b0fa186,mobile,Apple iPhone,iOS 15.6.1,Mobile Safari 15.6.1,414x896,800x364,,Audio Naming Task,26,Block 6-A,soundCheckPassed,6-A,6-A,71,179,2,Screen 1,Zone8,content_web_audio,2,,,AUDIO PLAY REQUESTED,1,0,1,0,,,,,1,Trial (Noise),e_subj8_f_seco_161.wav,Babble_026.wav,e,1,,6-A,noise,subj8,f,seco,161
897,1669953268125,02/12/2022 03:54:28,1669953267654,-6,01/12/2022 21:54:27,92237,21,task-bsko,,25622444,BLIND,7588880,,complete,,638974fc642773387b0fa186,mobile,Apple iPhone,iOS 15.6.1,Mobile Safari 15.6.1,414x896,800x364,,Audio Naming Task,26,Block 6-A,soundCheckPassed,6-A,6-A,71,179,2,Screen 1,Zone7,content_web_audio,3.0000000000582077,,,AUDIO PLAY REQUESTED,1,0,1,0,,,,,1,Trial (Noise),e_subj8_f_seco_161.wav,Babble_026.wav,e,1,,6-A,noise,subj8,f,seco,161
898,1669953269145,02/12/2022 03:54:29,1669953268859,-6,01/12/2022 21:54:28,92237,21,task-bsko,,25622444,BLIND,7588880,,complete,,638974fc642773387b0fa186,mobile,Apple iPhone,iOS 15.6.1,Mobile Safari 15.6.1,414x896,800x364,,Audio Naming Task,26,Block 6-A,soundCheckPassed,6-A,6-A,71,179,2,Screen 1,Zone5,response_button_text,1207,,,e,1,1,0,0,,,,,1,Trial (Noise),e_subj8_f_seco_161.wav,Babble_026.wav,e,1,,6-A,noise,subj8,f,seco,161
899,1669953269639,02/12/2022 03:54:29,1669953269168,-6,01/12/2022 21:54:29,92237,21,task-bsko,,25622444,BLIND,7588880,,complete,,638974fc642773387b0fa186,mobile,Apple iPhone,iOS 15.6.1,Mobile Safari 15.6.1,414x896,800x364,,Audio Naming Task,26,Block 6-A,soundCheckPassed,6-A,6-A,196,180,1,Screen 2,fixation,fixation,334,,,,,0,1,0,,,,,1,Trial (Noise),u_subj5_f_puso_129.wav,Babble_042.wav,u,1,,6-A,noise,subj5,f,puso,129
900,1669953270032,02/12/2022 03:54:30,1669953269188,-6,01/12/2022 21:54:29,92237,21,task-bsko,,25622444,BLIND,7588880,,complete,,638974fc642773387b0fa186,mobile,Apple iPhone,iOS 15.6.1,Mobile Safari 15.6.1,414x896,800x364,,Audio Naming Task,26,Block 6-A,soundCheckPassed,6-A,6-A,196,180,2,Screen 1,Zone6,content_web_audio,2,,,AUDIO PLAY REQUESTED,1,0,1,0,,,,,1,Trial (Noise),u_subj5_f_puso_129.wav,Babble_042.wav,u,1,,6-A,noise,subj5,f,puso,129
901,1669953270032,02/12/2022 03:54:30,1669953269189,-6,01/12/2022 21:54:29,92237,21,task-bsko,,25622444,BLIND,7588880,,complete,,638974fc642773387b0fa186,mobile,Apple iPhone,iOS 15.6.1,Mobile Safari 15.6.1,414x896,800x364,,Audio Naming Task,26,Block 6-A,soundCheckPassed,6-A,6-A,196,180,2,Screen 1,Zone8,content_web_audio,3,,,AUDIO PLAY REQUESTED,1,0,1,0,,,,,1,Trial (Noise),u_subj5_f_puso_129.wav,Babble_042.wav,u,1,,6-A,noise,subj5,f,puso,129
902,1669953270032,02/12/2022 03:54:30,1669953269189,-6,01/12/2022 21:54:29,92237,21,task-bsko,,25622444,BLIND,7588880,,complete,,638974fc642773387b0fa186,mobile,Apple iPhone,iOS 15.6.1,Mobile Safari 15.6.1,414x896,800x364,,Audio Naming Task,26,Block 6-A,soundCheckPassed,6-A,6-A,196,180,2,Screen 1,Zone7,content_web_audio,3,,,AUDIO PLAY REQUESTED,1,0,1,0,,,,,1,Trial (Noise),u_subj5_f_puso_129.wav,Babble_042.wav,u,1,,6-A,noise,subj5,f,puso,129
903,1669953270847,02/12/2022 03:54:30,1669953270367,-6,01/12/2022 21:54:30,92237,21,task-bsko,,25622444,BLIND,7588880,,complete,,638974fc642773387b0fa186,mobile,Apple iPhone,iOS 15.6.1,Mobile Safari 15.6.1,414x896,800x364,,Audio Naming Task,26,Block 6-A,soundCheckPassed,6-A,6-A,196,180,2,Screen 1,Zone2,response_button_text,1181,,,u,1,1,0,0,,,,,1,Trial (Noise),u_subj5_f_puso_129.wav,Babble_042.wav,u,1,,6-A,noise,subj5,f,puso,129
904,1669953271179,02/12/2022 03:54:31,1669953270668,-6,01/12/2022 21:54:30,92237,21,task-bsko,,25622444,BLIND,7588880,,complete,,638974fc642773387b0fa186,mobile,Apple iPhone,iOS 15.6.1,Mobile Safari 15.6.1,414x896,800x364,,Audio Naming Task,26,Block 6-A,soundCheckPassed,6-A,6-A,181,181,1,Screen 2,fixation,fixation,334,,,,,0,1,0,,,,,1,Trial (Noise),u_subj5_f_supo_116.wav,Babble_097.wav,u,1,,6-A,noise,subj5,f,supo,116
905,1669953271179,02/12/2022 03:54:31,1669953270687,-6,01/12/2022 21:54:30,92237,21,task-bsko,,25622444,BLIND,7588880,,complete,,638974fc642773387b0fa186,mobile,Apple iPhone,iOS 15.6.1,Mobile Safari 15.6.1,414x896,800x364,,Audio Naming Task,26,Block 6-A,soundCheckPassed,6-A,6-A,181,181,2,Screen 1,Zone6,content_web_audio,2,,,AUDIO PLAY REQUESTED,1,0,1,0,,,,,1,Trial (Noise),u_subj5_f_supo_116.wav,Babble_097.wav,u,1,,6-A,noise,subj5,f,supo,116
906,1669953271179,02/12/2022 03:54:31,1669953270688,-6,01/12/2022 21:54:30,92237,21,task-bsko,,25622444,BLIND,7588880,,complete,,638974fc642773387b0fa186,mobile,Apple iPhone,iOS 15.6.1,Mobile Safari 15.6.1,414x896,800x364,,Audio Naming Task,26,Block 6-A,soundCheckPassed,6-A,6-A,181,181,2,Screen 1,Zone8,content_web_audio,3,,,AUDIO PLAY REQUESTED,1,0,1,0,,,,,1,Trial (Noise),u_subj5_f_supo_116.wav,Babble_097.wav,u,1,,6-A,noise,subj5,f,supo,116
907,1669953271179,02/12/2022 03:54:31,1669953270689,-6,01/12/2022 21:54:30,92237,21,task-bsko,,25622444,BLIND,7588880,,complete,,638974fc642773387b0fa186,mobile,Apple iPhone,iOS 15.6.1,Mobile Safari 15.6.1,414x896,800x364,,Audio Naming Task,26,Block 6-A,soundCheckPassed,6-A,6-A,181,181,2,Screen 1,Zone7,content_web_audio,4,,,AUDIO PLAY REQUESTED,1,0,1,0,,,,,1,Trial (Noise),u_subj5_f_supo_116.wav,Babble_097.wav,u,1,,6-A,noise,subj5,f,supo,116
908,1669953272406,02/12/2022 03:54:32,1669953271925,-6,01/12/2022 21:54:31,92237,21,task-bsko,,25622444,BLIND,7588880,,complete,,638974fc642773387b0fa186,mobile,Apple iPhone,iOS 15.6.1,Mobile Safari 15.6.1,414x896,800x364,,Audio Naming Task,26,Block 6-A,soundCheckPassed,6-A,6-A,181,181,2,Screen 1,Zone2,response_button_text,1239,,,u,1,1,0,0,,,,,1,Trial (Noise),u_subj5_f_supo_116.wav,Babble_097.wav,u,1,,6-A,noise,subj5,f,supo,116
909,1669953272629,02/12/2022 03:54:32,1669953272268,-6,01/12/2022 21:54:32,92237,21,task-bsko,,25622444,BLIND,7588880,,complete,,638974fc642773387b0fa186,mobile,Apple iPhone,iOS 15.6.1,Mobile Safari 15.6.1,414x896,800x364,,Audio Naming Task,26,Block 6-A,soundCheckPassed,6-A,6-A,69,182,1,Screen 2,fixation,fixation,367,,,,,0,1,0,,,,,1,Trial (Noise),e_subj18_f_beta_308.wav,Babble_003.wav,e,1,,6-A,noise,subj18,f,beta,308
910,1669953272629,02/12/2022 03:54:32,1669953272288,-6,01/12/2022 21:54:32,92237,21,task-bsko,,25622444,BLIND,7588880,,complete,,638974fc642773387b0fa186,mobile,Apple iPhone,iOS 15.6.1,Mobile Safari 15.6.1,414x896,800x364,,Audio Naming Task,26,Block 6-A,soundCheckPassed,6-A,6-A,69,182,2,Screen 1,Zone6,content_web_audio,2,,,AUDIO PLAY REQUESTED,1,0,1,0,,,,,1,Trial (Noise),e_subj18_f_beta_308.wav,Babble_003.wav,e,1,,6-A,noise,subj18,f,beta,308
911,1669953272629,02/12/2022 03:54:32,1669953272289,-6,01/12/2022 21:54:32,92237,21,task-bsko,,25622444,BLIND,7588880,,complete,,638974fc642773387b0fa186,mobile,Apple iPhone,iOS 15.6.1,Mobile Safari 15.6.1,414x896,800x364,,Audio Naming Task,26,Block 6-A,soundCheckPassed,6-A,6-A,69,182,2,Screen 1,Zone8,content_web_audio,3,,,AUDIO PLAY REQUESTED,1,0,1,0,,,,,1,Trial (Noise),e_subj18_f_beta_308.wav,Babble_003.wav,e,1,,6-A,noise,subj18,f,beta,308
912,1669953272629,02/12/2022 03:54:32,1669953272289,-6,01/12/2022 21:54:32,92237,21,task-bsko,,25622444,BLIND,7588880,,complete,,638974fc642773387b0fa186,mobile,Apple iPhone,iOS 15.6.1,Mobile Safari 15.6.1,414x896,800x364,,Audio Naming Task,26,Block 6-A,soundCheckPassed,6-A,6-A,69,182,2,Screen 1,Zone7,content_web_audio,4,,,AUDIO PLAY REQUESTED,1,0,1,0,,,,,1,Trial (Noise),e_subj18_f_beta_308.wav,Babble_003.wav,e,1,,6-A,noise,subj18,f,beta,308
913,1669953274230,02/12/2022 03:54:34,1669953273759,-6,01/12/2022 21:54:33,92237,21,task-bsko,,25622444,BLIND,7588880,,complete,,638974fc642773387b0fa186,mobile,Apple iPhone,iOS 15.6.1,Mobile Safari 15.6.1,414x896,800x364,,Audio Naming Task,26,Block 6-A,soundCheckPassed,6-A,6-A,69,182,2,Screen 1,Zone5,response_button_text,1472,,,e,1,1,0,0,,,,,1,Trial (Noise),e_subj18_f_beta_308.wav,Babble_003.wav,e,1,,6-A,noise,subj18,f,beta,308
914,1669953274424,02/12/2022 03:54:34,1669953274068,-6,01/12/2022 21:54:34,92237,21,task-bsko,,25622444,BLIND,7588880,,complete,,638974fc642773387b0fa186,mobile,Apple iPhone,iOS 15.6.1,Mobile Safari 15.6.1,414x896,800x364,,Audio Naming Task,26,Block 6-A,soundCheckPassed,6-A,6-A,156,183,1,Screen 2,fixation,fixation,334,,,,,0,1,0,,,,,1,Trial (Noise),o_subj69_m_toque_190.wav,Babble_135.wav,o,1,,6-A,noise,subj69,m,toque,190
915,1669953274424,02/12/2022 03:54:34,1669953274086,-6,01/12/2022 21:54:34,92237,21,task-bsko,,25622444,BLIND,7588880,,complete,,638974fc642773387b0fa186,mobile,Apple iPhone,iOS 15.6.1,Mobile Safari 15.6.1,414x896,800x364,,Audio Naming Task,26,Block 6-A,soundCheckPassed,6-A,6-A,156,183,2,Screen 1,Zone6,content_web_audio,2,,,AUDIO PLAY REQUESTED,1,0,1,0,,,,,1,Trial (Noise),o_subj69_m_toque_190.wav,Babble_135.wav,o,1,,6-A,noise,subj69,m,toque,190
916,1669953274424,02/12/2022 03:54:34,1669953274087,-6,01/12/2022 21:54:34,92237,21,task-bsko,,25622444,BLIND,7588880,,complete,,638974fc642773387b0fa186,mobile,Apple iPhone,iOS 15.6.1,Mobile Safari 15.6.1,414x896,800x364,,Audio Naming Task,26,Block 6-A,soundCheckPassed,6-A,6-A,156,183,2,Screen 1,Zone8,content_web_audio,3,,,AUDIO PLAY REQUESTED,1,0,1,0,,,,,1,Trial (Noise),o_subj69_m_toque_190.wav,Babble_135.wav,o,1,,6-A,noise,subj69,m,toque,190
917,1669953274424,02/12/2022 03:54:34,1669953274088,-6,01/12/2022 21:54:34,92237,21,task-bsko,,25622444,BLIND,7588880,,complete,,638974fc642773387b0fa186,mobile,Apple iPhone,iOS 15.6.1,Mobile Safari 15.6.1,414x896,800x364,,Audio Naming Task,26,Block 6-A,soundCheckPassed,6-A,6-A,156,183,2,Screen 1,Zone7,content_web_audio,3,,,AUDIO PLAY REQUESTED,1,0,1,0,,,,,1,Trial (Noise),o_subj69_m_toque_190.wav,Babble_135.wav,o,1,,6-A,noise,subj69,m,toque,190
918,1669953275793,02/12/2022 03:54:35,1669953275225,-6,01/12/2022 21:54:35,92237,21,task-bsko,,25622444,BLIND,7588880,,complete,,638974fc642773387b0fa186,mobile,Apple iPhone,iOS 15.6.1,Mobile Safari 15.6.1,414x896,800x364,,Audio Naming Task,26,Block 6-A,soundCheckPassed,6-A,6-A,156,183,2,Screen 1,Zone3,response_button_text,1140,,,o,1,1,0,0,,,,,1,Trial (Noise),o_subj69_m_toque_190.wav,Babble_135.wav,o,1,,6-A,noise,subj69,m,toque,190
919,1669953275986,02/12/2022 03:54:35,1669953275568,-6,01/12/2022 21:54:35,92237,21,task-bsko,,25622444,BLIND,7588880,,complete,,638974fc642773387b0fa186,mobile,Apple iPhone,iOS 15.6.1,Mobile Safari 15.6.1,414x896,800x364,,Audio Naming Task,26,Block 6-A,soundCheckPassed,6-A,6-A,121,184,1,Screen 2,fixation,fixation,367,,,,,0,1,0,,,,,1,Trial (Noise),o_subj6_f_cosa_65.wav,Babble_039.wav,o,1,,6-A,noise,subj6,f,cosa,65
920,1669953275986,02/12/2022 03:54:35,1669953275585,-6,01/12/2022 21:54:35,92237,21,task-bsko,,25622444,BLIND,7588880,,complete,,638974fc642773387b0fa186,mobile,Apple iPhone,iOS 15.6.1,Mobile Safari 15.6.1,414x896,800x364,,Audio Naming Task,26,Block 6-A,soundCheckPassed,6-A,6-A,121,184,2,Screen 1,Zone6,content_web_audio,2,,,AUDIO PLAY REQUESTED,1,0,1,0,,,,,1,Trial (Noise),o_subj6_f_cosa_65.wav,Babble_039.wav,o,1,,6-A,noise,subj6,f,cosa,65
921,1669953275986,02/12/2022 03:54:35,1669953275586,-6,01/12/2022 21:54:35,92237,21,task-bsko,,25622444,BLIND,7588880,,complete,,638974fc642773387b0fa186,mobile,Apple iPhone,iOS 15.6.1,Mobile Safari 15.6.1,414x896,800x364,,Audio Naming Task,26,Block 6-A,soundCheckPassed,6-A,6-A,121,184,2,Screen 1,Zone8,content_web_audio,2,,,AUDIO PLAY REQUESTED,1,0,1,0,,,,,1,Trial (Noise),o_subj6_f_cosa_65.wav,Babble_039.wav,o,1,,6-A,noise,subj6,f,cosa,65
922,1669953275986,02/12/2022 03:54:35,1669953275587,-6,01/12/2022 21:54:35,92237,21,task-bsko,,25622444,BLIND,7588880,,complete,,638974fc642773387b0fa186,mobile,Apple iPhone,iOS 15.6.1,Mobile Safari 15.6.1,414x896,800x364,,Audio Naming Task,26,Block 6-A,soundCheckPassed,6-A,6-A,121,184,2,Screen 1,Zone7,content_web_audio,3,,,AUDIO PLAY REQUESTED,1,0,1,0,,,,,1,Trial (Noise),o_subj6_f_cosa_65.wav,Babble_039.wav,o,1,,6-A,noise,subj6,f,cosa,65
923,1669953277323,02/12/2022 03:54:37,1669953276800,-6,01/12/2022 21:54:36,92237,21,task-bsko,,25622444,BLIND,7588880,,complete,,638974fc642773387b0fa186,mobile,Apple iPhone,iOS 15.6.1,Mobile Safari 15.6.1,414x896,800x364,,Audio Naming Task,26,Block 6-A,soundCheckPassed,6-A,6-A,121,184,2,Screen 1,Zone3,response_button_text,1215,,,o,1,1,0,0,,,,,1,Trial (Noise),o_subj6_f_cosa_65.wav,Babble_039.wav,o,1,,6-A,noise,subj6,f,cosa,65
924,1669953277512,02/12/2022 03:54:37,1669953277134,-6,01/12/2022 21:54:37,92237,21,task-bsko,,25622444,BLIND,7588880,,complete,,638974fc642773387b0fa186,mobile,Apple iPhone,iOS 15.6.1,Mobile Safari 15.6.1,414x896,800x364,,Audio Naming Task,26,Block 6-A,soundCheckPassed,6-A,6-A,35,185,1,Screen 2,fixation,fixation,367,,,,,0,1,0,,,,,1,Trial (Noise),a_subj72_m_saque_211.wav,Babble_106.wav,a,1,,6-A,noise,subj72,m,saque,211
925,1669953277512,02/12/2022 03:54:37,1669953277153,-6,01/12/2022 21:54:37,92237,21,task-bsko,,25622444,BLIND,7588880,,complete,,638974fc642773387b0fa186,mobile,Apple iPhone,iOS 15.6.1,Mobile Safari 15.6.1,414x896,800x364,,Audio Naming Task,26,Block 6-A,soundCheckPassed,6-A,6-A,35,185,2,Screen 1,Zone6,content_web_audio,1,,,AUDIO PLAY REQUESTED,1,0,1,0,,,,,1,Trial (Noise),a_subj72_m_saque_211.wav,Babble_106.wav,a,1,,6-A,noise,subj72,m,saque,211
926,1669953277512,02/12/2022 03:54:37,1669953277154,-6,01/12/2022 21:54:37,92237,21,task-bsko,,25622444,BLIND,7588880,,complete,,638974fc642773387b0fa186,mobile,Apple iPhone,iOS 15.6.1,Mobile Safari 15.6.1,414x896,800x364,,Audio Naming Task,26,Block 6-A,soundCheckPassed,6-A,6-A,35,185,2,Screen 1,Zone8,content_web_audio,2.0000000000582077,,,AUDIO PLAY REQUESTED,1,0,1,0,,,,,1,Trial (Noise),a_subj72_m_saque_211.wav,Babble_106.wav,a,1,,6-A,noise,subj72,m,saque,211
927,1669953277512,02/12/2022 03:54:37,1669953277155,-6,01/12/2022 21:54:37,92237,21,task-bsko,,25622444,BLIND,7588880,,complete,,638974fc642773387b0fa186,mobile,Apple iPhone,iOS 15.6.1,Mobile Safari 15.6.1,414x896,800x364,,Audio Naming Task,26,Block 6-A,soundCheckPassed,6-A,6-A,35,185,2,Screen 1,Zone7,content_web_audio,3,,,AUDIO PLAY REQUESTED,1,0,1,0,,,,,1,Trial (Noise),a_subj72_m_saque_211.wav,Babble_106.wav,a,1,,6-A,noise,subj72,m,saque,211
928,1669953278592,02/12/2022 03:54:38,1669953278250,-6,01/12/2022 21:54:38,92237,21,task-bsko,,25622444,BLIND,7588880,,complete,,638974fc642773387b0fa186,mobile,Apple iPhone,iOS 15.6.1,Mobile Safari 15.6.1,414x896,800x364,,Audio Naming Task,26,Block 6-A,soundCheckPassed,6-A,6-A,35,185,2,Screen 1,Zone5,response_button_text,1097,,,e,1,0,1,0,,,,,1,Trial (Noise),a_subj72_m_saque_211.wav,Babble_106.wav,a,1,,6-A,noise,subj72,m,saque,211
929,1669953279057,02/12/2022 03:54:39,1669953278568,-6,01/12/2022 21:54:38,92237,21,task-bsko,,25622444,BLIND,7588880,,complete,,638974fc642773387b0fa186,mobile,Apple iPhone,iOS 15.6.1,Mobile Safari 15.6.1,414x896,800x364,,Audio Naming Task,26,Block 6-A,soundCheckPassed,6-A,6-A,9,186,1,Screen 2,fixation,fixation,334,,,,,0,1,0,,,,,1,Trial (Noise),a_subj46_f_vate_155.wav,Babble_023.wav,a,1,,6-A,noise,subj46,f,vate,155
930,1669953279498,02/12/2022 03:54:39,1669953278587,-6,01/12/2022 21:54:38,92237,21,task-bsko,,25622444,BLIND,7588880,,complete,,638974fc642773387b0fa186,mobile,Apple iPhone,iOS 15.6.1,Mobile Safari 15.6.1,414x896,800x364,,Audio Naming Task,26,Block 6-A,soundCheckPassed,6-A,6-A,9,186,2,Screen 1,Zone6,content_web_audio,2,,,AUDIO PLAY REQUESTED,1,0,1,0,,,,,1,Trial (Noise),a_subj46_f_vate_155.wav,Babble_023.wav,a,1,,6-A,noise,subj46,f,vate,155
931,1669953279498,02/12/2022 03:54:39,1669953278589,-6,01/12/2022 21:54:38,92237,21,task-bsko,,25622444,BLIND,7588880,,complete,,638974fc642773387b0fa186,mobile,Apple iPhone,iOS 15.6.1,Mobile Safari 15.6.1,414x896,800x364,,Audio Naming Task,26,Block 6-A,soundCheckPassed,6-A,6-A,9,186,2,Screen 1,Zone8,content_web_audio,3.0000000000582077,,,AUDIO PLAY REQUESTED,1,0,1,0,,,,,1,Trial (Noise),a_subj46_f_vate_155.wav,Babble_023.wav,a,1,,6-A,noise,subj46,f,vate,155
932,1669953279498,02/12/2022 03:54:39,1669953278589,-6,01/12/2022 21:54:38,92237,21,task-bsko,,25622444,BLIND,7588880,,complete,,638974fc642773387b0fa186,mobile,Apple iPhone,iOS 15.6.1,Mobile Safari 15.6.1,414x896,800x364,,Audio Naming Task,26,Block 6-A,soundCheckPassed,6-A,6-A,9,186,2,Screen 1,Zone7,content_web_audio,4,,,AUDIO PLAY REQUESTED,1,0,1,0,,,,,1,Trial (Noise),a_subj46_f_vate_155.wav,Babble_023.wav,a,1,,6-A,noise,subj46,f,vate,155
933,1669953280492,02/12/2022 03:54:40,1669953280059,-6,01/12/2022 21:54:40,92237,21,task-bsko,,25622444,BLIND,7588880,,complete,,638974fc642773387b0fa186,mobile,Apple iPhone,iOS 15.6.1,Mobile Safari 15.6.1,414x896,800x364,,Audio Naming Task,26,Block 6-A,soundCheckPassed,6-A,6-A,9,186,2,Screen 1,Zone1,response_button_text,1472,,,a,1,1,0,0,,,,,1,Trial (Noise),a_subj46_f_vate_155.wav,Babble_023.wav,a,1,,6-A,noise,subj46,f,vate,155
934,1669953280863,02/12/2022 03:54:40,1669953280401,-6,01/12/2022 21:54:40,92237,21,task-bsko,,25622444,BLIND,7588880,,complete,,638974fc642773387b0fa186,mobile,Apple iPhone,iOS 15.6.1,Mobile Safari 15.6.1,414x896,800x364,,Audio Naming Task,26,Block 6-A,soundCheckPassed,6-A,6-A,18,187,1,Screen 2,fixation,fixation,367,,,,,0,1,0,,,,,1,Trial (Noise),a_subj8_f_saco_232.wav,Babble_018.wav,a,1,,6-A,noise,subj8,f,saco,232
935,1669953281231,02/12/2022 03:54:41,1669953280420,-6,01/12/2022 21:54:40,92237,21,task-bsko,,25622444,BLIND,7588880,,complete,,638974fc642773387b0fa186,mobile,Apple iPhone,iOS 15.6.1,Mobile Safari 15.6.1,414x896,800x364,,Audio Naming Task,26,Block 6-A,soundCheckPassed,6-A,6-A,18,187,2,Screen 1,Zone6,content_web_audio,2,,,AUDIO PLAY REQUESTED,1,0,1,0,,,,,1,Trial (Noise),a_subj8_f_saco_232.wav,Babble_018.wav,a,1,,6-A,noise,subj8,f,saco,232
936,1669953281231,02/12/2022 03:54:41,1669953280421,-6,01/12/2022 21:54:40,92237,21,task-bsko,,25622444,BLIND,7588880,,complete,,638974fc642773387b0fa186,mobile,Apple iPhone,iOS 15.6.1,Mobile Safari 15.6.1,414x896,800x364,,Audio Naming Task,26,Block 6-A,soundCheckPassed,6-A,6-A,18,187,2,Screen 1,Zone8,content_web_audio,3,,,AUDIO PLAY REQUESTED,1,0,1,0,,,,,1,Trial (Noise),a_subj8_f_saco_232.wav,Babble_018.wav,a,1,,6-A,noise,subj8,f,saco,232
937,1669953281231,02/12/2022 03:54:41,1669953280422,-6,01/12/2022 21:54:40,92237,21,task-bsko,,25622444,BLIND,7588880,,complete,,638974fc642773387b0fa186,mobile,Apple iPhone,iOS 15.6.1,Mobile Safari 15.6.1,414x896,800x364,,Audio Naming Task,26,Block 6-A,soundCheckPassed,6-A,6-A,18,187,2,Screen 1,Zone7,content_web_audio,4,,,AUDIO PLAY REQUESTED,1,0,1,0,,,,,1,Trial (Noise),a_subj8_f_saco_232.wav,Babble_018.wav,a,1,,6-A,noise,subj8,f,saco,232
938,1669953282234,02/12/2022 03:54:42,1669953281791,-6,01/12/2022 21:54:41,92237,21,task-bsko,,25622444,BLIND,7588880,,complete,,638974fc642773387b0fa186,mobile,Apple iPhone,iOS 15.6.1,Mobile Safari 15.6.1,414x896,800x364,,Audio Naming Task,26,Block 6-A,soundCheckPassed,6-A,6-A,18,187,2,Screen 1,Zone1,response_button_text,1372.0000000000582,,,a,1,1,0,0,,,,,1,Trial (Noise),a_subj8_f_saco_232.wav,Babble_018.wav,a,1,,6-A,noise,subj8,f,saco,232
939,1669953282443,02/12/2022 03:54:42,1669953282101,-6,01/12/2022 21:54:42,92237,21,task-bsko,,25622444,BLIND,7588880,,complete,,638974fc642773387b0fa186,mobile,Apple iPhone,iOS 15.6.1,Mobile Safari 15.6.1,414x896,800x364,,Audio Naming Task,26,Block 6-A,soundCheckPassed,6-A,6-A,132,188,1,Screen 2,fixation,fixation,334,,,,,0,1,0,,,,,1,Trial (Noise),o_subj22_f_toque_76.wav,Babble_109.wav,o,1,,6-A,noise,subj22,f,toque,76
940,1669953282443,02/12/2022 03:54:42,1669953282119,-6,01/12/2022 21:54:42,92237,21,task-bsko,,25622444,BLIND,7588880,,complete,,638974fc642773387b0fa186,mobile,Apple iPhone,iOS 15.6.1,Mobile Safari 15.6.1,414x896,800x364,,Audio Naming Task,26,Block 6-A,soundCheckPassed,6-A,6-A,132,188,2,Screen 1,Zone6,content_web_audio,1.9999999999417923,,,AUDIO PLAY REQUESTED,1,0,1,0,,,,,1,Trial (Noise),o_subj22_f_toque_76.wav,Babble_109.wav,o,1,,6-A,noise,subj22,f,toque,76
941,1669953282443,02/12/2022 03:54:42,1669953282120,-6,01/12/2022 21:54:42,92237,21,task-bsko,,25622444,BLIND,7588880,,complete,,638974fc642773387b0fa186,mobile,Apple iPhone,iOS 15.6.1,Mobile Safari 15.6.1,414x896,800x364,,Audio Naming Task,26,Block 6-A,soundCheckPassed,6-A,6-A,132,188,2,Screen 1,Zone8,content_web_audio,2.9999999999417923,,,AUDIO PLAY REQUESTED,1,0,1,0,,,,,1,Trial (Noise),o_subj22_f_toque_76.wav,Babble_109.wav,o,1,,6-A,noise,subj22,f,toque,76
942,1669953282443,02/12/2022 03:54:42,1669953282121,-6,01/12/2022 21:54:42,92237,21,task-bsko,,25622444,BLIND,7588880,,complete,,638974fc642773387b0fa186,mobile,Apple iPhone,iOS 15.6.1,Mobile Safari 15.6.1,414x896,800x364,,Audio Naming Task,26,Block 6-A,soundCheckPassed,6-A,6-A,132,188,2,Screen 1,Zone7,content_web_audio,2.9999999999417923,,,AUDIO PLAY REQUESTED,1,0,1,0,,,,,1,Trial (Noise),o_subj22_f_toque_76.wav,Babble_109.wav,o,1,,6-A,noise,subj22,f,toque,76
943,1669953283879,02/12/2022 03:54:43,1669953283366,-6,01/12/2022 21:54:43,92237,21,task-bsko,,25622444,BLIND,7588880,,complete,,638974fc642773387b0fa186,mobile,Apple iPhone,iOS 15.6.1,Mobile Safari 15.6.1,414x896,800x364,,Audio Naming Task,26,Block 6-A,soundCheckPassed,6-A,6-A,132,188,2,Screen 1,Zone3,response_button_text,1247.9999999999418,,,o,1,1,0,0,,,,,1,Trial (Noise),o_subj22_f_toque_76.wav,Babble_109.wav,o,1,,6-A,noise,subj22,f,toque,76
944,1669953284089,02/12/2022 03:54:44,1669953283667,-6,01/12/2022 21:54:43,92237,21,task-bsko,,25622444,BLIND,7588880,,complete,,638974fc642773387b0fa186,mobile,Apple iPhone,iOS 15.6.1,Mobile Safari 15.6.1,414x896,800x364,,Audio Naming Task,26,Block 6-A,soundCheckPassed,6-A,6-A,152,189,1,Screen 2,fixation,fixation,334,,,,,0,1,0,,,,,1,Trial (Noise),o_subj15_m_cosa_71.wav,Babble_013.wav,o,1,,6-A,noise,subj15,m,cosa,71
945,1669953284089,02/12/2022 03:54:44,1669953283686,-6,01/12/2022 21:54:43,92237,21,task-bsko,,25622444,BLIND,7588880,,complete,,638974fc642773387b0fa186,mobile,Apple iPhone,iOS 15.6.1,Mobile Safari 15.6.1,414x896,800x364,,Audio Naming Task,26,Block 6-A,soundCheckPassed,6-A,6-A,152,189,2,Screen 1,Zone6,content_web_audio,2,,,AUDIO PLAY REQUESTED,1,0,1,0,,,,,1,Trial (Noise),o_subj15_m_cosa_71.wav,Babble_013.wav,o,1,,6-A,noise,subj15,m,cosa,71
946,1669953284089,02/12/2022 03:54:44,1669953283687,-6,01/12/2022 21:54:43,92237,21,task-bsko,,25622444,BLIND,7588880,,complete,,638974fc642773387b0fa186,mobile,Apple iPhone,iOS 15.6.1,Mobile Safari 15.6.1,414x896,800x364,,Audio Naming Task,26,Block 6-A,soundCheckPassed,6-A,6-A,152,189,2,Screen 1,Zone8,content_web_audio,4,,,AUDIO PLAY REQUESTED,1,0,1,0,,,,,1,Trial (Noise),o_subj15_m_cosa_71.wav,Babble_013.wav,o,1,,6-A,noise,subj15,m,cosa,71
947,1669953284089,02/12/2022 03:54:44,1669953283688,-6,01/12/2022 21:54:43,92237,21,task-bsko,,25622444,BLIND,7588880,,complete,,638974fc642773387b0fa186,mobile,Apple iPhone,iOS 15.6.1,Mobile Safari 15.6.1,414x896,800x364,,Audio Naming Task,26,Block 6-A,soundCheckPassed,6-A,6-A,152,189,2,Screen 1,Zone7,content_web_audio,5,,,AUDIO PLAY REQUESTED,1,0,1,0,,,,,1,Trial (Noise),o_subj15_m_cosa_71.wav,Babble_013.wav,o,1,,6-A,noise,subj15,m,cosa,71
948,1669953285518,02/12/2022 03:54:45,1669953285057,-6,01/12/2022 21:54:45,92237,21,task-bsko,,25622444,BLIND,7588880,,complete,,638974fc642773387b0fa186,mobile,Apple iPhone,iOS 15.6.1,Mobile Safari 15.6.1,414x896,800x364,,Audio Naming Task,26,Block 6-A,soundCheckPassed,6-A,6-A,152,189,2,Screen 1,Zone3,response_button_text,1373,,,o,1,1,0,0,,,,,1,Trial (Noise),o_subj15_m_cosa_71.wav,Babble_013.wav,o,1,,6-A,noise,subj15,m,cosa,71
949,1669953285716,02/12/2022 03:54:45,1669953285401,-6,01/12/2022 21:54:45,92237,21,task-bsko,,25622444,BLIND,7588880,,complete,,638974fc642773387b0fa186,mobile,Apple iPhone,iOS 15.6.1,Mobile Safari 15.6.1,414x896,800x364,,Audio Naming Task,26,Block 6-A,soundCheckPassed,6-A,6-A,127,190,1,Screen 2,fixation,fixation,367,,,,,0,1,0,,,,,1,Trial (Noise),o_subj12_f_toco_233.wav,Babble_006.wav,o,1,,6-A,noise,subj12,f,toco,233
950,1669953285716,02/12/2022 03:54:45,1669953285419,-6,01/12/2022 21:54:45,92237,21,task-bsko,,25622444,BLIND,7588880,,complete,,638974fc642773387b0fa186,mobile,Apple iPhone,iOS 15.6.1,Mobile Safari 15.6.1,414x896,800x364,,Audio Naming Task,26,Block 6-A,soundCheckPassed,6-A,6-A,127,190,2,Screen 1,Zone6,content_web_audio,2,,,AUDIO PLAY REQUESTED,1,0,1,0,,,,,1,Trial (Noise),o_subj12_f_toco_233.wav,Babble_006.wav,o,1,,6-A,noise,subj12,f,toco,233
951,1669953285716,02/12/2022 03:54:45,1669953285420,-6,01/12/2022 21:54:45,92237,21,task-bsko,,25622444,BLIND,7588880,,complete,,638974fc642773387b0fa186,mobile,Apple iPhone,iOS 15.6.1,Mobile Safari 15.6.1,414x896,800x364,,Audio Naming Task,26,Block 6-A,soundCheckPassed,6-A,6-A,127,190,2,Screen 1,Zone8,content_web_audio,3,,,AUDIO PLAY REQUESTED,1,0,1,0,,,,,1,Trial (Noise),o_subj12_f_toco_233.wav,Babble_006.wav,o,1,,6-A,noise,subj12,f,toco,233
952,1669953285716,02/12/2022 03:54:45,1669953285421,-6,01/12/2022 21:54:45,92237,21,task-bsko,,25622444,BLIND,7588880,,complete,,638974fc642773387b0fa186,mobile,Apple iPhone,iOS 15.6.1,Mobile Safari 15.6.1,414x896,800x364,,Audio Naming Task,26,Block 6-A,soundCheckPassed,6-A,6-A,127,190,2,Screen 1,Zone7,content_web_audio,4,,,AUDIO PLAY REQUESTED,1,0,1,0,,,,,1,Trial (Noise),o_subj12_f_toco_233.wav,Babble_006.wav,o,1,,6-A,noise,subj12,f,toco,233
953,1669953287262,02/12/2022 03:54:47,1669953286766,-6,01/12/2022 21:54:46,92237,21,task-bsko,,25622444,BLIND,7588880,,complete,,638974fc642773387b0fa186,mobile,Apple iPhone,iOS 15.6.1,Mobile Safari 15.6.1,414x896,800x364,,Audio Naming Task,26,Block 6-A,soundCheckPassed,6-A,6-A,127,190,2,Screen 1,Zone2,response_button_text,1348,,,u,1,0,1,0,,,,,1,Trial (Noise),o_subj12_f_toco_233.wav,Babble_006.wav,o,1,,6-A,noise,subj12,f,toco,233
954,1669953287462,02/12/2022 03:54:47,1669953287101,-6,01/12/2022 21:54:47,92237,21,task-bsko,,25622444,BLIND,7588880,,complete,,638974fc642773387b0fa186,mobile,Apple iPhone,iOS 15.6.1,Mobile Safari 15.6.1,414x896,800x364,,Audio Naming Task,26,Block 6-A,soundCheckPassed,6-A,6-A,157,191,1,Screen 2,fixation,fixation,366,,,,,0,1,0,,,,,1,Trial (Noise),o_subj11_m_voto_209.wav,Babble_186.wav,o,1,,6-A,noise,subj11,m,voto,209
955,1669953287462,02/12/2022 03:54:47,1669953287118,-6,01/12/2022 21:54:47,92237,21,task-bsko,,25622444,BLIND,7588880,,complete,,638974fc642773387b0fa186,mobile,Apple iPhone,iOS 15.6.1,Mobile Safari 15.6.1,414x896,800x364,,Audio Naming Task,26,Block 6-A,soundCheckPassed,6-A,6-A,157,191,2,Screen 1,Zone6,content_web_audio,2,,,AUDIO PLAY REQUESTED,1,0,1,0,,,,,1,Trial (Noise),o_subj11_m_voto_209.wav,Babble_186.wav,o,1,,6-A,noise,subj11,m,voto,209
956,1669953287462,02/12/2022 03:54:47,1669953287119,-6,01/12/2022 21:54:47,92237,21,task-bsko,,25622444,BLIND,7588880,,complete,,638974fc642773387b0fa186,mobile,Apple iPhone,iOS 15.6.1,Mobile Safari 15.6.1,414x896,800x364,,Audio Naming Task,26,Block 6-A,soundCheckPassed,6-A,6-A,157,191,2,Screen 1,Zone8,content_web_audio,3,,,AUDIO PLAY REQUESTED,1,0,1,0,,,,,1,Trial (Noise),o_subj11_m_voto_209.wav,Babble_186.wav,o,1,,6-A,noise,subj11,m,voto,209
957,1669953287462,02/12/2022 03:54:47,1669953287120,-6,01/12/2022 21:54:47,92237,21,task-bsko,,25622444,BLIND,7588880,,complete,,638974fc642773387b0fa186,mobile,Apple iPhone,iOS 15.6.1,Mobile Safari 15.6.1,414x896,800x364,,Audio Naming Task,26,Block 6-A,soundCheckPassed,6-A,6-A,157,191,2,Screen 1,Zone7,content_web_audio,3,,,AUDIO PLAY REQUESTED,1,0,1,0,,,,,1,Trial (Noise),o_subj11_m_voto_209.wav,Babble_186.wav,o,1,,6-A,noise,subj11,m,voto,209
958,1669953288905,02/12/2022 03:54:48,1669953288399,-6,01/12/2022 21:54:48,92237,21,task-bsko,,25622444,BLIND,7588880,,complete,,638974fc642773387b0fa186,mobile,Apple iPhone,iOS 15.6.1,Mobile Safari 15.6.1,414x896,800x364,,Audio Naming Task,26,Block 6-A,soundCheckPassed,6-A,6-A,157,191,2,Screen 1,Zone3,response_button_text,1282,,,o,1,1,0,0,,,,,1,Trial (Noise),o_subj11_m_voto_209.wav,Babble_186.wav,o,1,,6-A,noise,subj11,m,voto,209
959,1669953289096,02/12/2022 03:54:49,1669953288734,-6,01/12/2022 21:54:48,92237,21,task-bsko,,25622444,BLIND,7588880,,complete,,638974fc642773387b0fa186,mobile,Apple iPhone,iOS 15.6.1,Mobile Safari 15.6.1,414x896,800x364,,Audio Naming Task,26,Block 6-A,soundCheckPassed,6-A,6-A,82,192,1,Screen 2,fixation,fixation,367,,,,,0,1,0,,,,,1,Trial (Noise),i_subj4_f_pite_208.wav,Babble_197.wav,i,1,,6-A,noise,subj4,f,pite,208
960,1669953289096,02/12/2022 03:54:49,1669953288751,-6,01/12/2022 21:54:48,92237,21,task-bsko,,25622444,BLIND,7588880,,complete,,638974fc642773387b0fa186,mobile,Apple iPhone,iOS 15.6.1,Mobile Safari 15.6.1,414x896,800x364,,Audio Naming Task,26,Block 6-A,soundCheckPassed,6-A,6-A,82,192,2,Screen 1,Zone6,content_web_audio,2,,,AUDIO PLAY REQUESTED,1,0,1,0,,,,,1,Trial (Noise),i_subj4_f_pite_208.wav,Babble_197.wav,i,1,,6-A,noise,subj4,f,pite,208
961,1669953289096,02/12/2022 03:54:49,1669953288753,-6,01/12/2022 21:54:48,92237,21,task-bsko,,25622444,BLIND,7588880,,complete,,638974fc642773387b0fa186,mobile,Apple iPhone,iOS 15.6.1,Mobile Safari 15.6.1,414x896,800x364,,Audio Naming Task,26,Block 6-A,soundCheckPassed,6-A,6-A,82,192,2,Screen 1,Zone8,content_web_audio,3,,,AUDIO PLAY REQUESTED,1,0,1,0,,,,,1,Trial (Noise),i_subj4_f_pite_208.wav,Babble_197.wav,i,1,,6-A,noise,subj4,f,pite,208
962,1669953289096,02/12/2022 03:54:49,1669953288753,-6,01/12/2022 21:54:48,92237,21,task-bsko,,25622444,BLIND,7588880,,complete,,638974fc642773387b0fa186,mobile,Apple iPhone,iOS 15.6.1,Mobile Safari 15.6.1,414x896,800x364,,Audio Naming Task,26,Block 6-A,soundCheckPassed,6-A,6-A,82,192,2,Screen 1,Zone7,content_web_audio,4,,,AUDIO PLAY REQUESTED,1,0,1,0,,,,,1,Trial (Noise),i_subj4_f_pite_208.wav,Babble_197.wav,i,1,,6-A,noise,subj4,f,pite,208
963,1669953290222,02/12/2022 03:54:50,1669953289945,-6,01/12/2022 21:54:49,92237,21,task-bsko,,25622444,BLIND,7588880,,complete,,638974fc642773387b0fa186,mobile,Apple iPhone,iOS 15.6.1,Mobile Safari 15.6.1,414x896,800x364,,Audio Naming Task,26,Block 6-A,soundCheckPassed,6-A,6-A,82,192,2,Screen 1,Zone4,response_button_text,1194,,,i,1,1,0,0,,,,,1,Trial (Noise),i_subj4_f_pite_208.wav,Babble_197.wav,i,1,,6-A,noise,subj4,f,pite,208
964,1669953290693,02/12/2022 03:54:50,1669953290234,-6,01/12/2022 21:54:50,92237,21,task-bsko,,25622444,BLIND,7588880,,complete,,638974fc642773387b0fa186,mobile,Apple iPhone,iOS 15.6.1,Mobile Safari 15.6.1,414x896,800x364,,Audio Naming Task,26,Block 6-A,soundCheckPassed,6-A,6-A,168,193,1,Screen 2,fixation,fixation,333,,,,,0,1,0,,,,,1,Trial (Noise),u_subj77_m_pura_276.wav,Babble_099.wav,u,1,,6-A,noise,subj77,m,pura,276
965,1669953291087,02/12/2022 03:54:51,1669953290257,-6,01/12/2022 21:54:50,92237,21,task-bsko,,25622444,BLIND,7588880,,complete,,638974fc642773387b0fa186,mobile,Apple iPhone,iOS 15.6.1,Mobile Safari 15.6.1,414x896,800x364,,Audio Naming Task,26,Block 6-A,soundCheckPassed,6-A,6-A,168,193,2,Screen 1,Zone6,content_web_audio,3,,,AUDIO PLAY REQUESTED,1,0,1,0,,,,,1,Trial (Noise),u_subj77_m_pura_276.wav,Babble_099.wav,u,1,,6-A,noise,subj77,m,pura,276
966,1669953291087,02/12/2022 03:54:51,1669953290258,-6,01/12/2022 21:54:50,92237,21,task-bsko,,25622444,BLIND,7588880,,complete,,638974fc642773387b0fa186,mobile,Apple iPhone,iOS 15.6.1,Mobile Safari 15.6.1,414x896,800x364,,Audio Naming Task,26,Block 6-A,soundCheckPassed,6-A,6-A,168,193,2,Screen 1,Zone8,content_web_audio,5,,,AUDIO PLAY REQUESTED,1,0,1,0,,,,,1,Trial (Noise),u_subj77_m_pura_276.wav,Babble_099.wav,u,1,,6-A,noise,subj77,m,pura,276
967,1669953291087,02/12/2022 03:54:51,1669953290259,-6,01/12/2022 21:54:50,92237,21,task-bsko,,25622444,BLIND,7588880,,complete,,638974fc642773387b0fa186,mobile,Apple iPhone,iOS 15.6.1,Mobile Safari 15.6.1,414x896,800x364,,Audio Naming Task,26,Block 6-A,soundCheckPassed,6-A,6-A,168,193,2,Screen 1,Zone7,content_web_audio,6,,,AUDIO PLAY REQUESTED,1,0,1,0,,,,,1,Trial (Noise),u_subj77_m_pura_276.wav,Babble_099.wav,u,1,,6-A,noise,subj77,m,pura,276
968,1669953292167,02/12/2022 03:54:52,1669953291708,-6,01/12/2022 21:54:51,92237,21,task-bsko,,25622444,BLIND,7588880,,complete,,638974fc642773387b0fa186,mobile,Apple iPhone,iOS 15.6.1,Mobile Safari 15.6.1,414x896,800x364,,Audio Naming Task,26,Block 6-A,soundCheckPassed,6-A,6-A,168,193,2,Screen 1,Zone3,response_button_text,1453,,,o,1,0,1,0,,,,,1,Trial (Noise),u_subj77_m_pura_276.wav,Babble_099.wav,u,1,,6-A,noise,subj77,m,pura,276
969,1669953292414,02/12/2022 03:54:52,1669953292034,-6,01/12/2022 21:54:52,92237,21,task-bsko,,25622444,BLIND,7588880,,complete,,638974fc642773387b0fa186,mobile,Apple iPhone,iOS 15.6.1,Mobile Safari 15.6.1,414x896,800x364,,Audio Naming Task,26,Block 6-A,soundCheckPassed,6-A,6-A,170,194,1,Screen 2,fixation,fixation,334,,,,,0,1,0,,,,,1,Trial (Noise),u_subj77_m_supe_103.wav,Babble_147.wav,u,1,,6-A,noise,subj77,m,supe,103
970,1669953292414,02/12/2022 03:54:52,1669953292052,-6,01/12/2022 21:54:52,92237,21,task-bsko,,25622444,BLIND,7588880,,complete,,638974fc642773387b0fa186,mobile,Apple iPhone,iOS 15.6.1,Mobile Safari 15.6.1,414x896,800x364,,Audio Naming Task,26,Block 6-A,soundCheckPassed,6-A,6-A,170,194,2,Screen 1,Zone6,content_web_audio,2,,,AUDIO PLAY REQUESTED,1,0,1,0,,,,,1,Trial (Noise),u_subj77_m_supe_103.wav,Babble_147.wav,u,1,,6-A,noise,subj77,m,supe,103
971,1669953292414,02/12/2022 03:54:52,1669953292053,-6,01/12/2022 21:54:52,92237,21,task-bsko,,25622444,BLIND,7588880,,complete,,638974fc642773387b0fa186,mobile,Apple iPhone,iOS 15.6.1,Mobile Safari 15.6.1,414x896,800x364,,Audio Naming Task,26,Block 6-A,soundCheckPassed,6-A,6-A,170,194,2,Screen 1,Zone8,content_web_audio,4,,,AUDIO PLAY REQUESTED,1,0,1,0,,,,,1,Trial (Noise),u_subj77_m_supe_103.wav,Babble_147.wav,u,1,,6-A,noise,subj77,m,supe,103
972,1669953292414,02/12/2022 03:54:52,1669953292054,-6,01/12/2022 21:54:52,92237,21,task-bsko,,25622444,BLIND,7588880,,complete,,638974fc642773387b0fa186,mobile,Apple iPhone,iOS 15.6.1,Mobile Safari 15.6.1,414x896,800x364,,Audio Naming Task,26,Block 6-A,soundCheckPassed,6-A,6-A,170,194,2,Screen 1,Zone7,content_web_audio,4,,,AUDIO PLAY REQUESTED,1,0,1,0,,,,,1,Trial (Noise),u_subj77_m_supe_103.wav,Babble_147.wav,u,1,,6-A,noise,subj77,m,supe,103
973,1669953293406,02/12/2022 03:54:53,1669953293083,-6,01/12/2022 21:54:53,92237,21,task-bsko,,25622444,BLIND,7588880,,complete,,638974fc642773387b0fa186,mobile,Apple iPhone,iOS 15.6.1,Mobile Safari 15.6.1,414x896,800x364,,Audio Naming Task,26,Block 6-A,soundCheckPassed,6-A,6-A,170,194,2,Screen 1,Zone2,response_button_text,1032,,,u,1,1,0,0,,,,,1,Trial (Noise),u_subj77_m_supe_103.wav,Babble_147.wav,u,1,,6-A,noise,subj77,m,supe,103
974,1669953293857,02/12/2022 03:54:53,1669953293400,-6,01/12/2022 21:54:53,92237,21,task-bsko,,25622444,BLIND,7588880,,complete,,638974fc642773387b0fa186,mobile,Apple iPhone,iOS 15.6.1,Mobile Safari 15.6.1,414x896,800x364,,Audio Naming Task,26,Block 6-A,soundCheckPassed,6-A,6-A,54,195,1,Screen 2,fixation,fixation,334,,,,,0,1,0,,,,,1,Trial (Noise),e_subj78_m_seque_114.wav,Babble_097.wav,e,1,,6-A,noise,subj78,m,seque,114
975,1669953294262,02/12/2022 03:54:54,1669953293420,-6,01/12/2022 21:54:53,92237,21,task-bsko,,25622444,BLIND,7588880,,complete,,638974fc642773387b0fa186,mobile,Apple iPhone,iOS 15.6.1,Mobile Safari 15.6.1,414x896,800x364,,Audio Naming Task,26,Block 6-A,soundCheckPassed,6-A,6-A,54,195,2,Screen 1,Zone6,content_web_audio,2,,,AUDIO PLAY REQUESTED,1,0,1,0,,,,,1,Trial (Noise),e_subj78_m_seque_114.wav,Babble_097.wav,e,1,,6-A,noise,subj78,m,seque,114
976,1669953294262,02/12/2022 03:54:54,1669953293421,-6,01/12/2022 21:54:53,92237,21,task-bsko,,25622444,BLIND,7588880,,complete,,638974fc642773387b0fa186,mobile,Apple iPhone,iOS 15.6.1,Mobile Safari 15.6.1,414x896,800x364,,Audio Naming Task,26,Block 6-A,soundCheckPassed,6-A,6-A,54,195,2,Screen 1,Zone8,content_web_audio,3,,,AUDIO PLAY REQUESTED,1,0,1,0,,,,,1,Trial (Noise),e_subj78_m_seque_114.wav,Babble_097.wav,e,1,,6-A,noise,subj78,m,seque,114
977,1669953294262,02/12/2022 03:54:54,1669953293422,-6,01/12/2022 21:54:53,92237,21,task-bsko,,25622444,BLIND,7588880,,complete,,638974fc642773387b0fa186,mobile,Apple iPhone,iOS 15.6.1,Mobile Safari 15.6.1,414x896,800x364,,Audio Naming Task,26,Block 6-A,soundCheckPassed,6-A,6-A,54,195,2,Screen 1,Zone7,content_web_audio,4,,,AUDIO PLAY REQUESTED,1,0,1,0,,,,,1,Trial (Noise),e_subj78_m_seque_114.wav,Babble_097.wav,e,1,,6-A,noise,subj78,m,seque,114
978,1669953295099,02/12/2022 03:54:55,1669953294607,-6,01/12/2022 21:54:54,92237,21,task-bsko,,25622444,BLIND,7588880,,complete,,638974fc642773387b0fa186,mobile,Apple iPhone,iOS 15.6.1,Mobile Safari 15.6.1,414x896,800x364,,Audio Naming Task,26,Block 6-A,soundCheckPassed,6-A,6-A,54,195,2,Screen 1,Zone5,response_button_text,1188,,,e,1,1,0,0,,,,,1,Trial (Noise),e_subj78_m_seque_114.wav,Babble_097.wav,e,1,,6-A,noise,subj78,m,seque,114
979,1669953299148,02/12/2022 03:54:59,1669953298608,-6,01/12/2022 21:54:58,92237,21,task-bsko,,25622444,BLIND,7588880,,complete,,638974fc642773387b0fa186,mobile,Apple iPhone,iOS 15.6.1,Mobile Safari 15.6.1,414x896,800x364,,Audio Naming Task,26,Block 6-A,soundCheckPassed,6-A,6-A,197,1,1,Screen 1,advancementZone,continue_button,3976,,,,,0,1,0,,,,,,Break,,,,,,6-A,p,,,,
980,1669953299540,02/12/2022 03:54:59,1669953299000,-6,01/12/2022 21:54:59,92237,21,task-bsko,,25622444,BLIND,7588880,,complete,,638974fc642773387b0fa186,mobile,Apple iPhone,iOS 15.6.1,Mobile Safari 15.6.1,414x896,800x364,,Audio Naming Task,26,Block 6-A,soundCheckPassed,6-A,6-A,321,1,1,Screen 1,fixation,fixation,398,,,,,0,1,0,,,,,2,Trial (Quiet),o_subj38_f_toque_125.wav,none,o,,1,6-A,quiet,subj38,f,toque,125
981,1669953299540,02/12/2022 03:54:59,1669953299018,-6,01/12/2022 21:54:59,92237,21,task-bsko,,25622444,BLIND,7588880,,complete,,638974fc642773387b0fa186,mobile,Apple iPhone,iOS 15.6.1,Mobile Safari 15.6.1,414x896,800x364,,Audio Naming Task,26,Block 6-A,soundCheckPassed,6-A,6-A,321,1,2,Screen 2,Zone6,content_web_audio,3,,,AUDIO PLAY REQUESTED,1,0,1,0,,,,,2,Trial (Quiet),o_subj38_f_toque_125.wav,none,o,,1,6-A,quiet,subj38,f,toque,125
982,1669953299540,02/12/2022 03:54:59,1669953299020,-6,01/12/2022 21:54:59,92237,21,task-bsko,,25622444,BLIND,7588880,,complete,,638974fc642773387b0fa186,mobile,Apple iPhone,iOS 15.6.1,Mobile Safari 15.6.1,414x896,800x364,,Audio Naming Task,26,Block 6-A,soundCheckPassed,6-A,6-A,321,1,2,Screen 2,Zone7,content_web_audio,5,,,AUDIO PLAY REQUESTED,1,0,1,0,,,,,2,Trial (Quiet),o_subj38_f_toque_125.wav,none,o,,1,6-A,quiet,subj38,f,toque,125
983,1669953301150,02/12/2022 03:55:01,1669953300640,-6,01/12/2022 21:55:00,92237,21,task-bsko,,25622444,BLIND,7588880,,complete,,638974fc642773387b0fa186,mobile,Apple iPhone,iOS 15.6.1,Mobile Safari 15.6.1,414x896,800x364,,Audio Naming Task,26,Block 6-A,soundCheckPassed,6-A,6-A,321,1,2,Screen 2,Zone3,response_button_text,1624,,,o,1,1,0,0,,,,,2,Trial (Quiet),o_subj38_f_toque_125.wav,none,o,,1,6-A,quiet,subj38,f,toque,125
984,1669953301544,02/12/2022 03:55:01,1669953300967,-6,01/12/2022 21:55:00,92237,21,task-bsko,,25622444,BLIND,7588880,,complete,,638974fc642773387b0fa186,mobile,Apple iPhone,iOS 15.6.1,Mobile Safari 15.6.1,414x896,800x364,,Audio Naming Task,26,Block 6-A,soundCheckPassed,6-A,6-A,256,2,1,Screen 1,fixation,fixation,334,,,,,0,1,0,,,,,2,Trial (Quiet),e_subj34_f_beta_153.wav,none,e,,1,6-A,quiet,subj34,f,beta,153
985,1669953301544,02/12/2022 03:55:01,1669953300984,-6,01/12/2022 21:55:00,92237,21,task-bsko,,25622444,BLIND,7588880,,complete,,638974fc642773387b0fa186,mobile,Apple iPhone,iOS 15.6.1,Mobile Safari 15.6.1,414x896,800x364,,Audio Naming Task,26,Block 6-A,soundCheckPassed,6-A,6-A,256,2,2,Screen 2,Zone6,content_web_audio,2,,,AUDIO PLAY REQUESTED,1,0,1,0,,,,,2,Trial (Quiet),e_subj34_f_beta_153.wav,none,e,,1,6-A,quiet,subj34,f,beta,153
986,1669953301544,02/12/2022 03:55:01,1669953300986,-6,01/12/2022 21:55:00,92237,21,task-bsko,,25622444,BLIND,7588880,,complete,,638974fc642773387b0fa186,mobile,Apple iPhone,iOS 15.6.1,Mobile Safari 15.6.1,414x896,800x364,,Audio Naming Task,26,Block 6-A,soundCheckPassed,6-A,6-A,256,2,2,Screen 2,Zone7,content_web_audio,4,,,AUDIO PLAY REQUESTED,1,0,1,0,,,,,2,Trial (Quiet),e_subj34_f_beta_153.wav,none,e,,1,6-A,quiet,subj34,f,beta,153
987,1669953302519,02/12/2022 03:55:02,1669953302049,-6,01/12/2022 21:55:02,92237,21,task-bsko,,25622444,BLIND,7588880,,complete,,638974fc642773387b0fa186,mobile,Apple iPhone,iOS 15.6.1,Mobile Safari 15.6.1,414x896,800x364,,Audio Naming Task,26,Block 6-A,soundCheckPassed,6-A,6-A,256,2,2,Screen 2,Zone5,response_button_text,1066,,,e,1,1,0,0,,,,,2,Trial (Quiet),e_subj34_f_beta_153.wav,none,e,,1,6-A,quiet,subj34,f,beta,153
988,1669953302884,02/12/2022 03:55:02,1669953302366,-6,01/12/2022 21:55:02,92237,21,task-bsko,,25622444,BLIND,7588880,,complete,,638974fc642773387b0fa186,mobile,Apple iPhone,iOS 15.6.1,Mobile Safari 15.6.1,414x896,800x364,,Audio Naming Task,26,Block 6-A,soundCheckPassed,6-A,6-A,302,3,1,Screen 1,fixation,fixation,334,,,,,0,1,0,,,,,2,Trial (Quiet),i_subj67_m_quita_133.wav,none,i,,1,6-A,quiet,subj67,m,quita,133
989,1669953302884,02/12/2022 03:55:02,1669953302383,-6,01/12/2022 21:55:02,92237,21,task-bsko,,25622444,BLIND,7588880,,complete,,638974fc642773387b0fa186,mobile,Apple iPhone,iOS 15.6.1,Mobile Safari 15.6.1,414x896,800x364,,Audio Naming Task,26,Block 6-A,soundCheckPassed,6-A,6-A,302,3,2,Screen 2,Zone6,content_web_audio,2,,,AUDIO PLAY REQUESTED,1,0,1,0,,,,,2,Trial (Quiet),i_subj67_m_quita_133.wav,none,i,,1,6-A,quiet,subj67,m,quita,133
990,1669953302884,02/12/2022 03:55:02,1669953302385,-6,01/12/2022 21:55:02,92237,21,task-bsko,,25622444,BLIND,7588880,,complete,,638974fc642773387b0fa186,mobile,Apple iPhone,iOS 15.6.1,Mobile Safari 15.6.1,414x896,800x364,,Audio Naming Task,26,Block 6-A,soundCheckPassed,6-A,6-A,302,3,2,Screen 2,Zone7,content_web_audio,4,,,AUDIO PLAY REQUESTED,1,0,1,0,,,,,2,Trial (Quiet),i_subj67_m_quita_133.wav,none,i,,1,6-A,quiet,subj67,m,quita,133
991,1669953303960,02/12/2022 03:55:03,1669953303465,-6,01/12/2022 21:55:03,92237,21,task-bsko,,25622444,BLIND,7588880,,complete,,638974fc642773387b0fa186,mobile,Apple iPhone,iOS 15.6.1,Mobile Safari 15.6.1,414x896,800x364,,Audio Naming Task,26,Block 6-A,soundCheckPassed,6-A,6-A,302,3,2,Screen 2,Zone4,response_button_text,1083,,,i,1,1,0,0,,,,,2,Trial (Quiet),i_subj67_m_quita_133.wav,none,i,,1,6-A,quiet,subj67,m,quita,133
992,1669953304374,02/12/2022 03:55:04,1669953303766,-6,01/12/2022 21:55:03,92237,21,task-bsko,,25622444,BLIND,7588880,,complete,,638974fc642773387b0fa186,mobile,Apple iPhone,iOS 15.6.1,Mobile Safari 15.6.1,414x896,800x364,,Audio Naming Task,26,Block 6-A,soundCheckPassed,6-A,6-A,322,4,1,Screen 1,fixation,fixation,334,,,,,0,1,0,,,,,2,Trial (Quiet),o_subj40_f_bota_183.wav,none,o,,1,6-A,quiet,subj40,f,bota,183
993,1669953304374,02/12/2022 03:55:04,1669953303784,-6,01/12/2022 21:55:03,92237,21,task-bsko,,25622444,BLIND,7588880,,complete,,638974fc642773387b0fa186,mobile,Apple iPhone,iOS 15.6.1,Mobile Safari 15.6.1,414x896,800x364,,Audio Naming Task,26,Block 6-A,soundCheckPassed,6-A,6-A,322,4,2,Screen 2,Zone6,content_web_audio,2,,,AUDIO PLAY REQUESTED,1,0,1,0,,,,,2,Trial (Quiet),o_subj40_f_bota_183.wav,none,o,,1,6-A,quiet,subj40,f,bota,183
994,1669953304374,02/12/2022 03:55:04,1669953303786,-6,01/12/2022 21:55:03,92237,21,task-bsko,,25622444,BLIND,7588880,,complete,,638974fc642773387b0fa186,mobile,Apple iPhone,iOS 15.6.1,Mobile Safari 15.6.1,414x896,800x364,,Audio Naming Task,26,Block 6-A,soundCheckPassed,6-A,6-A,322,4,2,Screen 2,Zone7,content_web_audio,4,,,AUDIO PLAY REQUESTED,1,0,1,0,,,,,2,Trial (Quiet),o_subj40_f_bota_183.wav,none,o,,1,6-A,quiet,subj40,f,bota,183
995,1669953305586,02/12/2022 03:55:05,1669953305081,-6,01/12/2022 21:55:05,92237,21,task-bsko,,25622444,BLIND,7588880,,complete,,638974fc642773387b0fa186,mobile,Apple iPhone,iOS 15.6.1,Mobile Safari 15.6.1,414x896,800x364,,Audio Naming Task,26,Block 6-A,soundCheckPassed,6-A,6-A,322,4,2,Screen 2,Zone3,response_button_text,1298,,,o,1,1,0,0,,,,,2,Trial (Quiet),o_subj40_f_bota_183.wav,none,o,,1,6-A,quiet,subj40,f,bota,183
996,1669953305994,02/12/2022 03:55:05,1669953305433,-6,01/12/2022 21:55:05,92237,21,task-bsko,,25622444,BLIND,7588880,,complete,,638974fc642773387b0fa186,mobile,Apple iPhone,iOS 15.6.1,Mobile Safari 15.6.1,414x896,800x364,,Audio Naming Task,26,Block 6-A,soundCheckPassed,6-A,6-A,350,5,1,Screen 1,fixation,fixation,366,,,,,0,1,0,,,,,2,Trial (Quiet),o_subj31_m_voto_219.wav,none,o,,1,6-A,quiet,subj31,m,voto,219
997,1669953305994,02/12/2022 03:55:05,1669953305449,-6,01/12/2022 21:55:05,92237,21,task-bsko,,25622444,BLIND,7588880,,complete,,638974fc642773387b0fa186,mobile,Apple iPhone,iOS 15.6.1,Mobile Safari 15.6.1,414x896,800x364,,Audio Naming Task,26,Block 6-A,soundCheckPassed,6-A,6-A,350,5,2,Screen 2,Zone6,content_web_audio,2,,,AUDIO PLAY REQUESTED,1,0,1,0,,,,,2,Trial (Quiet),o_subj31_m_voto_219.wav,none,o,,1,6-A,quiet,subj31,m,voto,219
998,1669953305994,02/12/2022 03:55:05,1669953305451,-6,01/12/2022 21:55:05,92237,21,task-bsko,,25622444,BLIND,7588880,,complete,,638974fc642773387b0fa186,mobile,Apple iPhone,iOS 15.6.1,Mobile Safari 15.6.1,414x896,800x364,,Audio Naming Task,26,Block 6-A,soundCheckPassed,6-A,6-A,350,5,2,Screen 2,Zone7,content_web_audio,4.000000000058208,,,AUDIO PLAY REQUESTED,1,0,1,0,,,,,2,Trial (Quiet),o_subj31_m_voto_219.wav,none,o,,1,6-A,quiet,subj31,m,voto,219
999,1669953307033,02/12/2022 03:55:07,1669953306623,-6,01/12/2022 21:55:06,92237,21,task-bsko,,25622444,BLIND,7588880,,complete,,638974fc642773387b0fa186,mobile,Apple iPhone,iOS 15.6.1,Mobile Safari 15.6.1,414x896,800x364,,Audio Naming Task,26,Block 6-A,soundCheckPassed,6-A,6-A,350,5,2,Screen 2,Zone3,response_button_text,1175,,,o,1,1,0,0,,,,,2,Trial (Quiet),o_subj31_m_voto_219.wav,none,o,,1,6-A,quiet,subj31,m,voto,219
1000,1669953307427,02/12/2022 03:55:07,1669953306966,-6,01/12/2022 21:55:06,92237,21,task-bsko,,25622444,BLIND,7588880,,complete,,638974fc642773387b0fa186,mobile,Apple iPhone,iOS 15.6.1,Mobile Safari 15.6.1,414x896,800x364,,Audio Naming Task,26,Block 6-A,soundCheckPassed,6-A,6-A,368,6,1,Screen 1,fixation,fixation,367,,,,,0,1,0,,,,,2,Trial (Quiet),u_subj72_m_supe_290.wav,none,u,,1,6-A,quiet,subj72,m,supe,290
1001,1669953307648,02/12/2022 03:55:07,1669953306985,-6,01/12/2022 21:55:06,92237,21,task-bsko,,25622444,BLIND,7588880,,complete,,638974fc642773387b0fa186,mobile,Apple iPhone,iOS 15.6.1,Mobile Safari 15.6.1,414x896,800x364,,Audio Naming Task,26,Block 6-A,soundCheckPassed,6-A,6-A,368,6,2,Screen 2,Zone6,content_web_audio,2,,,AUDIO PLAY REQUESTED,1,0,1,0,,,,,2,Trial (Quiet),u_subj72_m_supe_290.wav,none,u,,1,6-A,quiet,subj72,m,supe,290
1002,1669953307648,02/12/2022 03:55:07,1669953306987,-6,01/12/2022 21:55:06,92237,21,task-bsko,,25622444,BLIND,7588880,,complete,,638974fc642773387b0fa186,mobile,Apple iPhone,iOS 15.6.1,Mobile Safari 15.6.1,414x896,800x364,,Audio Naming Task,26,Block 6-A,soundCheckPassed,6-A,6-A,368,6,2,Screen 2,Zone7,content_web_audio,4.000000000058208,,,AUDIO PLAY REQUESTED,1,0,1,0,,,,,2,Trial (Quiet),u_subj72_m_supe_290.wav,none,u,,1,6-A,quiet,subj72,m,supe,290
1003,1669953308763,02/12/2022 03:55:08,1669953308273,-6,01/12/2022 21:55:08,92237,21,task-bsko,,25622444,BLIND,7588880,,complete,,638974fc642773387b0fa186,mobile,Apple iPhone,iOS 15.6.1,Mobile Safari 15.6.1,414x896,800x364,,Audio Naming Task,26,Block 6-A,soundCheckPassed,6-A,6-A,368,6,2,Screen 2,Zone2,response_button_text,1289,,,u,1,1,0,0,,,,,2,Trial (Quiet),u_subj72_m_supe_290.wav,none,u,,1,6-A,quiet,subj72,m,supe,290
1004,1669953309148,02/12/2022 03:55:09,1669953308633,-6,01/12/2022 21:55:08,92237,21,task-bsko,,25622444,BLIND,7588880,,complete,,638974fc642773387b0fa186,mobile,Apple iPhone,iOS 15.6.1,Mobile Safari 15.6.1,414x896,800x364,,Audio Naming Task,26,Block 6-A,soundCheckPassed,6-A,6-A,292,7,1,Screen 1,fixation,fixation,367,,,,,0,1,0,,,,,2,Trial (Quiet),i_subj23_f_quite_55.wav,none,i,,1,6-A,quiet,subj23,f,quite,55
1005,1669953309148,02/12/2022 03:55:09,1669953308650,-6,01/12/2022 21:55:08,92237,21,task-bsko,,25622444,BLIND,7588880,,complete,,638974fc642773387b0fa186,mobile,Apple iPhone,iOS 15.6.1,Mobile Safari 15.6.1,414x896,800x364,,Audio Naming Task,26,Block 6-A,soundCheckPassed,6-A,6-A,292,7,2,Screen 2,Zone6,content_web_audio,2,,,AUDIO PLAY REQUESTED,1,0,1,0,,,,,2,Trial (Quiet),i_subj23_f_quite_55.wav,none,i,,1,6-A,quiet,subj23,f,quite,55
1006,1669953309148,02/12/2022 03:55:09,1669953308652,-6,01/12/2022 21:55:08,92237,21,task-bsko,,25622444,BLIND,7588880,,complete,,638974fc642773387b0fa186,mobile,Apple iPhone,iOS 15.6.1,Mobile Safari 15.6.1,414x896,800x364,,Audio Naming Task,26,Block 6-A,soundCheckPassed,6-A,6-A,292,7,2,Screen 2,Zone7,content_web_audio,4,,,AUDIO PLAY REQUESTED,1,0,1,0,,,,,2,Trial (Quiet),i_subj23_f_quite_55.wav,none,i,,1,6-A,quiet,subj23,f,quite,55
1007,1669953310212,02/12/2022 03:55:10,1669953309806,-6,01/12/2022 21:55:09,92237,21,task-bsko,,25622444,BLIND,7588880,,complete,,638974fc642773387b0fa186,mobile,Apple iPhone,iOS 15.6.1,Mobile Safari 15.6.1,414x896,800x364,,Audio Naming Task,26,Block 6-A,soundCheckPassed,6-A,6-A,292,7,2,Screen 2,Zone4,response_button_text,1157,,,i,1,1,0,0,,,,,2,Trial (Quiet),i_subj23_f_quite_55.wav,none,i,,1,6-A,quiet,subj23,f,quite,55
1008,1669953310656,02/12/2022 03:55:10,1669953310166,-6,01/12/2022 21:55:10,92237,21,task-bsko,,25622444,BLIND,7588880,,complete,,638974fc642773387b0fa186,mobile,Apple iPhone,iOS 15.6.1,Mobile Safari 15.6.1,414x896,800x364,,Audio Naming Task,26,Block 6-A,soundCheckPassed,6-A,6-A,319,8,1,Screen 1,fixation,fixation,367,,,,,0,1,0,,,,,2,Trial (Quiet),o_subj22_f_coro_107.wav,none,o,,1,6-A,quiet,subj22,f,coro,107
1009,1669953310833,02/12/2022 03:55:10,1669953310185,-6,01/12/2022 21:55:10,92237,21,task-bsko,,25622444,BLIND,7588880,,complete,,638974fc642773387b0fa186,mobile,Apple iPhone,iOS 15.6.1,Mobile Safari 15.6.1,414x896,800x364,,Audio Naming Task,26,Block 6-A,soundCheckPassed,6-A,6-A,319,8,2,Screen 2,Zone6,content_web_audio,1,,,AUDIO PLAY REQUESTED,1,0,1,0,,,,,2,Trial (Quiet),o_subj22_f_coro_107.wav,none,o,,1,6-A,quiet,subj22,f,coro,107
1010,1669953310833,02/12/2022 03:55:10,1669953310187,-6,01/12/2022 21:55:10,92237,21,task-bsko,,25622444,BLIND,7588880,,complete,,638974fc642773387b0fa186,mobile,Apple iPhone,iOS 15.6.1,Mobile Safari 15.6.1,414x896,800x364,,Audio Naming Task,26,Block 6-A,soundCheckPassed,6-A,6-A,319,8,2,Screen 2,Zone7,content_web_audio,3,,,AUDIO PLAY REQUESTED,1,0,1,0,,,,,2,Trial (Quiet),o_subj22_f_coro_107.wav,none,o,,1,6-A,quiet,subj22,f,coro,107
1011,1669953311731,02/12/2022 03:55:11,1669953311181,-6,01/12/2022 21:55:11,92237,21,task-bsko,,25622444,BLIND,7588880,,complete,,638974fc642773387b0fa186,mobile,Apple iPhone,iOS 15.6.1,Mobile Safari 15.6.1,414x896,800x364,,Audio Naming Task,26,Block 6-A,soundCheckPassed,6-A,6-A,319,8,2,Screen 2,Zone3,response_button_text,996,,,o,1,1,0,0,,,,,2,Trial (Quiet),o_subj22_f_coro_107.wav,none,o,,1,6-A,quiet,subj22,f,coro,107
1012,1669953312133,02/12/2022 03:55:12,1669953311499,-6,01/12/2022 21:55:11,92237,21,task-bsko,,25622444,BLIND,7588880,,complete,,638974fc642773387b0fa186,mobile,Apple iPhone,iOS 15.6.1,Mobile Safari 15.6.1,414x896,800x364,,Audio Naming Task,26,Block 6-A,soundCheckPassed,6-A,6-A,393,9,1,Screen 1,fixation,fixation,334,,,,,0,1,0,,,,,2,Trial (Quiet),u_subj39_f_puso_144.wav,none,u,,1,6-A,quiet,subj39,f,puso,144
1013,1669953312133,02/12/2022 03:55:12,1669953311518,-6,01/12/2022 21:55:11,92237,21,task-bsko,,25622444,BLIND,7588880,,complete,,638974fc642773387b0fa186,mobile,Apple iPhone,iOS 15.6.1,Mobile Safari 15.6.1,414x896,800x364,,Audio Naming Task,26,Block 6-A,soundCheckPassed,6-A,6-A,393,9,2,Screen 2,Zone6,content_web_audio,1.9999999999417923,,,AUDIO PLAY REQUESTED,1,0,1,0,,,,,2,Trial (Quiet),u_subj39_f_puso_144.wav,none,u,,1,6-A,quiet,subj39,f,puso,144
1014,1669953312133,02/12/2022 03:55:12,1669953311520,-6,01/12/2022 21:55:11,92237,21,task-bsko,,25622444,BLIND,7588880,,complete,,638974fc642773387b0fa186,mobile,Apple iPhone,iOS 15.6.1,Mobile Safari 15.6.1,414x896,800x364,,Audio Naming Task,26,Block 6-A,soundCheckPassed,6-A,6-A,393,9,2,Screen 2,Zone7,content_web_audio,3.9999999999417923,,,AUDIO PLAY REQUESTED,1,0,1,0,,,,,2,Trial (Quiet),u_subj39_f_puso_144.wav,none,u,,1,6-A,quiet,subj39,f,puso,144
1015,1669953313158,02/12/2022 03:55:13,1669953312756,-6,01/12/2022 21:55:12,92237,21,task-bsko,,25622444,BLIND,7588880,,complete,,638974fc642773387b0fa186,mobile,Apple iPhone,iOS 15.6.1,Mobile Safari 15.6.1,414x896,800x364,,Audio Naming Task,26,Block 6-A,soundCheckPassed,6-A,6-A,393,9,2,Screen 2,Zone2,response_button_text,1238.9999999999418,,,u,1,1,0,0,,,,,2,Trial (Quiet),u_subj39_f_puso_144.wav,none,u,,1,6-A,quiet,subj39,f,puso,144
1016,1669953313571,02/12/2022 03:55:13,1669953313099,-6,01/12/2022 21:55:13,92237,21,task-bsko,,25622444,BLIND,7588880,,complete,,638974fc642773387b0fa186,mobile,Apple iPhone,iOS 15.6.1,Mobile Safari 15.6.1,414x896,800x364,,Audio Naming Task,26,Block 6-A,soundCheckPassed,6-A,6-A,378,10,1,Screen 1,fixation,fixation,367,,,,,0,1,0,,,,,2,Trial (Quiet),u_subj22_f_buque_161.wav,none,u,,1,6-A,quiet,subj22,f,buque,161
1017,1669953313764,02/12/2022 03:55:13,1669953313120,-6,01/12/2022 21:55:13,92237,21,task-bsko,,25622444,BLIND,7588880,,complete,,638974fc642773387b0fa186,mobile,Apple iPhone,iOS 15.6.1,Mobile Safari 15.6.1,414x896,800x364,,Audio Naming Task,26,Block 6-A,soundCheckPassed,6-A,6-A,378,10,2,Screen 2,Zone6,content_web_audio,2,,,AUDIO PLAY REQUESTED,1,0,1,0,,,,,2,Trial (Quiet),u_subj22_f_buque_161.wav,none,u,,1,6-A,quiet,subj22,f,buque,161
1018,1669953313764,02/12/2022 03:55:13,1669953313121,-6,01/12/2022 21:55:13,92237,21,task-bsko,,25622444,BLIND,7588880,,complete,,638974fc642773387b0fa186,mobile,Apple iPhone,iOS 15.6.1,Mobile Safari 15.6.1,414x896,800x364,,Audio Naming Task,26,Block 6-A,soundCheckPassed,6-A,6-A,378,10,2,Screen 2,Zone7,content_web_audio,3,,,AUDIO PLAY REQUESTED,1,0,1,0,,,,,2,Trial (Quiet),u_subj22_f_buque_161.wav,none,u,,1,6-A,quiet,subj22,f,buque,161
1019,1669953315114,02/12/2022 03:55:15,1669953314573,-6,01/12/2022 21:55:14,92237,21,task-bsko,,25622444,BLIND,7588880,,complete,,638974fc642773387b0fa186,mobile,Apple iPhone,iOS 15.6.1,Mobile Safari 15.6.1,414x896,800x364,,Audio Naming Task,26,Block 6-A,soundCheckPassed,6-A,6-A,378,10,2,Screen 2,Zone2,response_button_text,1454,,,u,1,1,0,0,,,,,2,Trial (Quiet),u_subj22_f_buque_161.wav,none,u,,1,6-A,quiet,subj22,f,buque,161
1020,1669953315514,02/12/2022 03:55:15,1669953314899,-6,01/12/2022 21:55:14,92237,21,task-bsko,,25622444,BLIND,7588880,,complete,,638974fc642773387b0fa186,mobile,Apple iPhone,iOS 15.6.1,Mobile Safari 15.6.1,414x896,800x364,,Audio Naming Task,26,Block 6-A,soundCheckPassed,6-A,6-A,205,11,1,Screen 1,fixation,fixation,334,,,,,0,1,0,,,,,2,Trial (Quiet),a_subj7_f_saque_135.wav,none,a,,1,6-A,quiet,subj7,f,saque,135
1021,1669953315514,02/12/2022 03:55:15,1669953314919,-6,01/12/2022 21:55:14,92237,21,task-bsko,,25622444,BLIND,7588880,,complete,,638974fc642773387b0fa186,mobile,Apple iPhone,iOS 15.6.1,Mobile Safari 15.6.1,414x896,800x364,,Audio Naming Task,26,Block 6-A,soundCheckPassed,6-A,6-A,205,11,2,Screen 2,Zone6,content_web_audio,2,,,AUDIO PLAY REQUESTED,1,0,1,0,,,,,2,Trial (Quiet),a_subj7_f_saque_135.wav,none,a,,1,6-A,quiet,subj7,f,saque,135
1022,1669953315514,02/12/2022 03:55:15,1669953314921,-6,01/12/2022 21:55:14,92237,21,task-bsko,,25622444,BLIND,7588880,,complete,,638974fc642773387b0fa186,mobile,Apple iPhone,iOS 15.6.1,Mobile Safari 15.6.1,414x896,800x364,,Audio Naming Task,26,Block 6-A,soundCheckPassed,6-A,6-A,205,11,2,Screen 2,Zone7,content_web_audio,4,,,AUDIO PLAY REQUESTED,1,0,1,0,,,,,2,Trial (Quiet),a_subj7_f_saque_135.wav,none,a,,1,6-A,quiet,subj7,f,saque,135
1023,1669953316536,02/12/2022 03:55:16,1669953315982,-6,01/12/2022 21:55:15,92237,21,task-bsko,,25622444,BLIND,7588880,,complete,,638974fc642773387b0fa186,mobile,Apple iPhone,iOS 15.6.1,Mobile Safari 15.6.1,414x896,800x364,,Audio Naming Task,26,Block 6-A,soundCheckPassed,6-A,6-A,205,11,2,Screen 2,Zone1,response_button_text,1064,,,a,1,1,0,0,,,,,2,Trial (Quiet),a_subj7_f_saque_135.wav,none,a,,1,6-A,quiet,subj7,f,saque,135
1024,1669953316927,02/12/2022 03:55:16,1669953316299,-6,01/12/2022 21:55:16,92237,21,task-bsko,,25622444,BLIND,7588880,,complete,,638974fc642773387b0fa186,mobile,Apple iPhone,iOS 15.6.1,Mobile Safari 15.6.1,414x896,800x364,,Audio Naming Task,26,Block 6-A,soundCheckPassed,6-A,6-A,348,12,1,Screen 1,fixation,fixation,334,,,,,0,1,0,,,,,2,Trial (Quiet),o_subj9_m_toque_100.wav,none,o,,1,6-A,quiet,subj9,m,toque,100
1025,1669953316927,02/12/2022 03:55:16,1669953316317,-6,01/12/2022 21:55:16,92237,21,task-bsko,,25622444,BLIND,7588880,,complete,,638974fc642773387b0fa186,mobile,Apple iPhone,iOS 15.6.1,Mobile Safari 15.6.1,414x896,800x364,,Audio Naming Task,26,Block 6-A,soundCheckPassed,6-A,6-A,348,12,2,Screen 2,Zone6,content_web_audio,2,,,AUDIO PLAY REQUESTED,1,0,1,0,,,,,2,Trial (Quiet),o_subj9_m_toque_100.wav,none,o,,1,6-A,quiet,subj9,m,toque,100
1026,1669953316927,02/12/2022 03:55:16,1669953316319,-6,01/12/2022 21:55:16,92237,21,task-bsko,,25622444,BLIND,7588880,,complete,,638974fc642773387b0fa186,mobile,Apple iPhone,iOS 15.6.1,Mobile Safari 15.6.1,414x896,800x364,,Audio Naming Task,26,Block 6-A,soundCheckPassed,6-A,6-A,348,12,2,Screen 2,Zone7,content_web_audio,4,,,AUDIO PLAY REQUESTED,1,0,1,0,,,,,2,Trial (Quiet),o_subj9_m_toque_100.wav,none,o,,1,6-A,quiet,subj9,m,toque,100
1027,1669953317973,02/12/2022 03:55:17,1669953317447,-6,01/12/2022 21:55:17,92237,21,task-bsko,,25622444,BLIND,7588880,,complete,,638974fc642773387b0fa186,mobile,Apple iPhone,iOS 15.6.1,Mobile Safari 15.6.1,414x896,800x364,,Audio Naming Task,26,Block 6-A,soundCheckPassed,6-A,6-A,348,12,2,Screen 2,Zone3,response_button_text,1132,,,o,1,1,0,0,,,,,2,Trial (Quiet),o_subj9_m_toque_100.wav,none,o,,1,6-A,quiet,subj9,m,toque,100
1028,1669953318354,02/12/2022 03:55:18,1669953317799,-6,01/12/2022 21:55:17,92237,21,task-bsko,,25622444,BLIND,7588880,,complete,,638974fc642773387b0fa186,mobile,Apple iPhone,iOS 15.6.1,Mobile Safari 15.6.1,414x896,800x364,,Audio Naming Task,26,Block 6-A,soundCheckPassed,6-A,6-A,296,13,1,Screen 1,fixation,fixation,365,,,,,0,1,0,,,,,2,Trial (Quiet),i_subj34_f_quite_378.wav,none,i,,1,6-A,quiet,subj34,f,quite,378
1029,1669953318354,02/12/2022 03:55:18,1669953317816,-6,01/12/2022 21:55:17,92237,21,task-bsko,,25622444,BLIND,7588880,,complete,,638974fc642773387b0fa186,mobile,Apple iPhone,iOS 15.6.1,Mobile Safari 15.6.1,414x896,800x364,,Audio Naming Task,26,Block 6-A,soundCheckPassed,6-A,6-A,296,13,2,Screen 2,Zone6,content_web_audio,1.9999999999417923,,,AUDIO PLAY REQUESTED,1,0,1,0,,,,,2,Trial (Quiet),i_subj34_f_quite_378.wav,none,i,,1,6-A,quiet,subj34,f,quite,378
1030,1669953318354,02/12/2022 03:55:18,1669953317817,-6,01/12/2022 21:55:17,92237,21,task-bsko,,25622444,BLIND,7588880,,complete,,638974fc642773387b0fa186,mobile,Apple iPhone,iOS 15.6.1,Mobile Safari 15.6.1,414x896,800x364,,Audio Naming Task,26,Block 6-A,soundCheckPassed,6-A,6-A,296,13,2,Screen 2,Zone7,content_web_audio,3.9999999999417923,,,AUDIO PLAY REQUESTED,1,0,1,0,,,,,2,Trial (Quiet),i_subj34_f_quite_378.wav,none,i,,1,6-A,quiet,subj34,f,quite,378
1031,1669953319236,02/12/2022 03:55:19,1669953318763,-6,01/12/2022 21:55:18,92237,21,task-bsko,,25622444,BLIND,7588880,,complete,,638974fc642773387b0fa186,mobile,Apple iPhone,iOS 15.6.1,Mobile Safari 15.6.1,414x896,800x364,,Audio Naming Task,26,Block 6-A,soundCheckPassed,6-A,6-A,296,13,2,Screen 2,Zone4,response_button_text,948.9999999999418,,,i,1,1,0,0,,,,,2,Trial (Quiet),i_subj34_f_quite_378.wav,none,i,,1,6-A,quiet,subj34,f,quite,378
1032,1669953319606,02/12/2022 03:55:19,1669953319098,-6,01/12/2022 21:55:19,92237,21,task-bsko,,25622444,BLIND,7588880,,complete,,638974fc642773387b0fa186,mobile,Apple iPhone,iOS 15.6.1,Mobile Safari 15.6.1,414x896,800x364,,Audio Naming Task,26,Block 6-A,soundCheckPassed,6-A,6-A,331,14,1,Screen 1,fixation,fixation,366,,,,,0,1,0,,,,,2,Trial (Quiet),o_subj16_f_coro_172.wav,none,o,,1,6-A,quiet,subj16,f,coro,172
1033,1669953319606,02/12/2022 03:55:19,1669953319115,-6,01/12/2022 21:55:19,92237,21,task-bsko,,25622444,BLIND,7588880,,complete,,638974fc642773387b0fa186,mobile,Apple iPhone,iOS 15.6.1,Mobile Safari 15.6.1,414x896,800x364,,Audio Naming Task,26,Block 6-A,soundCheckPassed,6-A,6-A,331,14,2,Screen 2,Zone6,content_web_audio,1,,,AUDIO PLAY REQUESTED,1,0,1,0,,,,,2,Trial (Quiet),o_subj16_f_coro_172.wav,none,o,,1,6-A,quiet,subj16,f,coro,172
1034,1669953319606,02/12/2022 03:55:19,1669953319116,-6,01/12/2022 21:55:19,92237,21,task-bsko,,25622444,BLIND,7588880,,complete,,638974fc642773387b0fa186,mobile,Apple iPhone,iOS 15.6.1,Mobile Safari 15.6.1,414x896,800x364,,Audio Naming Task,26,Block 6-A,soundCheckPassed,6-A,6-A,331,14,2,Screen 2,Zone7,content_web_audio,3.0000000000582077,,,AUDIO PLAY REQUESTED,1,0,1,0,,,,,2,Trial (Quiet),o_subj16_f_coro_172.wav,none,o,,1,6-A,quiet,subj16,f,coro,172
1035,1669953320447,02/12/2022 03:55:20,1669953320005,-6,01/12/2022 21:55:20,92237,21,task-bsko,,25622444,BLIND,7588880,,complete,,638974fc642773387b0fa186,mobile,Apple iPhone,iOS 15.6.1,Mobile Safari 15.6.1,414x896,800x364,,Audio Naming Task,26,Block 6-A,soundCheckPassed,6-A,6-A,331,14,2,Screen 2,Zone3,response_button_text,891,,,o,1,1,0,0,,,,,2,Trial (Quiet),o_subj16_f_coro_172.wav,none,o,,1,6-A,quiet,subj16,f,coro,172
1036,1669953320823,02/12/2022 03:55:20,1669953320365,-6,01/12/2022 21:55:20,92237,21,task-bsko,,25622444,BLIND,7588880,,complete,,638974fc642773387b0fa186,mobile,Apple iPhone,iOS 15.6.1,Mobile Safari 15.6.1,414x896,800x364,,Audio Naming Task,26,Block 6-A,soundCheckPassed,6-A,6-A,353,15,1,Screen 1,fixation,fixation,367,,,,,0,1,0,,,,,2,Trial (Quiet),o_subj77_m_toca_109.wav,none,o,,1,6-A,quiet,subj77,m,toca,109
1037,1669953321088,02/12/2022 03:55:21,1669953320384,-6,01/12/2022 21:55:20,92237,21,task-bsko,,25622444,BLIND,7588880,,complete,,638974fc642773387b0fa186,mobile,Apple iPhone,iOS 15.6.1,Mobile Safari 15.6.1,414x896,800x364,,Audio Naming Task,26,Block 6-A,soundCheckPassed,6-A,6-A,353,15,2,Screen 2,Zone6,content_web_audio,2,,,AUDIO PLAY REQUESTED,1,0,1,0,,,,,2,Trial (Quiet),o_subj77_m_toca_109.wav,none,o,,1,6-A,quiet,subj77,m,toca,109
1038,1669953321088,02/12/2022 03:55:21,1669953320385,-6,01/12/2022 21:55:20,92237,21,task-bsko,,25622444,BLIND,7588880,,complete,,638974fc642773387b0fa186,mobile,Apple iPhone,iOS 15.6.1,Mobile Safari 15.6.1,414x896,800x364,,Audio Naming Task,26,Block 6-A,soundCheckPassed,6-A,6-A,353,15,2,Screen 2,Zone7,content_web_audio,4,,,AUDIO PLAY REQUESTED,1,0,1,0,,,,,2,Trial (Quiet),o_subj77_m_toca_109.wav,none,o,,1,6-A,quiet,subj77,m,toca,109
1039,1669953322497,02/12/2022 03:55:22,1669953321972,-6,01/12/2022 21:55:21,92237,21,task-bsko,,25622444,BLIND,7588880,,complete,,638974fc642773387b0fa186,mobile,Apple iPhone,iOS 15.6.1,Mobile Safari 15.6.1,414x896,800x364,,Audio Naming Task,26,Block 6-A,soundCheckPassed,6-A,6-A,353,15,2,Screen 2,Zone2,response_button_text,1590,,,u,1,0,1,0,,,,,2,Trial (Quiet),o_subj77_m_toca_109.wav,none,o,,1,6-A,quiet,subj77,m,toca,109
1040,1669953322874,02/12/2022 03:55:22,1669953322332,-6,01/12/2022 21:55:22,92237,21,task-bsko,,25622444,BLIND,7588880,,complete,,638974fc642773387b0fa186,mobile,Apple iPhone,iOS 15.6.1,Mobile Safari 15.6.1,414x896,800x364,,Audio Naming Task,26,Block 6-A,soundCheckPassed,6-A,6-A,316,16,1,Screen 1,fixation,fixation,367,,,,,0,1,0,,,,,2,Trial (Quiet),i_subj15_m_pisa_61.wav,none,i,,1,6-A,quiet,subj15,m,pisa,61
1041,1669953322874,02/12/2022 03:55:22,1669953322349,-6,01/12/2022 21:55:22,92237,21,task-bsko,,25622444,BLIND,7588880,,complete,,638974fc642773387b0fa186,mobile,Apple iPhone,iOS 15.6.1,Mobile Safari 15.6.1,414x896,800x364,,Audio Naming Task,26,Block 6-A,soundCheckPassed,6-A,6-A,316,16,2,Screen 2,Zone6,content_web_audio,2,,,AUDIO PLAY REQUESTED,1,0,1,0,,,,,2,Trial (Quiet),i_subj15_m_pisa_61.wav,none,i,,1,6-A,quiet,subj15,m,pisa,61
1042,1669953322874,02/12/2022 03:55:22,1669953322350,-6,01/12/2022 21:55:22,92237,21,task-bsko,,25622444,BLIND,7588880,,complete,,638974fc642773387b0fa186,mobile,Apple iPhone,iOS 15.6.1,Mobile Safari 15.6.1,414x896,800x364,,Audio Naming Task,26,Block 6-A,soundCheckPassed,6-A,6-A,316,16,2,Screen 2,Zone7,content_web_audio,3.0000000000582077,,,AUDIO PLAY REQUESTED,1,0,1,0,,,,,2,Trial (Quiet),i_subj15_m_pisa_61.wav,none,i,,1,6-A,quiet,subj15,m,pisa,61
1043,1669953323759,02/12/2022 03:55:23,1669953323356,-6,01/12/2022 21:55:23,92237,21,task-bsko,,25622444,BLIND,7588880,,complete,,638974fc642773387b0fa186,mobile,Apple iPhone,iOS 15.6.1,Mobile Safari 15.6.1,414x896,800x364,,Audio Naming Task,26,Block 6-A,soundCheckPassed,6-A,6-A,316,16,2,Screen 2,Zone4,response_button_text,1008.0000000000582,,,i,1,1,0,0,,,,,2,Trial (Quiet),i_subj15_m_pisa_61.wav,none,i,,1,6-A,quiet,subj15,m,pisa,61
1044,1669953324249,02/12/2022 03:55:24,1669953323698,-6,01/12/2022 21:55:23,92237,21,task-bsko,,25622444,BLIND,7588880,,complete,,638974fc642773387b0fa186,mobile,Apple iPhone,iOS 15.6.1,Mobile Safari 15.6.1,414x896,800x364,,Audio Naming Task,26,Block 6-A,soundCheckPassed,6-A,6-A,231,17,1,Screen 1,fixation,fixation,367,,,,,0,1,0,,,,,2,Trial (Quiet),a_subj75_m_bate_190.wav,none,a,,1,6-A,quiet,subj75,m,bate,190
1045,1669953324249,02/12/2022 03:55:24,1669953323715,-6,01/12/2022 21:55:23,92237,21,task-bsko,,25622444,BLIND,7588880,,complete,,638974fc642773387b0fa186,mobile,Apple iPhone,iOS 15.6.1,Mobile Safari 15.6.1,414x896,800x364,,Audio Naming Task,26,Block 6-A,soundCheckPassed,6-A,6-A,231,17,2,Screen 2,Zone6,content_web_audio,1.9999999999417923,,,AUDIO PLAY REQUESTED,1,0,1,0,,,,,2,Trial (Quiet),a_subj75_m_bate_190.wav,none,a,,1,6-A,quiet,subj75,m,bate,190
1046,1669953324249,02/12/2022 03:55:24,1669953323716,-6,01/12/2022 21:55:23,92237,21,task-bsko,,25622444,BLIND,7588880,,complete,,638974fc642773387b0fa186,mobile,Apple iPhone,iOS 15.6.1,Mobile Safari 15.6.1,414x896,800x364,,Audio Naming Task,26,Block 6-A,soundCheckPassed,6-A,6-A,231,17,2,Screen 2,Zone7,content_web_audio,3.9999999999417923,,,AUDIO PLAY REQUESTED,1,0,1,0,,,,,2,Trial (Quiet),a_subj75_m_bate_190.wav,none,a,,1,6-A,quiet,subj75,m,bate,190
1047,1669953325564,02/12/2022 03:55:25,1669953325022,-6,01/12/2022 21:55:25,92237,21,task-bsko,,25622444,BLIND,7588880,,complete,,638974fc642773387b0fa186,mobile,Apple iPhone,iOS 15.6.1,Mobile Safari 15.6.1,414x896,800x364,,Audio Naming Task,26,Block 6-A,soundCheckPassed,6-A,6-A,231,17,2,Screen 2,Zone1,response_button_text,1308.9999999999418,,,a,1,1,0,0,,,,,2,Trial (Quiet),a_subj75_m_bate_190.wav,none,a,,1,6-A,quiet,subj75,m,bate,190
1048,1669953325974,02/12/2022 03:55:25,1669953325331,-6,01/12/2022 21:55:25,92237,21,task-bsko,,25622444,BLIND,7588880,,complete,,638974fc642773387b0fa186,mobile,Apple iPhone,iOS 15.6.1,Mobile Safari 15.6.1,414x896,800x364,,Audio Naming Task,26,Block 6-A,soundCheckPassed,6-A,6-A,247,18,1,Screen 1,fixation,fixation,334,,,,,0,1,0,,,,,2,Trial (Quiet),e_subj20_m_veto_219.wav,none,e,,1,6-A,quiet,subj20,m,veto,219
1049,1669953325974,02/12/2022 03:55:25,1669953325361,-6,01/12/2022 21:55:25,92237,21,task-bsko,,25622444,BLIND,7588880,,complete,,638974fc642773387b0fa186,mobile,Apple iPhone,iOS 15.6.1,Mobile Safari 15.6.1,414x896,800x364,,Audio Naming Task,26,Block 6-A,soundCheckPassed,6-A,6-A,247,18,2,Screen 2,Zone6,content_web_audio,2,,,AUDIO PLAY REQUESTED,1,0,1,0,,,,,2,Trial (Quiet),e_subj20_m_veto_219.wav,none,e,,1,6-A,quiet,subj20,m,veto,219
1050,1669953325974,02/12/2022 03:55:25,1669953325362,-6,01/12/2022 21:55:25,92237,21,task-bsko,,25622444,BLIND,7588880,,complete,,638974fc642773387b0fa186,mobile,Apple iPhone,iOS 15.6.1,Mobile Safari 15.6.1,414x896,800x364,,Audio Naming Task,26,Block 6-A,soundCheckPassed,6-A,6-A,247,18,2,Screen 2,Zone7,content_web_audio,3.0000000000582077,,,AUDIO PLAY REQUESTED,1,0,1,0,,,,,2,Trial (Quiet),e_subj20_m_veto_219.wav,none,e,,1,6-A,quiet,subj20,m,veto,219
1051,1669953326946,02/12/2022 03:55:26,1669953326563,-6,01/12/2022 21:55:26,92237,21,task-bsko,,25622444,BLIND,7588880,,complete,,638974fc642773387b0fa186,mobile,Apple iPhone,iOS 15.6.1,Mobile Safari 15.6.1,414x896,800x364,,Audio Naming Task,26,Block 6-A,soundCheckPassed,6-A,6-A,247,18,2,Screen 2,Zone5,response_button_text,1204,,,e,1,1,0,0,,,,,2,Trial (Quiet),e_subj20_m_veto_219.wav,none,e,,1,6-A,quiet,subj20,m,veto,219
1052,1669953327370,02/12/2022 03:55:27,1669953326898,-6,01/12/2022 21:55:26,92237,21,task-bsko,,25622444,BLIND,7588880,,complete,,638974fc642773387b0fa186,mobile,Apple iPhone,iOS 15.6.1,Mobile Safari 15.6.1,414x896,800x364,,Audio Naming Task,26,Block 6-A,soundCheckPassed,6-A,6-A,326,19,1,Screen 1,fixation,fixation,367,,,,,0,1,0,,,,,2,Trial (Quiet),oo_subj32_f_toco_140.wav,none,oo,,1,6-A,quiet,subj32,f,toco,140
1053,1669953327633,02/12/2022 03:55:27,1669953326919,-6,01/12/2022 21:55:26,92237,21,task-bsko,,25622444,BLIND,7588880,,complete,,638974fc642773387b0fa186,mobile,Apple iPhone,iOS 15.6.1,Mobile Safari 15.6.1,414x896,800x364,,Audio Naming Task,26,Block 6-A,soundCheckPassed,6-A,6-A,326,19,2,Screen 2,Zone6,content_web_audio,2,,,AUDIO PLAY REQUESTED,1,0,1,0,,,,,2,Trial (Quiet),oo_subj32_f_toco_140.wav,none,oo,,1,6-A,quiet,subj32,f,toco,140
1054,1669953327633,02/12/2022 03:55:27,1669953326921,-6,01/12/2022 21:55:26,92237,21,task-bsko,,25622444,BLIND,7588880,,complete,,638974fc642773387b0fa186,mobile,Apple iPhone,iOS 15.6.1,Mobile Safari 15.6.1,414x896,800x364,,Audio Naming Task,26,Block 6-A,soundCheckPassed,6-A,6-A,326,19,2,Screen 2,Zone7,content_web_audio,3,,,AUDIO PLAY REQUESTED,1,0,1,0,,,,,2,Trial (Quiet),oo_subj32_f_toco_140.wav,none,oo,,1,6-A,quiet,subj32,f,toco,140
1055,1669953328286,02/12/2022 03:55:28,1669953327789,-6,01/12/2022 21:55:27,92237,21,task-bsko,,25622444,BLIND,7588880,,complete,,638974fc642773387b0fa186,mobile,Apple iPhone,iOS 15.6.1,Mobile Safari 15.6.1,414x896,800x364,,Audio Naming Task,26,Block 6-A,soundCheckPassed,6-A,6-A,326,19,2,Screen 2,Zone3,response_button_text,870,,,o,1,0,1,0,,,,,2,Trial (Quiet),oo_subj32_f_toco_140.wav,none,oo,,1,6-A,quiet,subj32,f,toco,140
1056,1669953328744,02/12/2022 03:55:28,1669953328131,-6,01/12/2022 21:55:28,92237,21,task-bsko,,25622444,BLIND,7588880,,complete,,638974fc642773387b0fa186,mobile,Apple iPhone,iOS 15.6.1,Mobile Safari 15.6.1,414x896,800x364,,Audio Naming Task,26,Block 6-A,soundCheckPassed,6-A,6-A,384,20,1,Screen 1,fixation,fixation,366,,,,,0,1,0,,,,,2,Trial (Quiet),u_subj41_f_pura_143.wav,none,u,,1,6-A,quiet,subj41,f,pura,143
1057,1669953328744,02/12/2022 03:55:28,1669953328150,-6,01/12/2022 21:55:28,92237,21,task-bsko,,25622444,BLIND,7588880,,complete,,638974fc642773387b0fa186,mobile,Apple iPhone,iOS 15.6.1,Mobile Safari 15.6.1,414x896,800x364,,Audio Naming Task,26,Block 6-A,soundCheckPassed,6-A,6-A,384,20,2,Screen 2,Zone6,content_web_audio,3,,,AUDIO PLAY REQUESTED,1,0,1,0,,,,,2,Trial (Quiet),u_subj41_f_pura_143.wav,none,u,,1,6-A,quiet,subj41,f,pura,143
1058,1669953328744,02/12/2022 03:55:28,1669953328152,-6,01/12/2022 21:55:28,92237,21,task-bsko,,25622444,BLIND,7588880,,complete,,638974fc642773387b0fa186,mobile,Apple iPhone,iOS 15.6.1,Mobile Safari 15.6.1,414x896,800x364,,Audio Naming Task,26,Block 6-A,soundCheckPassed,6-A,6-A,384,20,2,Screen 2,Zone7,content_web_audio,4,,,AUDIO PLAY REQUESTED,1,0,1,0,,,,,2,Trial (Quiet),u_subj41_f_pura_143.wav,none,u,,1,6-A,quiet,subj41,f,pura,143
1059,1669953329955,02/12/2022 03:55:29,1669953329438,-6,01/12/2022 21:55:29,92237,21,task-bsko,,25622444,BLIND,7588880,,complete,,638974fc642773387b0fa186,mobile,Apple iPhone,iOS 15.6.1,Mobile Safari 15.6.1,414x896,800x364,,Audio Naming Task,26,Block 6-A,soundCheckPassed,6-A,6-A,384,20,2,Screen 2,Zone2,response_button_text,1289,,,u,1,1,0,0,,,,,2,Trial (Quiet),u_subj41_f_pura_143.wav,none,u,,1,6-A,quiet,subj41,f,pura,143
1060,1669953330351,02/12/2022 03:55:30,1669953329831,-6,01/12/2022 21:55:29,92237,21,task-bsko,,25622444,BLIND,7588880,,complete,,638974fc642773387b0fa186,mobile,Apple iPhone,iOS 15.6.1,Mobile Safari 15.6.1,414x896,800x364,,Audio Naming Task,26,Block 6-A,soundCheckPassed,6-A,6-A,214,21,1,Screen 1,fixation,fixation,400,,,,,0,1,0,,,,,2,Trial (Quiet),a_subj42_f_vata_200.wav,none,a,,1,6-A,quiet,subj42,f,vata,200
1061,1669953330351,02/12/2022 03:55:30,1669953329849,-6,01/12/2022 21:55:29,92237,21,task-bsko,,25622444,BLIND,7588880,,complete,,638974fc642773387b0fa186,mobile,Apple iPhone,iOS 15.6.1,Mobile Safari 15.6.1,414x896,800x364,,Audio Naming Task,26,Block 6-A,soundCheckPassed,6-A,6-A,214,21,2,Screen 2,Zone6,content_web_audio,2,,,AUDIO PLAY REQUESTED,1,0,1,0,,,,,2,Trial (Quiet),a_subj42_f_vata_200.wav,none,a,,1,6-A,quiet,subj42,f,vata,200
1062,1669953330351,02/12/2022 03:55:30,1669953329850,-6,01/12/2022 21:55:29,92237,21,task-bsko,,25622444,BLIND,7588880,,complete,,638974fc642773387b0fa186,mobile,Apple iPhone,iOS 15.6.1,Mobile Safari 15.6.1,414x896,800x364,,Audio Naming Task,26,Block 6-A,soundCheckPassed,6-A,6-A,214,21,2,Screen 2,Zone7,content_web_audio,4,,,AUDIO PLAY REQUESTED,1,0,1,0,,,,,2,Trial (Quiet),a_subj42_f_vata_200.wav,none,a,,1,6-A,quiet,subj42,f,vata,200
1063,1669953331341,02/12/2022 03:55:31,1669953330988,-6,01/12/2022 21:55:30,92237,21,task-bsko,,25622444,BLIND,7588880,,complete,,638974fc642773387b0fa186,mobile,Apple iPhone,iOS 15.6.1,Mobile Safari 15.6.1,414x896,800x364,,Audio Naming Task,26,Block 6-A,soundCheckPassed,6-A,6-A,214,21,2,Screen 2,Zone1,response_button_text,1141,,,a,1,1,0,0,,,,,2,Trial (Quiet),a_subj42_f_vata_200.wav,none,a,,1,6-A,quiet,subj42,f,vata,200
1064,1669953331794,02/12/2022 03:55:31,1669953331331,-6,01/12/2022 21:55:31,92237,21,task-bsko,,25622444,BLIND,7588880,,complete,,638974fc642773387b0fa186,mobile,Apple iPhone,iOS 15.6.1,Mobile Safari 15.6.1,414x896,800x364,,Audio Naming Task,26,Block 6-A,soundCheckPassed,6-A,6-A,380,22,1,Screen 1,fixation,fixation,366,,,,,0,1,0,,,,,2,Trial (Quiet),u_subj4_f_pura_223.wav,none,u,,1,6-A,quiet,subj4,f,pura,223
1065,1669953331994,02/12/2022 03:55:31,1669953331350,-6,01/12/2022 21:55:31,92237,21,task-bsko,,25622444,BLIND,7588880,,complete,,638974fc642773387b0fa186,mobile,Apple iPhone,iOS 15.6.1,Mobile Safari 15.6.1,414x896,800x364,,Audio Naming Task,26,Block 6-A,soundCheckPassed,6-A,6-A,380,22,2,Screen 2,Zone6,content_web_audio,2,,,AUDIO PLAY REQUESTED,1,0,1,0,,,,,2,Trial (Quiet),u_subj4_f_pura_223.wav,none,u,,1,6-A,quiet,subj4,f,pura,223
1066,1669953331994,02/12/2022 03:55:31,1669953331352,-6,01/12/2022 21:55:31,92237,21,task-bsko,,25622444,BLIND,7588880,,complete,,638974fc642773387b0fa186,mobile,Apple iPhone,iOS 15.6.1,Mobile Safari 15.6.1,414x896,800x364,,Audio Naming Task,26,Block 6-A,soundCheckPassed,6-A,6-A,380,22,2,Screen 2,Zone7,content_web_audio,4,,,AUDIO PLAY REQUESTED,1,0,1,0,,,,,2,Trial (Quiet),u_subj4_f_pura_223.wav,none,u,,1,6-A,quiet,subj4,f,pura,223
1067,1669953333346,02/12/2022 03:55:33,1669953332855,-6,01/12/2022 21:55:32,92237,21,task-bsko,,25622444,BLIND,7588880,,complete,,638974fc642773387b0fa186,mobile,Apple iPhone,iOS 15.6.1,Mobile Safari 15.6.1,414x896,800x364,,Audio Naming Task,26,Block 6-A,soundCheckPassed,6-A,6-A,380,22,2,Screen 2,Zone3,response_button_text,1505,,,o,1,0,1,0,,,,,2,Trial (Quiet),u_subj4_f_pura_223.wav,none,u,,1,6-A,quiet,subj4,f,pura,223
1068,1669953333738,02/12/2022 03:55:33,1669953333164,-6,01/12/2022 21:55:33,92237,21,task-bsko,,25622444,BLIND,7588880,,complete,,638974fc642773387b0fa186,mobile,Apple iPhone,iOS 15.6.1,Mobile Safari 15.6.1,414x896,800x364,,Audio Naming Task,26,Block 6-A,soundCheckPassed,6-A,6-A,243,23,1,Screen 1,fixation,fixation,334,,,,,0,1,0,,,,,2,Trial (Quiet),e_subj20_m_seca_197.wav,none,e,,1,6-A,quiet,subj20,m,seca,197
1069,1669953333738,02/12/2022 03:55:33,1669953333181,-6,01/12/2022 21:55:33,92237,21,task-bsko,,25622444,BLIND,7588880,,complete,,638974fc642773387b0fa186,mobile,Apple iPhone,iOS 15.6.1,Mobile Safari 15.6.1,414x896,800x364,,Audio Naming Task,26,Block 6-A,soundCheckPassed,6-A,6-A,243,23,2,Screen 2,Zone6,content_web_audio,2,,,AUDIO PLAY REQUESTED,1,0,1,0,,,,,2,Trial (Quiet),e_subj20_m_seca_197.wav,none,e,,1,6-A,quiet,subj20,m,seca,197
1070,1669953333738,02/12/2022 03:55:33,1669953333183,-6,01/12/2022 21:55:33,92237,21,task-bsko,,25622444,BLIND,7588880,,complete,,638974fc642773387b0fa186,mobile,Apple iPhone,iOS 15.6.1,Mobile Safari 15.6.1,414x896,800x364,,Audio Naming Task,26,Block 6-A,soundCheckPassed,6-A,6-A,243,23,2,Screen 2,Zone7,content_web_audio,3,,,AUDIO PLAY REQUESTED,1,0,1,0,,,,,2,Trial (Quiet),e_subj20_m_seca_197.wav,none,e,,1,6-A,quiet,subj20,m,seca,197
1071,1669953334725,02/12/2022 03:55:34,1669953334255,-6,01/12/2022 21:55:34,92237,21,task-bsko,,25622444,BLIND,7588880,,complete,,638974fc642773387b0fa186,mobile,Apple iPhone,iOS 15.6.1,Mobile Safari 15.6.1,414x896,800x364,,Audio Naming Task,26,Block 6-A,soundCheckPassed,6-A,6-A,243,23,2,Screen 2,Zone5,response_button_text,1074.0000000000582,,,e,1,1,0,0,,,,,2,Trial (Quiet),e_subj20_m_seca_197.wav,none,e,,1,6-A,quiet,subj20,m,seca,197
1072,1669953335127,02/12/2022 03:55:35,1669953334565,-6,01/12/2022 21:55:34,92237,21,task-bsko,,25622444,BLIND,7588880,,complete,,638974fc642773387b0fa186,mobile,Apple iPhone,iOS 15.6.1,Mobile Safari 15.6.1,414x896,800x364,,Audio Naming Task,26,Block 6-A,soundCheckPassed,6-A,6-A,317,24,1,Screen 1,fixation,fixation,334,,,,,0,1,0,,,,,2,Trial (Quiet),i_subj69_m_quite_268.wav,none,i,,1,6-A,quiet,subj69,m,quite,268
1073,1669953335127,02/12/2022 03:55:35,1669953334581,-6,01/12/2022 21:55:34,92237,21,task-bsko,,25622444,BLIND,7588880,,complete,,638974fc642773387b0fa186,mobile,Apple iPhone,iOS 15.6.1,Mobile Safari 15.6.1,414x896,800x364,,Audio Naming Task,26,Block 6-A,soundCheckPassed,6-A,6-A,317,24,2,Screen 2,Zone6,content_web_audio,2,,,AUDIO PLAY REQUESTED,1,0,1,0,,,,,2,Trial (Quiet),i_subj69_m_quite_268.wav,none,i,,1,6-A,quiet,subj69,m,quite,268
1074,1669953335127,02/12/2022 03:55:35,1669953334582,-6,01/12/2022 21:55:34,92237,21,task-bsko,,25622444,BLIND,7588880,,complete,,638974fc642773387b0fa186,mobile,Apple iPhone,iOS 15.6.1,Mobile Safari 15.6.1,414x896,800x364,,Audio Naming Task,26,Block 6-A,soundCheckPassed,6-A,6-A,317,24,2,Screen 2,Zone7,content_web_audio,4,,,AUDIO PLAY REQUESTED,1,0,1,0,,,,,2,Trial (Quiet),i_subj69_m_quite_268.wav,none,i,,1,6-A,quiet,subj69,m,quite,268
1075,1669953335981,02/12/2022 03:55:35,1669953335513,-6,01/12/2022 21:55:35,92237,21,task-bsko,,25622444,BLIND,7588880,,complete,,638974fc642773387b0fa186,mobile,Apple iPhone,iOS 15.6.1,Mobile Safari 15.6.1,414x896,800x364,,Audio Naming Task,26,Block 6-A,soundCheckPassed,6-A,6-A,317,24,2,Screen 2,Zone4,response_button_text,934,,,i,1,1,0,0,,,,,2,Trial (Quiet),i_subj69_m_quite_268.wav,none,i,,1,6-A,quiet,subj69,m,quite,268
1076,1669953336380,02/12/2022 03:55:36,1669953335864,-6,01/12/2022 21:55:35,92237,21,task-bsko,,25622444,BLIND,7588880,,complete,,638974fc642773387b0fa186,mobile,Apple iPhone,iOS 15.6.1,Mobile Safari 15.6.1,414x896,800x364,,Audio Naming Task,26,Block 6-A,soundCheckPassed,6-A,6-A,275,25,1,Screen 1,fixation,fixation,366,,,,,0,1,0,,,,,2,Trial (Quiet),e_subj37_f_beta_82.wav,none,e,,1,6-A,quiet,subj37,f,beta,82
1077,1669953336380,02/12/2022 03:55:36,1669953335881,-6,01/12/2022 21:55:35,92237,21,task-bsko,,25622444,BLIND,7588880,,complete,,638974fc642773387b0fa186,mobile,Apple iPhone,iOS 15.6.1,Mobile Safari 15.6.1,414x896,800x364,,Audio Naming Task,26,Block 6-A,soundCheckPassed,6-A,6-A,275,25,2,Screen 2,Zone6,content_web_audio,2,,,AUDIO PLAY REQUESTED,1,0,1,0,,,,,2,Trial (Quiet),e_subj37_f_beta_82.wav,none,e,,1,6-A,quiet,subj37,f,beta,82
1078,1669953336380,02/12/2022 03:55:36,1669953335883,-6,01/12/2022 21:55:35,92237,21,task-bsko,,25622444,BLIND,7588880,,complete,,638974fc642773387b0fa186,mobile,Apple iPhone,iOS 15.6.1,Mobile Safari 15.6.1,414x896,800x364,,Audio Naming Task,26,Block 6-A,soundCheckPassed,6-A,6-A,275,25,2,Screen 2,Zone7,content_web_audio,4,,,AUDIO PLAY REQUESTED,1,0,1,0,,,,,2,Trial (Quiet),e_subj37_f_beta_82.wav,none,e,,1,6-A,quiet,subj37,f,beta,82
1079,1669953337562,02/12/2022 03:55:37,1669953337063,-6,01/12/2022 21:55:37,92237,21,task-bsko,,25622444,BLIND,7588880,,complete,,638974fc642773387b0fa186,mobile,Apple iPhone,iOS 15.6.1,Mobile Safari 15.6.1,414x896,800x364,,Audio Naming Task,26,Block 6-A,soundCheckPassed,6-A,6-A,275,25,2,Screen 2,Zone5,response_button_text,1183,,,e,1,1,0,0,,,,,2,Trial (Quiet),e_subj37_f_beta_82.wav,none,e,,1,6-A,quiet,subj37,f,beta,82
1080,1669953337930,02/12/2022 03:55:37,1669953337397,-6,01/12/2022 21:55:37,92237,21,task-bsko,,25622444,BLIND,7588880,,complete,,638974fc642773387b0fa186,mobile,Apple iPhone,iOS 15.6.1,Mobile Safari 15.6.1,414x896,800x364,,Audio Naming Task,26,Block 6-A,soundCheckPassed,6-A,6-A,383,26,1,Screen 1,fixation,fixation,367,,,,,0,1,0,,,,,2,Trial (Quiet),u_subj50_f_cuco_289.wav,none,u,,1,6-A,quiet,subj50,f,cuco,289
1081,1669953337930,02/12/2022 03:55:37,1669953337414,-6,01/12/2022 21:55:37,92237,21,task-bsko,,25622444,BLIND,7588880,,complete,,638974fc642773387b0fa186,mobile,Apple iPhone,iOS 15.6.1,Mobile Safari 15.6.1,414x896,800x364,,Audio Naming Task,26,Block 6-A,soundCheckPassed,6-A,6-A,383,26,2,Screen 2,Zone6,content_web_audio,1,,,AUDIO PLAY REQUESTED,1,0,1,0,,,,,2,Trial (Quiet),u_subj50_f_cuco_289.wav,none,u,,1,6-A,quiet,subj50,f,cuco,289
1082,1669953337930,02/12/2022 03:55:37,1669953337415,-6,01/12/2022 21:55:37,92237,21,task-bsko,,25622444,BLIND,7588880,,complete,,638974fc642773387b0fa186,mobile,Apple iPhone,iOS 15.6.1,Mobile Safari 15.6.1,414x896,800x364,,Audio Naming Task,26,Block 6-A,soundCheckPassed,6-A,6-A,383,26,2,Screen 2,Zone7,content_web_audio,3,,,AUDIO PLAY REQUESTED,1,0,1,0,,,,,2,Trial (Quiet),u_subj50_f_cuco_289.wav,none,u,,1,6-A,quiet,subj50,f,cuco,289
1083,1669953338867,02/12/2022 03:55:38,1669953338354,-6,01/12/2022 21:55:38,92237,21,task-bsko,,25622444,BLIND,7588880,,complete,,638974fc642773387b0fa186,mobile,Apple iPhone,iOS 15.6.1,Mobile Safari 15.6.1,414x896,800x364,,Audio Naming Task,26,Block 6-A,soundCheckPassed,6-A,6-A,383,26,2,Screen 2,Zone4,response_button_text,941,,,i,1,0,1,0,,,,,2,Trial (Quiet),u_subj50_f_cuco_289.wav,none,u,,1,6-A,quiet,subj50,f,cuco,289
1084,1669953339244,02/12/2022 03:55:39,1669953338697,-6,01/12/2022 21:55:38,92237,21,task-bsko,,25622444,BLIND,7588880,,complete,,638974fc642773387b0fa186,mobile,Apple iPhone,iOS 15.6.1,Mobile Safari 15.6.1,414x896,800x364,,Audio Naming Task,26,Block 6-A,soundCheckPassed,6-A,6-A,257,27,1,Screen 1,fixation,fixation,367,,,,,0,1,0,,,,,2,Trial (Quiet),e_subj32_f_veto_152.wav,none,e,,1,6-A,quiet,subj32,f,veto,152
1085,1669953339244,02/12/2022 03:55:39,1669953338715,-6,01/12/2022 21:55:38,92237,21,task-bsko,,25622444,BLIND,7588880,,complete,,638974fc642773387b0fa186,mobile,Apple iPhone,iOS 15.6.1,Mobile Safari 15.6.1,414x896,800x364,,Audio Naming Task,26,Block 6-A,soundCheckPassed,6-A,6-A,257,27,2,Screen 2,Zone6,content_web_audio,2,,,AUDIO PLAY REQUESTED,1,0,1,0,,,,,2,Trial (Quiet),e_subj32_f_veto_152.wav,none,e,,1,6-A,quiet,subj32,f,veto,152
1086,1669953339244,02/12/2022 03:55:39,1669953338717,-6,01/12/2022 21:55:38,92237,21,task-bsko,,25622444,BLIND,7588880,,complete,,638974fc642773387b0fa186,mobile,Apple iPhone,iOS 15.6.1,Mobile Safari 15.6.1,414x896,800x364,,Audio Naming Task,26,Block 6-A,soundCheckPassed,6-A,6-A,257,27,2,Screen 2,Zone7,content_web_audio,3,,,AUDIO PLAY REQUESTED,1,0,1,0,,,,,2,Trial (Quiet),e_subj32_f_veto_152.wav,none,e,,1,6-A,quiet,subj32,f,veto,152
1087,1669953340402,02/12/2022 03:55:40,1669953339904,-6,01/12/2022 21:55:39,92237,21,task-bsko,,25622444,BLIND,7588880,,complete,,638974fc642773387b0fa186,mobile,Apple iPhone,iOS 15.6.1,Mobile Safari 15.6.1,414x896,800x364,,Audio Naming Task,26,Block 6-A,soundCheckPassed,6-A,6-A,257,27,2,Screen 2,Zone5,response_button_text,1190,,,e,1,1,0,0,,,,,2,Trial (Quiet),e_subj32_f_veto_152.wav,none,e,,1,6-A,quiet,subj32,f,veto,152
1088,1669953340780,02/12/2022 03:55:40,1669953340264,-6,01/12/2022 21:55:40,92237,21,task-bsko,,25622444,BLIND,7588880,,complete,,638974fc642773387b0fa186,mobile,Apple iPhone,iOS 15.6.1,Mobile Safari 15.6.1,414x896,800x364,,Audio Naming Task,26,Block 6-A,soundCheckPassed,6-A,6-A,232,28,1,Screen 1,fixation,fixation,366,,,,,0,1,0,,,,,2,Trial (Quiet),a_subj74_m_bate_194.wav,none,a,,1,6-A,quiet,subj74,m,bate,194
1089,1669953340780,02/12/2022 03:55:40,1669953340280,-6,01/12/2022 21:55:40,92237,21,task-bsko,,25622444,BLIND,7588880,,complete,,638974fc642773387b0fa186,mobile,Apple iPhone,iOS 15.6.1,Mobile Safari 15.6.1,414x896,800x364,,Audio Naming Task,26,Block 6-A,soundCheckPassed,6-A,6-A,232,28,2,Screen 2,Zone6,content_web_audio,2,,,AUDIO PLAY REQUESTED,1,0,1,0,,,,,2,Trial (Quiet),a_subj74_m_bate_194.wav,none,a,,1,6-A,quiet,subj74,m,bate,194
1090,1669953340780,02/12/2022 03:55:40,1669953340282,-6,01/12/2022 21:55:40,92237,21,task-bsko,,25622444,BLIND,7588880,,complete,,638974fc642773387b0fa186,mobile,Apple iPhone,iOS 15.6.1,Mobile Safari 15.6.1,414x896,800x364,,Audio Naming Task,26,Block 6-A,soundCheckPassed,6-A,6-A,232,28,2,Screen 2,Zone7,content_web_audio,4,,,AUDIO PLAY REQUESTED,1,0,1,0,,,,,2,Trial (Quiet),a_subj74_m_bate_194.wav,none,a,,1,6-A,quiet,subj74,m,bate,194
1091,1669953341760,02/12/2022 03:55:41,1669953341463,-6,01/12/2022 21:55:41,92237,21,task-bsko,,25622444,BLIND,7588880,,complete,,638974fc642773387b0fa186,mobile,Apple iPhone,iOS 15.6.1,Mobile Safari 15.6.1,414x896,800x364,,Audio Naming Task,26,Block 6-A,soundCheckPassed,6-A,6-A,232,28,2,Screen 2,Zone1,response_button_text,1184.0000000000582,,,a,1,1,0,0,,,,,2,Trial (Quiet),a_subj74_m_bate_194.wav,none,a,,1,6-A,quiet,subj74,m,bate,194
1092,1669953342267,02/12/2022 03:55:42,1669953341797,-6,01/12/2022 21:55:41,92237,21,task-bsko,,25622444,BLIND,7588880,,complete,,638974fc642773387b0fa186,mobile,Apple iPhone,iOS 15.6.1,Mobile Safari 15.6.1,414x896,800x364,,Audio Naming Task,26,Block 6-A,soundCheckPassed,6-A,6-A,392,29,1,Screen 1,fixation,fixation,366,,,,,0,1,0,,,,,2,Trial (Quiet),u_subj46_f_cura_129.wav,none,u,,1,6-A,quiet,subj46,f,cura,129
1093,1669953342473,02/12/2022 03:55:42,1669953341815,-6,01/12/2022 21:55:41,92237,21,task-bsko,,25622444,BLIND,7588880,,complete,,638974fc642773387b0fa186,mobile,Apple iPhone,iOS 15.6.1,Mobile Safari 15.6.1,414x896,800x364,,Audio Naming Task,26,Block 6-A,soundCheckPassed,6-A,6-A,392,29,2,Screen 2,Zone6,content_web_audio,1,,,AUDIO PLAY REQUESTED,1,0,1,0,,,,,2,Trial (Quiet),u_subj46_f_cura_129.wav,none,u,,1,6-A,quiet,subj46,f,cura,129
1094,1669953342473,02/12/2022 03:55:42,1669953341817,-6,01/12/2022 21:55:41,92237,21,task-bsko,,25622444,BLIND,7588880,,complete,,638974fc642773387b0fa186,mobile,Apple iPhone,iOS 15.6.1,Mobile Safari 15.6.1,414x896,800x364,,Audio Naming Task,26,Block 6-A,soundCheckPassed,6-A,6-A,392,29,2,Screen 2,Zone7,content_web_audio,3,,,AUDIO PLAY REQUESTED,1,0,1,0,,,,,2,Trial (Quiet),u_subj46_f_cura_129.wav,none,u,,1,6-A,quiet,subj46,f,cura,129
1095,1669953343315,02/12/2022 03:55:43,1669953342871,-6,01/12/2022 21:55:42,92237,21,task-bsko,,25622444,BLIND,7588880,,complete,,638974fc642773387b0fa186,mobile,Apple iPhone,iOS 15.6.1,Mobile Safari 15.6.1,414x896,800x364,,Audio Naming Task,26,Block 6-A,soundCheckPassed,6-A,6-A,392,29,2,Screen 2,Zone2,response_button_text,1056,,,u,1,1,0,0,,,,,2,Trial (Quiet),u_subj46_f_cura_129.wav,none,u,,1,6-A,quiet,subj46,f,cura,129
1096,1669953343707,02/12/2022 03:55:43,1669953343231,-6,01/12/2022 21:55:43,92237,21,task-bsko,,25622444,BLIND,7588880,,complete,,638974fc642773387b0fa186,mobile,Apple iPhone,iOS 15.6.1,Mobile Safari 15.6.1,414x896,800x364,,Audio Naming Task,26,Block 6-A,soundCheckPassed,6-A,6-A,307,30,1,Screen 1,fixation,fixation,367,,,,,0,1,0,,,,,2,Trial (Quiet),i_subj70_m_pite_68.wav,none,i,,1,6-A,quiet,subj70,m,pite,68
1097,1669953343927,02/12/2022 03:55:43,1669953343249,-6,01/12/2022 21:55:43,92237,21,task-bsko,,25622444,BLIND,7588880,,complete,,638974fc642773387b0fa186,mobile,Apple iPhone,iOS 15.6.1,Mobile Safari 15.6.1,414x896,800x364,,Audio Naming Task,26,Block 6-A,soundCheckPassed,6-A,6-A,307,30,2,Screen 2,Zone6,content_web_audio,2,,,AUDIO PLAY REQUESTED,1,0,1,0,,,,,2,Trial (Quiet),i_subj70_m_pite_68.wav,none,i,,1,6-A,quiet,subj70,m,pite,68
1098,1669953343927,02/12/2022 03:55:43,1669953343251,-6,01/12/2022 21:55:43,92237,21,task-bsko,,25622444,BLIND,7588880,,complete,,638974fc642773387b0fa186,mobile,Apple iPhone,iOS 15.6.1,Mobile Safari 15.6.1,414x896,800x364,,Audio Naming Task,26,Block 6-A,soundCheckPassed,6-A,6-A,307,30,2,Screen 2,Zone7,content_web_audio,4,,,AUDIO PLAY REQUESTED,1,0,1,0,,,,,2,Trial (Quiet),i_subj70_m_pite_68.wav,none,i,,1,6-A,quiet,subj70,m,pite,68
1099,1669953344815,02/12/2022 03:55:44,1669953344304,-6,01/12/2022 21:55:44,92237,21,task-bsko,,25622444,BLIND,7588880,,complete,,638974fc642773387b0fa186,mobile,Apple iPhone,iOS 15.6.1,Mobile Safari 15.6.1,414x896,800x364,,Audio Naming Task,26,Block 6-A,soundCheckPassed,6-A,6-A,307,30,2,Screen 2,Zone4,response_button_text,1056,,,i,1,1,0,0,,,,,2,Trial (Quiet),i_subj70_m_pite_68.wav,none,i,,1,6-A,quiet,subj70,m,pite,68
1100,1669953345187,02/12/2022 03:55:45,1669953344664,-6,01/12/2022 21:55:44,92237,21,task-bsko,,25622444,BLIND,7588880,,complete,,638974fc642773387b0fa186,mobile,Apple iPhone,iOS 15.6.1,Mobile Safari 15.6.1,414x896,800x364,,Audio Naming Task,26,Block 6-A,soundCheckPassed,6-A,6-A,244,31,1,Screen 1,fixation,fixation,366,,,,,0,1,0,,,,,2,Trial (Quiet),e_subj31_m_beta_215.wav,none,e,,1,6-A,quiet,subj31,m,beta,215
1101,1669953345187,02/12/2022 03:55:45,1669953344681,-6,01/12/2022 21:55:44,92237,21,task-bsko,,25622444,BLIND,7588880,,complete,,638974fc642773387b0fa186,mobile,Apple iPhone,iOS 15.6.1,Mobile Safari 15.6.1,414x896,800x364,,Audio Naming Task,26,Block 6-A,soundCheckPassed,6-A,6-A,244,31,2,Screen 2,Zone6,content_web_audio,1,,,AUDIO PLAY REQUESTED,1,0,1,0,,,,,2,Trial (Quiet),e_subj31_m_beta_215.wav,none,e,,1,6-A,quiet,subj31,m,beta,215
1102,1669953345187,02/12/2022 03:55:45,1669953344682,-6,01/12/2022 21:55:44,92237,21,task-bsko,,25622444,BLIND,7588880,,complete,,638974fc642773387b0fa186,mobile,Apple iPhone,iOS 15.6.1,Mobile Safari 15.6.1,414x896,800x364,,Audio Naming Task,26,Block 6-A,soundCheckPassed,6-A,6-A,244,31,2,Screen 2,Zone7,content_web_audio,3,,,AUDIO PLAY REQUESTED,1,0,1,0,,,,,2,Trial (Quiet),e_subj31_m_beta_215.wav,none,e,,1,6-A,quiet,subj31,m,beta,215
1103,1669953346334,02/12/2022 03:55:46,1669953345880,-6,01/12/2022 21:55:45,92237,21,task-bsko,,25622444,BLIND,7588880,,complete,,638974fc642773387b0fa186,mobile,Apple iPhone,iOS 15.6.1,Mobile Safari 15.6.1,414x896,800x364,,Audio Naming Task,26,Block 6-A,soundCheckPassed,6-A,6-A,244,31,2,Screen 2,Zone5,response_button_text,1200,,,e,1,1,0,0,,,,,2,Trial (Quiet),e_subj31_m_beta_215.wav,none,e,,1,6-A,quiet,subj31,m,beta,215
1104,1669953346706,02/12/2022 03:55:46,1669953346197,-6,01/12/2022 21:55:46,92237,21,task-bsko,,25622444,BLIND,7588880,,complete,,638974fc642773387b0fa186,mobile,Apple iPhone,iOS 15.6.1,Mobile Safari 15.6.1,414x896,800x364,,Audio Naming Task,26,Block 6-A,soundCheckPassed,6-A,6-A,332,32,1,Screen 1,fixation,fixation,334,,,,,0,1,0,,,,,2,Trial (Quiet),o_subj46_f_vote_94.wav,none,o,,1,6-A,quiet,subj46,f,vote,94
1105,1669953346706,02/12/2022 03:55:46,1669953346214,-6,01/12/2022 21:55:46,92237,21,task-bsko,,25622444,BLIND,7588880,,complete,,638974fc642773387b0fa186,mobile,Apple iPhone,iOS 15.6.1,Mobile Safari 15.6.1,414x896,800x364,,Audio Naming Task,26,Block 6-A,soundCheckPassed,6-A,6-A,332,32,2,Screen 2,Zone6,content_web_audio,1.9999999999417923,,,AUDIO PLAY REQUESTED,1,0,1,0,,,,,2,Trial (Quiet),o_subj46_f_vote_94.wav,none,o,,1,6-A,quiet,subj46,f,vote,94
1106,1669953346706,02/12/2022 03:55:46,1669953346215,-6,01/12/2022 21:55:46,92237,21,task-bsko,,25622444,BLIND,7588880,,complete,,638974fc642773387b0fa186,mobile,Apple iPhone,iOS 15.6.1,Mobile Safari 15.6.1,414x896,800x364,,Audio Naming Task,26,Block 6-A,soundCheckPassed,6-A,6-A,332,32,2,Screen 2,Zone7,content_web_audio,2.9999999999417923,,,AUDIO PLAY REQUESTED,1,0,1,0,,,,,2,Trial (Quiet),o_subj46_f_vote_94.wav,none,o,,1,6-A,quiet,subj46,f,vote,94
1107,1669953347569,02/12/2022 03:55:47,1669953347279,-6,01/12/2022 21:55:47,92237,21,task-bsko,,25622444,BLIND,7588880,,complete,,638974fc642773387b0fa186,mobile,Apple iPhone,iOS 15.6.1,Mobile Safari 15.6.1,414x896,800x364,,Audio Naming Task,26,Block 6-A,soundCheckPassed,6-A,6-A,332,32,2,Screen 2,Zone3,response_button_text,1065.9999999999418,,,o,1,1,0,0,,,,,2,Trial (Quiet),o_subj46_f_vote_94.wav,none,o,,1,6-A,quiet,subj46,f,vote,94
1108,1669953348052,02/12/2022 03:55:48,1669953347597,-6,01/12/2022 21:55:47,92237,21,task-bsko,,25622444,BLIND,7588880,,complete,,638974fc642773387b0fa186,mobile,Apple iPhone,iOS 15.6.1,Mobile Safari 15.6.1,414x896,800x364,,Audio Naming Task,26,Block 6-A,soundCheckPassed,6-A,6-A,376,33,1,Screen 1,fixation,fixation,334,,,,,0,1,0,,,,,2,Trial (Quiet),u_subj27_f_tusa_194.wav,none,u,,1,6-A,quiet,subj27,f,tusa,194
1109,1669953348237,02/12/2022 03:55:48,1669953347617,-6,01/12/2022 21:55:47,92237,21,task-bsko,,25622444,BLIND,7588880,,complete,,638974fc642773387b0fa186,mobile,Apple iPhone,iOS 15.6.1,Mobile Safari 15.6.1,414x896,800x364,,Audio Naming Task,26,Block 6-A,soundCheckPassed,6-A,6-A,376,33,2,Screen 2,Zone6,content_web_audio,2,,,AUDIO PLAY REQUESTED,1,0,1,0,,,,,2,Trial (Quiet),u_subj27_f_tusa_194.wav,none,u,,1,6-A,quiet,subj27,f,tusa,194
1110,1669953348237,02/12/2022 03:55:48,1669953347619,-6,01/12/2022 21:55:47,92237,21,task-bsko,,25622444,BLIND,7588880,,complete,,638974fc642773387b0fa186,mobile,Apple iPhone,iOS 15.6.1,Mobile Safari 15.6.1,414x896,800x364,,Audio Naming Task,26,Block 6-A,soundCheckPassed,6-A,6-A,376,33,2,Screen 2,Zone7,content_web_audio,4,,,AUDIO PLAY REQUESTED,1,0,1,0,,,,,2,Trial (Quiet),u_subj27_f_tusa_194.wav,none,u,,1,6-A,quiet,subj27,f,tusa,194
1111,1669953349026,02/12/2022 03:55:49,1669953348520,-6,01/12/2022 21:55:48,92237,21,task-bsko,,25622444,BLIND,7588880,,complete,,638974fc642773387b0fa186,mobile,Apple iPhone,iOS 15.6.1,Mobile Safari 15.6.1,414x896,800x364,,Audio Naming Task,26,Block 6-A,soundCheckPassed,6-A,6-A,376,33,2,Screen 2,Zone2,response_button_text,905,,,u,1,1,0,0,,,,,2,Trial (Quiet),u_subj27_f_tusa_194.wav,none,u,,1,6-A,quiet,subj27,f,tusa,194
1112,1669953349423,02/12/2022 03:55:49,1669953348863,-6,01/12/2022 21:55:48,92237,21,task-bsko,,25622444,BLIND,7588880,,complete,,638974fc642773387b0fa186,mobile,Apple iPhone,iOS 15.6.1,Mobile Safari 15.6.1,414x896,800x364,,Audio Naming Task,26,Block 6-A,soundCheckPassed,6-A,6-A,345,34,1,Screen 1,fixation,fixation,367,,,,,0,1,0,,,,,2,Trial (Quiet),o_subj71_m_toco_359.wav,none,o,,1,6-A,quiet,subj71,m,toco,359
1113,1669953349423,02/12/2022 03:55:49,1669953348880,-6,01/12/2022 21:55:48,92237,21,task-bsko,,25622444,BLIND,7588880,,complete,,638974fc642773387b0fa186,mobile,Apple iPhone,iOS 15.6.1,Mobile Safari 15.6.1,414x896,800x364,,Audio Naming Task,26,Block 6-A,soundCheckPassed,6-A,6-A,345,34,2,Screen 2,Zone6,content_web_audio,1.9999999999417923,,,AUDIO PLAY REQUESTED,1,0,1,0,,,,,2,Trial (Quiet),o_subj71_m_toco_359.wav,none,o,,1,6-A,quiet,subj71,m,toco,359
1114,1669953349423,02/12/2022 03:55:49,1669953348881,-6,01/12/2022 21:55:48,92237,21,task-bsko,,25622444,BLIND,7588880,,complete,,638974fc642773387b0fa186,mobile,Apple iPhone,iOS 15.6.1,Mobile Safari 15.6.1,414x896,800x364,,Audio Naming Task,26,Block 6-A,soundCheckPassed,6-A,6-A,345,34,2,Screen 2,Zone7,content_web_audio,2.9999999999417923,,,AUDIO PLAY REQUESTED,1,0,1,0,,,,,2,Trial (Quiet),o_subj71_m_toco_359.wav,none,o,,1,6-A,quiet,subj71,m,toco,359
1115,1669953350992,02/12/2022 03:55:50,1669953350396,-6,01/12/2022 21:55:50,92237,21,task-bsko,,25622444,BLIND,7588880,,complete,,638974fc642773387b0fa186,mobile,Apple iPhone,iOS 15.6.1,Mobile Safari 15.6.1,414x896,800x364,,Audio Naming Task,26,Block 6-A,soundCheckPassed,6-A,6-A,345,34,2,Screen 2,Zone3,response_button_text,1516.9999999999418,,,o,1,1,0,0,,,,,2,Trial (Quiet),o_subj71_m_toco_359.wav,none,o,,1,6-A,quiet,subj71,m,toco,359
1116,1669953351494,02/12/2022 03:55:51,1669953350730,-6,01/12/2022 21:55:50,92237,21,task-bsko,,25622444,BLIND,7588880,,complete,,638974fc642773387b0fa186,mobile,Apple iPhone,iOS 15.6.1,Mobile Safari 15.6.1,414x896,800x364,,Audio Naming Task,26,Block 6-A,soundCheckPassed,6-A,6-A,272,35,1,Screen 1,fixation,fixation,367,,,,,0,1,0,,,,,2,Trial (Quiet),e_subj5_f_seca_143.wav,none,e,,1,6-A,quiet,subj5,f,seca,143
1117,1669953351494,02/12/2022 03:55:51,1669953350748,-6,01/12/2022 21:55:50,92237,21,task-bsko,,25622444,BLIND,7588880,,complete,,638974fc642773387b0fa186,mobile,Apple iPhone,iOS 15.6.1,Mobile Safari 15.6.1,414x896,800x364,,Audio Naming Task,26,Block 6-A,soundCheckPassed,6-A,6-A,272,35,2,Screen 2,Zone6,content_web_audio,2.0000000000582077,,,AUDIO PLAY REQUESTED,1,0,1,0,,,,,2,Trial (Quiet),e_subj5_f_seca_143.wav,none,e,,1,6-A,quiet,subj5,f,seca,143
1118,1669953351494,02/12/2022 03:55:51,1669953350749,-6,01/12/2022 21:55:50,92237,21,task-bsko,,25622444,BLIND,7588880,,complete,,638974fc642773387b0fa186,mobile,Apple iPhone,iOS 15.6.1,Mobile Safari 15.6.1,414x896,800x364,,Audio Naming Task,26,Block 6-A,soundCheckPassed,6-A,6-A,272,35,2,Screen 2,Zone7,content_web_audio,3,,,AUDIO PLAY REQUESTED,1,0,1,0,,,,,2,Trial (Quiet),e_subj5_f_seca_143.wav,none,e,,1,6-A,quiet,subj5,f,seca,143
1119,1669953352386,02/12/2022 03:55:52,1669953351897,-6,01/12/2022 21:55:51,92237,21,task-bsko,,25622444,BLIND,7588880,,complete,,638974fc642773387b0fa186,mobile,Apple iPhone,iOS 15.6.1,Mobile Safari 15.6.1,414x896,800x364,,Audio Naming Task,26,Block 6-A,soundCheckPassed,6-A,6-A,272,35,2,Screen 2,Zone5,response_button_text,1150,,,e,1,1,0,0,,,,,2,Trial (Quiet),e_subj5_f_seca_143.wav,none,e,,1,6-A,quiet,subj5,f,seca,143
1120,1669953352788,02/12/2022 03:55:52,1669953352230,-6,01/12/2022 21:55:52,92237,21,task-bsko,,25622444,BLIND,7588880,,complete,,638974fc642773387b0fa186,mobile,Apple iPhone,iOS 15.6.1,Mobile Safari 15.6.1,414x896,800x364,,Audio Naming Task,26,Block 6-A,soundCheckPassed,6-A,6-A,369,36,1,Screen 1,fixation,fixation,367,,,,,0,1,0,,,,,2,Trial (Quiet),u_subj73_m_pura_151.wav,none,u,,1,6-A,quiet,subj73,m,pura,151
1121,1669953352788,02/12/2022 03:55:52,1669953352246,-6,01/12/2022 21:55:52,92237,21,task-bsko,,25622444,BLIND,7588880,,complete,,638974fc642773387b0fa186,mobile,Apple iPhone,iOS 15.6.1,Mobile Safari 15.6.1,414x896,800x364,,Audio Naming Task,26,Block 6-A,soundCheckPassed,6-A,6-A,369,36,2,Screen 2,Zone6,content_web_audio,2,,,AUDIO PLAY REQUESTED,1,0,1,0,,,,,2,Trial (Quiet),u_subj73_m_pura_151.wav,none,u,,1,6-A,quiet,subj73,m,pura,151
1122,1669953352788,02/12/2022 03:55:52,1669953352248,-6,01/12/2022 21:55:52,92237,21,task-bsko,,25622444,BLIND,7588880,,complete,,638974fc642773387b0fa186,mobile,Apple iPhone,iOS 15.6.1,Mobile Safari 15.6.1,414x896,800x364,,Audio Naming Task,26,Block 6-A,soundCheckPassed,6-A,6-A,369,36,2,Screen 2,Zone7,content_web_audio,3.0000000000582077,,,AUDIO PLAY REQUESTED,1,0,1,0,,,,,2,Trial (Quiet),u_subj73_m_pura_151.wav,none,u,,1,6-A,quiet,subj73,m,pura,151
1123,1669953354091,02/12/2022 03:55:54,1669953353662,-6,01/12/2022 21:55:53,92237,21,task-bsko,,25622444,BLIND,7588880,,complete,,638974fc642773387b0fa186,mobile,Apple iPhone,iOS 15.6.1,Mobile Safari 15.6.1,414x896,800x364,,Audio Naming Task,26,Block 6-A,soundCheckPassed,6-A,6-A,369,36,2,Screen 2,Zone2,response_button_text,1416,,,u,1,1,0,0,,,,,2,Trial (Quiet),u_subj73_m_pura_151.wav,none,u,,1,6-A,quiet,subj73,m,pura,151
1124,1669953354481,02/12/2022 03:55:54,1669953353963,-6,01/12/2022 21:55:53,92237,21,task-bsko,,25622444,BLIND,7588880,,complete,,638974fc642773387b0fa186,mobile,Apple iPhone,iOS 15.6.1,Mobile Safari 15.6.1,414x896,800x364,,Audio Naming Task,26,Block 6-A,soundCheckPassed,6-A,6-A,354,37,1,Screen 1,fixation,fixation,333,,,,,0,1,0,,,,,2,Trial (Quiet),o_subj75_m_cosa_119.wav,none,o,,1,6-A,quiet,subj75,m,cosa,119
1125,1669953354481,02/12/2022 03:55:54,1669953353980,-6,01/12/2022 21:55:53,92237,21,task-bsko,,25622444,BLIND,7588880,,complete,,638974fc642773387b0fa186,mobile,Apple iPhone,iOS 15.6.1,Mobile Safari 15.6.1,414x896,800x364,,Audio Naming Task,26,Block 6-A,soundCheckPassed,6-A,6-A,354,37,2,Screen 2,Zone6,content_web_audio,2,,,AUDIO PLAY REQUESTED,1,0,1,0,,,,,2,Trial (Quiet),o_subj75_m_cosa_119.wav,none,o,,1,6-A,quiet,subj75,m,cosa,119
1126,1669953354481,02/12/2022 03:55:54,1669953353981,-6,01/12/2022 21:55:53,92237,21,task-bsko,,25622444,BLIND,7588880,,complete,,638974fc642773387b0fa186,mobile,Apple iPhone,iOS 15.6.1,Mobile Safari 15.6.1,414x896,800x364,,Audio Naming Task,26,Block 6-A,soundCheckPassed,6-A,6-A,354,37,2,Screen 2,Zone7,content_web_audio,4,,,AUDIO PLAY REQUESTED,1,0,1,0,,,,,2,Trial (Quiet),o_subj75_m_cosa_119.wav,none,o,,1,6-A,quiet,subj75,m,cosa,119
1127,1669953355857,02/12/2022 03:55:55,1669953355345,-6,01/12/2022 21:55:55,92237,21,task-bsko,,25622444,BLIND,7588880,,complete,,638974fc642773387b0fa186,mobile,Apple iPhone,iOS 15.6.1,Mobile Safari 15.6.1,414x896,800x364,,Audio Naming Task,26,Block 6-A,soundCheckPassed,6-A,6-A,354,37,2,Screen 2,Zone3,response_button_text,1366,,,o,1,1,0,0,,,,,2,Trial (Quiet),o_subj75_m_cosa_119.wav,none,o,,1,6-A,quiet,subj75,m,cosa,119
1128,1669953356312,02/12/2022 03:55:56,1669953355663,-6,01/12/2022 21:55:55,92237,21,task-bsko,,25622444,BLIND,7588880,,complete,,638974fc642773387b0fa186,mobile,Apple iPhone,iOS 15.6.1,Mobile Safari 15.6.1,414x896,800x364,,Audio Naming Task,26,Block 6-A,soundCheckPassed,6-A,6-A,333,38,1,Screen 1,fixation,fixation,333,,,,,0,1,0,,,,,2,Trial (Quiet),o_subj50_f_toco_282.wav,none,o,,1,6-A,quiet,subj50,f,toco,282
1129,1669953356312,02/12/2022 03:55:56,1669953355681,-6,01/12/2022 21:55:55,92237,21,task-bsko,,25622444,BLIND,7588880,,complete,,638974fc642773387b0fa186,mobile,Apple iPhone,iOS 15.6.1,Mobile Safari 15.6.1,414x896,800x364,,Audio Naming Task,26,Block 6-A,soundCheckPassed,6-A,6-A,333,38,2,Screen 2,Zone6,content_web_audio,2,,,AUDIO PLAY REQUESTED,1,0,1,0,,,,,2,Trial (Quiet),o_subj50_f_toco_282.wav,none,o,,1,6-A,quiet,subj50,f,toco,282
1130,1669953356312,02/12/2022 03:55:56,1669953355682,-6,01/12/2022 21:55:55,92237,21,task-bsko,,25622444,BLIND,7588880,,complete,,638974fc642773387b0fa186,mobile,Apple iPhone,iOS 15.6.1,Mobile Safari 15.6.1,414x896,800x364,,Audio Naming Task,26,Block 6-A,soundCheckPassed,6-A,6-A,333,38,2,Screen 2,Zone7,content_web_audio,4,,,AUDIO PLAY REQUESTED,1,0,1,0,,,,,2,Trial (Quiet),o_subj50_f_toco_282.wav,none,o,,1,6-A,quiet,subj50,f,toco,282
1131,1669953357209,02/12/2022 03:55:57,1669953356795,-6,01/12/2022 21:55:56,92237,21,task-bsko,,25622444,BLIND,7588880,,complete,,638974fc642773387b0fa186,mobile,Apple iPhone,iOS 15.6.1,Mobile Safari 15.6.1,414x896,800x364,,Audio Naming Task,26,Block 6-A,soundCheckPassed,6-A,6-A,333,38,2,Screen 2,Zone3,response_button_text,1115,,,o,1,1,0,0,,,,,2,Trial (Quiet),o_subj50_f_toco_282.wav,none,o,,1,6-A,quiet,subj50,f,toco,282
1132,1669953357624,02/12/2022 03:55:57,1669953357130,-6,01/12/2022 21:55:57,92237,21,task-bsko,,25622444,BLIND,7588880,,complete,,638974fc642773387b0fa186,mobile,Apple iPhone,iOS 15.6.1,Mobile Safari 15.6.1,414x896,800x364,,Audio Naming Task,26,Block 6-A,soundCheckPassed,6-A,6-A,324,39,1,Screen 1,fixation,fixation,366,,,,,0,1,0,,,,,2,Trial (Quiet),o_subj8_f_bota_59.wav,none,o,,1,6-A,quiet,subj8,f,bota,59
1133,1669953357807,02/12/2022 03:55:57,1669953357149,-6,01/12/2022 21:55:57,92237,21,task-bsko,,25622444,BLIND,7588880,,complete,,638974fc642773387b0fa186,mobile,Apple iPhone,iOS 15.6.1,Mobile Safari 15.6.1,414x896,800x364,,Audio Naming Task,26,Block 6-A,soundCheckPassed,6-A,6-A,324,39,2,Screen 2,Zone6,content_web_audio,1,,,AUDIO PLAY REQUESTED,1,0,1,0,,,,,2,Trial (Quiet),o_subj8_f_bota_59.wav,none,o,,1,6-A,quiet,subj8,f,bota,59
1134,1669953357807,02/12/2022 03:55:57,1669953357151,-6,01/12/2022 21:55:57,92237,21,task-bsko,,25622444,BLIND,7588880,,complete,,638974fc642773387b0fa186,mobile,Apple iPhone,iOS 15.6.1,Mobile Safari 15.6.1,414x896,800x364,,Audio Naming Task,26,Block 6-A,soundCheckPassed,6-A,6-A,324,39,2,Screen 2,Zone7,content_web_audio,3,,,AUDIO PLAY REQUESTED,1,0,1,0,,,,,2,Trial (Quiet),o_subj8_f_bota_59.wav,none,o,,1,6-A,quiet,subj8,f,bota,59
1135,1669953359247,02/12/2022 03:55:59,1669953358695,-6,01/12/2022 21:55:58,92237,21,task-bsko,,25622444,BLIND,7588880,,complete,,638974fc642773387b0fa186,mobile,Apple iPhone,iOS 15.6.1,Mobile Safari 15.6.1,414x896,800x364,,Audio Naming Task,26,Block 6-A,soundCheckPassed,6-A,6-A,324,39,2,Screen 2,Zone3,response_button_text,1546,,,o,1,1,0,0,,,,,2,Trial (Quiet),o_subj8_f_bota_59.wav,none,o,,1,6-A,quiet,subj8,f,bota,59
1136,1669953359637,02/12/2022 03:55:59,1669953359030,-6,01/12/2022 21:55:59,92237,21,task-bsko,,25622444,BLIND,7588880,,complete,,638974fc642773387b0fa186,mobile,Apple iPhone,iOS 15.6.1,Mobile Safari 15.6.1,414x896,800x364,,Audio Naming Task,26,Block 6-A,soundCheckPassed,6-A,6-A,265,40,1,Screen 1,fixation,fixation,366,,,,,0,1,0,,,,,2,Trial (Quiet),e_subj28_f_vete_234.wav,none,e,,1,6-A,quiet,subj28,f,vete,234
1137,1669953359637,02/12/2022 03:55:59,1669953359046,-6,01/12/2022 21:55:59,92237,21,task-bsko,,25622444,BLIND,7588880,,complete,,638974fc642773387b0fa186,mobile,Apple iPhone,iOS 15.6.1,Mobile Safari 15.6.1,414x896,800x364,,Audio Naming Task,26,Block 6-A,soundCheckPassed,6-A,6-A,265,40,2,Screen 2,Zone6,content_web_audio,2,,,AUDIO PLAY REQUESTED,1,0,1,0,,,,,2,Trial (Quiet),e_subj28_f_vete_234.wav,none,e,,1,6-A,quiet,subj28,f,vete,234
1138,1669953359637,02/12/2022 03:55:59,1669953359047,-6,01/12/2022 21:55:59,92237,21,task-bsko,,25622444,BLIND,7588880,,complete,,638974fc642773387b0fa186,mobile,Apple iPhone,iOS 15.6.1,Mobile Safari 15.6.1,414x896,800x364,,Audio Naming Task,26,Block 6-A,soundCheckPassed,6-A,6-A,265,40,2,Screen 2,Zone7,content_web_audio,4,,,AUDIO PLAY REQUESTED,1,0,1,0,,,,,2,Trial (Quiet),e_subj28_f_vete_234.wav,none,e,,1,6-A,quiet,subj28,f,vete,234
1139,1669953360615,02/12/2022 03:56:00,1669953360328,-6,01/12/2022 21:56:00,92237,21,task-bsko,,25622444,BLIND,7588880,,complete,,638974fc642773387b0fa186,mobile,Apple iPhone,iOS 15.6.1,Mobile Safari 15.6.1,414x896,800x364,,Audio Naming Task,26,Block 6-A,soundCheckPassed,6-A,6-A,265,40,2,Screen 2,Zone5,response_button_text,1283,,,e,1,1,0,0,,,,,2,Trial (Quiet),e_subj28_f_vete_234.wav,none,e,,1,6-A,quiet,subj28,f,vete,234
1140,1669953361137,02/12/2022 03:56:01,1669953360663,-6,01/12/2022 21:56:00,92237,21,task-bsko,,25622444,BLIND,7588880,,complete,,638974fc642773387b0fa186,mobile,Apple iPhone,iOS 15.6.1,Mobile Safari 15.6.1,414x896,800x364,,Audio Naming Task,26,Block 6-A,soundCheckPassed,6-A,6-A,351,41,1,Screen 1,fixation,fixation,367,,,,,0,1,0,,,,,2,Trial (Quiet),o_subj76_m_toco_90.wav,none,o,,1,6-A,quiet,subj76,m,toco,90
1141,1669953361320,02/12/2022 03:56:01,1669953360683,-6,01/12/2022 21:56:00,92237,21,task-bsko,,25622444,BLIND,7588880,,complete,,638974fc642773387b0fa186,mobile,Apple iPhone,iOS 15.6.1,Mobile Safari 15.6.1,414x896,800x364,,Audio Naming Task,26,Block 6-A,soundCheckPassed,6-A,6-A,351,41,2,Screen 2,Zone6,content_web_audio,2,,,AUDIO PLAY REQUESTED,1,0,1,0,,,,,2,Trial (Quiet),o_subj76_m_toco_90.wav,none,o,,1,6-A,quiet,subj76,m,toco,90
1142,1669953361320,02/12/2022 03:56:01,1669953360684,-6,01/12/2022 21:56:00,92237,21,task-bsko,,25622444,BLIND,7588880,,complete,,638974fc642773387b0fa186,mobile,Apple iPhone,iOS 15.6.1,Mobile Safari 15.6.1,414x896,800x364,,Audio Naming Task,26,Block 6-A,soundCheckPassed,6-A,6-A,351,41,2,Screen 2,Zone7,content_web_audio,4,,,AUDIO PLAY REQUESTED,1,0,1,0,,,,,2,Trial (Quiet),o_subj76_m_toco_90.wav,none,o,,1,6-A,quiet,subj76,m,toco,90
1143,1669953362151,02/12/2022 03:56:02,1669953361811,-6,01/12/2022 21:56:01,92237,21,task-bsko,,25622444,BLIND,7588880,,complete,,638974fc642773387b0fa186,mobile,Apple iPhone,iOS 15.6.1,Mobile Safari 15.6.1,414x896,800x364,,Audio Naming Task,26,Block 6-A,soundCheckPassed,6-A,6-A,351,41,2,Screen 2,Zone3,response_button_text,1130,,,o,1,1,0,0,,,,,2,Trial (Quiet),o_subj76_m_toco_90.wav,none,o,,1,6-A,quiet,subj76,m,toco,90
1144,1669953362621,02/12/2022 03:56:02,1669953362163,-6,01/12/2022 21:56:02,92237,21,task-bsko,,25622444,BLIND,7588880,,complete,,638974fc642773387b0fa186,mobile,Apple iPhone,iOS 15.6.1,Mobile Safari 15.6.1,414x896,800x364,,Audio Naming Task,26,Block 6-A,soundCheckPassed,6-A,6-A,352,42,1,Screen 1,fixation,fixation,367,,,,,0,1,0,,,,,2,Trial (Quiet),o_subj76_m_bota_350.wav,none,o,,1,6-A,quiet,subj76,m,bota,350
1145,1669953362811,02/12/2022 03:56:02,1669953362182,-6,01/12/2022 21:56:02,92237,21,task-bsko,,25622444,BLIND,7588880,,complete,,638974fc642773387b0fa186,mobile,Apple iPhone,iOS 15.6.1,Mobile Safari 15.6.1,414x896,800x364,,Audio Naming Task,26,Block 6-A,soundCheckPassed,6-A,6-A,352,42,2,Screen 2,Zone6,content_web_audio,2,,,AUDIO PLAY REQUESTED,1,0,1,0,,,,,2,Trial (Quiet),o_subj76_m_bota_350.wav,none,o,,1,6-A,quiet,subj76,m,bota,350
1146,1669953362811,02/12/2022 03:56:02,1669953362184,-6,01/12/2022 21:56:02,92237,21,task-bsko,,25622444,BLIND,7588880,,complete,,638974fc642773387b0fa186,mobile,Apple iPhone,iOS 15.6.1,Mobile Safari 15.6.1,414x896,800x364,,Audio Naming Task,26,Block 6-A,soundCheckPassed,6-A,6-A,352,42,2,Screen 2,Zone7,content_web_audio,3,,,AUDIO PLAY REQUESTED,1,0,1,0,,,,,2,Trial (Quiet),o_subj76_m_bota_350.wav,none,o,,1,6-A,quiet,subj76,m,bota,350
1147,1669953363661,02/12/2022 03:56:03,1669953363353,-6,01/12/2022 21:56:03,92237,21,task-bsko,,25622444,BLIND,7588880,,complete,,638974fc642773387b0fa186,mobile,Apple iPhone,iOS 15.6.1,Mobile Safari 15.6.1,414x896,800x364,,Audio Naming Task,26,Block 6-A,soundCheckPassed,6-A,6-A,352,42,2,Screen 2,Zone3,response_button_text,1172,,,o,1,1,0,0,,,,,2,Trial (Quiet),o_subj76_m_bota_350.wav,none,o,,1,6-A,quiet,subj76,m,bota,350
1148,1669953364185,02/12/2022 03:56:04,1669953363663,-6,01/12/2022 21:56:03,92237,21,task-bsko,,25622444,BLIND,7588880,,complete,,638974fc642773387b0fa186,mobile,Apple iPhone,iOS 15.6.1,Mobile Safari 15.6.1,414x896,800x364,,Audio Naming Task,26,Block 6-A,soundCheckPassed,6-A,6-A,391,43,1,Screen 1,fixation,fixation,334,,,,,0,1,0,,,,,2,Trial (Quiet),u_subj16_f_cuco_124.wav,none,u,,1,6-A,quiet,subj16,f,cuco,124
1149,1669953364185,02/12/2022 03:56:04,1669953363680,-6,01/12/2022 21:56:03,92237,21,task-bsko,,25622444,BLIND,7588880,,complete,,638974fc642773387b0fa186,mobile,Apple iPhone,iOS 15.6.1,Mobile Safari 15.6.1,414x896,800x364,,Audio Naming Task,26,Block 6-A,soundCheckPassed,6-A,6-A,391,43,2,Screen 2,Zone6,content_web_audio,2,,,AUDIO PLAY REQUESTED,1,0,1,0,,,,,2,Trial (Quiet),u_subj16_f_cuco_124.wav,none,u,,1,6-A,quiet,subj16,f,cuco,124
1150,1669953364185,02/12/2022 03:56:04,1669953363682,-6,01/12/2022 21:56:03,92237,21,task-bsko,,25622444,BLIND,7588880,,complete,,638974fc642773387b0fa186,mobile,Apple iPhone,iOS 15.6.1,Mobile Safari 15.6.1,414x896,800x364,,Audio Naming Task,26,Block 6-A,soundCheckPassed,6-A,6-A,391,43,2,Screen 2,Zone7,content_web_audio,3,,,AUDIO PLAY REQUESTED,1,0,1,0,,,,,2,Trial (Quiet),u_subj16_f_cuco_124.wav,none,u,,1,6-A,quiet,subj16,f,cuco,124
1151,1669953365404,02/12/2022 03:56:05,1669953364994,-6,01/12/2022 21:56:04,92237,21,task-bsko,,25622444,BLIND,7588880,,complete,,638974fc642773387b0fa186,mobile,Apple iPhone,iOS 15.6.1,Mobile Safari 15.6.1,414x896,800x364,,Audio Naming Task,26,Block 6-A,soundCheckPassed,6-A,6-A,391,43,2,Screen 2,Zone2,response_button_text,1314,,,u,1,1,0,0,,,,,2,Trial (Quiet),u_subj16_f_cuco_124.wav,none,u,,1,6-A,quiet,subj16,f,cuco,124
1152,1669953365796,02/12/2022 03:56:05,1669953365296,-6,01/12/2022 21:56:05,92237,21,task-bsko,,25622444,BLIND,7588880,,complete,,638974fc642773387b0fa186,mobile,Apple iPhone,iOS 15.6.1,Mobile Safari 15.6.1,414x896,800x364,,Audio Naming Task,26,Block 6-A,soundCheckPassed,6-A,6-A,266,44,1,Screen 1,fixation,fixation,333,,,,,0,1,0,,,,,2,Trial (Quiet),e_subj4_f_peca_121.wav,none,e,,1,6-A,quiet,subj4,f,peca,121
1153,1669953365796,02/12/2022 03:56:05,1669953365314,-6,01/12/2022 21:56:05,92237,21,task-bsko,,25622444,BLIND,7588880,,complete,,638974fc642773387b0fa186,mobile,Apple iPhone,iOS 15.6.1,Mobile Safari 15.6.1,414x896,800x364,,Audio Naming Task,26,Block 6-A,soundCheckPassed,6-A,6-A,266,44,2,Screen 2,Zone6,content_web_audio,2,,,AUDIO PLAY REQUESTED,1,0,1,0,,,,,2,Trial (Quiet),e_subj4_f_peca_121.wav,none,e,,1,6-A,quiet,subj4,f,peca,121
1154,1669953365796,02/12/2022 03:56:05,1669953365315,-6,01/12/2022 21:56:05,92237,21,task-bsko,,25622444,BLIND,7588880,,complete,,638974fc642773387b0fa186,mobile,Apple iPhone,iOS 15.6.1,Mobile Safari 15.6.1,414x896,800x364,,Audio Naming Task,26,Block 6-A,soundCheckPassed,6-A,6-A,266,44,2,Screen 2,Zone7,content_web_audio,3,,,AUDIO PLAY REQUESTED,1,0,1,0,,,,,2,Trial (Quiet),e_subj4_f_peca_121.wav,none,e,,1,6-A,quiet,subj4,f,peca,121
1155,1669953366927,02/12/2022 03:56:06,1669953366452,-6,01/12/2022 21:56:06,92237,21,task-bsko,,25622444,BLIND,7588880,,complete,,638974fc642773387b0fa186,mobile,Apple iPhone,iOS 15.6.1,Mobile Safari 15.6.1,414x896,800x364,,Audio Naming Task,26,Block 6-A,soundCheckPassed,6-A,6-A,266,44,2,Screen 2,Zone5,response_button_text,1140,,,e,1,1,0,0,,,,,2,Trial (Quiet),e_subj4_f_peca_121.wav,none,e,,1,6-A,quiet,subj4,f,peca,121
1156,1669953367317,02/12/2022 03:56:07,1669953366796,-6,01/12/2022 21:56:06,92237,21,task-bsko,,25622444,BLIND,7588880,,complete,,638974fc642773387b0fa186,mobile,Apple iPhone,iOS 15.6.1,Mobile Safari 15.6.1,414x896,800x364,,Audio Naming Task,26,Block 6-A,soundCheckPassed,6-A,6-A,251,45,1,Screen 1,fixation,fixation,367,,,,,0,1,0,,,,,2,Trial (Quiet),e_subj11_m_veta_250.wav,none,e,,1,6-A,quiet,subj11,m,veta,250
1157,1669953367317,02/12/2022 03:56:07,1669953366814,-6,01/12/2022 21:56:06,92237,21,task-bsko,,25622444,BLIND,7588880,,complete,,638974fc642773387b0fa186,mobile,Apple iPhone,iOS 15.6.1,Mobile Safari 15.6.1,414x896,800x364,,Audio Naming Task,26,Block 6-A,soundCheckPassed,6-A,6-A,251,45,2,Screen 2,Zone6,content_web_audio,2,,,AUDIO PLAY REQUESTED,1,0,1,0,,,,,2,Trial (Quiet),e_subj11_m_veta_250.wav,none,e,,1,6-A,quiet,subj11,m,veta,250
1158,1669953367317,02/12/2022 03:56:07,1669953366815,-6,01/12/2022 21:56:06,92237,21,task-bsko,,25622444,BLIND,7588880,,complete,,638974fc642773387b0fa186,mobile,Apple iPhone,iOS 15.6.1,Mobile Safari 15.6.1,414x896,800x364,,Audio Naming Task,26,Block 6-A,soundCheckPassed,6-A,6-A,251,45,2,Screen 2,Zone7,content_web_audio,3,,,AUDIO PLAY REQUESTED,1,0,1,0,,,,,2,Trial (Quiet),e_subj11_m_veta_250.wav,none,e,,1,6-A,quiet,subj11,m,veta,250
1159,1669953368385,02/12/2022 03:56:08,1669953368094,-6,01/12/2022 21:56:08,92237,21,task-bsko,,25622444,BLIND,7588880,,complete,,638974fc642773387b0fa186,mobile,Apple iPhone,iOS 15.6.1,Mobile Safari 15.6.1,414x896,800x364,,Audio Naming Task,26,Block 6-A,soundCheckPassed,6-A,6-A,251,45,2,Screen 2,Zone5,response_button_text,1282,,,e,1,1,0,0,,,,,2,Trial (Quiet),e_subj11_m_veta_250.wav,none,e,,1,6-A,quiet,subj11,m,veta,250
1160,1669953368874,02/12/2022 03:56:08,1669953368396,-6,01/12/2022 21:56:08,92237,21,task-bsko,,25622444,BLIND,7588880,,complete,,638974fc642773387b0fa186,mobile,Apple iPhone,iOS 15.6.1,Mobile Safari 15.6.1,414x896,800x364,,Audio Naming Task,26,Block 6-A,soundCheckPassed,6-A,6-A,362,46,1,Screen 1,fixation,fixation,334,,,,,0,1,0,,,,,2,Trial (Quiet),u_subj68_m_supe_108.wav,none,u,,1,6-A,quiet,subj68,m,supe,108
1161,1669953369057,02/12/2022 03:56:09,1669953368416,-6,01/12/2022 21:56:08,92237,21,task-bsko,,25622444,BLIND,7588880,,complete,,638974fc642773387b0fa186,mobile,Apple iPhone,iOS 15.6.1,Mobile Safari 15.6.1,414x896,800x364,,Audio Naming Task,26,Block 6-A,soundCheckPassed,6-A,6-A,362,46,2,Screen 2,Zone6,content_web_audio,2,,,AUDIO PLAY REQUESTED,1,0,1,0,,,,,2,Trial (Quiet),u_subj68_m_supe_108.wav,none,u,,1,6-A,quiet,subj68,m,supe,108
1162,1669953369057,02/12/2022 03:56:09,1669953368418,-6,01/12/2022 21:56:08,92237,21,task-bsko,,25622444,BLIND,7588880,,complete,,638974fc642773387b0fa186,mobile,Apple iPhone,iOS 15.6.1,Mobile Safari 15.6.1,414x896,800x364,,Audio Naming Task,26,Block 6-A,soundCheckPassed,6-A,6-A,362,46,2,Screen 2,Zone7,content_web_audio,3,,,AUDIO PLAY REQUESTED,1,0,1,0,,,,,2,Trial (Quiet),u_subj68_m_supe_108.wav,none,u,,1,6-A,quiet,subj68,m,supe,108
1163,1669953371326,02/12/2022 03:56:11,1669953370820,-6,01/12/2022 21:56:10,92237,21,task-bsko,,25622444,BLIND,7588880,,complete,,638974fc642773387b0fa186,mobile,Apple iPhone,iOS 15.6.1,Mobile Safari 15.6.1,414x896,800x364,,Audio Naming Task,26,Block 6-A,soundCheckPassed,6-A,6-A,362,46,2,Screen 2,Zone4,response_button_text,2404,,,i,1,0,1,0,,,,,2,Trial (Quiet),u_subj68_m_supe_108.wav,none,u,,1,6-A,quiet,subj68,m,supe,108
1164,1669953371747,02/12/2022 03:56:11,1669953371129,-6,01/12/2022 21:56:11,92237,21,task-bsko,,25622444,BLIND,7588880,,complete,,638974fc642773387b0fa186,mobile,Apple iPhone,iOS 15.6.1,Mobile Safari 15.6.1,414x896,800x364,,Audio Naming Task,26,Block 6-A,soundCheckPassed,6-A,6-A,217,47,1,Screen 1,fixation,fixation,333,,,,,0,1,0,,,,,2,Trial (Quiet),a_subj42_f_saca_99.wav,none,a,,1,6-A,quiet,subj42,f,saca,99
1165,1669953371747,02/12/2022 03:56:11,1669953371146,-6,01/12/2022 21:56:11,92237,21,task-bsko,,25622444,BLIND,7588880,,complete,,638974fc642773387b0fa186,mobile,Apple iPhone,iOS 15.6.1,Mobile Safari 15.6.1,414x896,800x364,,Audio Naming Task,26,Block 6-A,soundCheckPassed,6-A,6-A,217,47,2,Screen 2,Zone6,content_web_audio,2.0000000000582077,,,AUDIO PLAY REQUESTED,1,0,1,0,,,,,2,Trial (Quiet),a_subj42_f_saca_99.wav,none,a,,1,6-A,quiet,subj42,f,saca,99
1166,1669953371747,02/12/2022 03:56:11,1669953371148,-6,01/12/2022 21:56:11,92237,21,task-bsko,,25622444,BLIND,7588880,,complete,,638974fc642773387b0fa186,mobile,Apple iPhone,iOS 15.6.1,Mobile Safari 15.6.1,414x896,800x364,,Audio Naming Task,26,Block 6-A,soundCheckPassed,6-A,6-A,217,47,2,Screen 2,Zone7,content_web_audio,3,,,AUDIO PLAY REQUESTED,1,0,1,0,,,,,2,Trial (Quiet),a_subj42_f_saca_99.wav,none,a,,1,6-A,quiet,subj42,f,saca,99
1167,1669953372679,02/12/2022 03:56:12,1669953372394,-6,01/12/2022 21:56:12,92237,21,task-bsko,,25622444,BLIND,7588880,,complete,,638974fc642773387b0fa186,mobile,Apple iPhone,iOS 15.6.1,Mobile Safari 15.6.1,414x896,800x364,,Audio Naming Task,26,Block 6-A,soundCheckPassed,6-A,6-A,217,47,2,Screen 2,Zone1,response_button_text,1249,,,a,1,1,0,0,,,,,2,Trial (Quiet),a_subj42_f_saca_99.wav,none,a,,1,6-A,quiet,subj42,f,saca,99
1168,1669953373153,02/12/2022 03:56:13,1669953372695,-6,01/12/2022 21:56:12,92237,21,task-bsko,,25622444,BLIND,7588880,,complete,,638974fc642773387b0fa186,mobile,Apple iPhone,iOS 15.6.1,Mobile Safari 15.6.1,414x896,800x364,,Audio Naming Task,26,Block 6-A,soundCheckPassed,6-A,6-A,201,48,1,Screen 1,fixation,fixation,334,,,,,0,1,0,,,,,2,Trial (Quiet),a_subj2_f_saque_79.wav,none,a,,1,6-A,quiet,subj2,f,saque,79
1169,1669953373339,02/12/2022 03:56:13,1669953372714,-6,01/12/2022 21:56:12,92237,21,task-bsko,,25622444,BLIND,7588880,,complete,,638974fc642773387b0fa186,mobile,Apple iPhone,iOS 15.6.1,Mobile Safari 15.6.1,414x896,800x364,,Audio Naming Task,26,Block 6-A,soundCheckPassed,6-A,6-A,201,48,2,Screen 2,Zone6,content_web_audio,1,,,AUDIO PLAY REQUESTED,1,0,1,0,,,,,2,Trial (Quiet),a_subj2_f_saque_79.wav,none,a,,1,6-A,quiet,subj2,f,saque,79
1170,1669953373339,02/12/2022 03:56:13,1669953372715,-6,01/12/2022 21:56:12,92237,21,task-bsko,,25622444,BLIND,7588880,,complete,,638974fc642773387b0fa186,mobile,Apple iPhone,iOS 15.6.1,Mobile Safari 15.6.1,414x896,800x364,,Audio Naming Task,26,Block 6-A,soundCheckPassed,6-A,6-A,201,48,2,Screen 2,Zone7,content_web_audio,3,,,AUDIO PLAY REQUESTED,1,0,1,0,,,,,2,Trial (Quiet),a_subj2_f_saque_79.wav,none,a,,1,6-A,quiet,subj2,f,saque,79
1171,1669953374249,02/12/2022 03:56:14,1669953373902,-6,01/12/2022 21:56:13,92237,21,task-bsko,,25622444,BLIND,7588880,,complete,,638974fc642773387b0fa186,mobile,Apple iPhone,iOS 15.6.1,Mobile Safari 15.6.1,414x896,800x364,,Audio Naming Task,26,Block 6-A,soundCheckPassed,6-A,6-A,201,48,2,Screen 2,Zone1,response_button_text,1189.0000000000582,,,a,1,1,0,0,,,,,2,Trial (Quiet),a_subj2_f_saque_79.wav,none,a,,1,6-A,quiet,subj2,f,saque,79
1172,1669953374805,02/12/2022 03:56:14,1669953374262,-6,01/12/2022 21:56:14,92237,21,task-bsko,,25622444,BLIND,7588880,,complete,,638974fc642773387b0fa186,mobile,Apple iPhone,iOS 15.6.1,Mobile Safari 15.6.1,414x896,800x364,,Audio Naming Task,26,Block 6-A,soundCheckPassed,6-A,6-A,320,49,1,Screen 1,fixation,fixation,367,,,,,0,1,0,,,,,2,Trial (Quiet),o_subj48_f_bota_244.wav,none,o,,1,6-A,quiet,subj48,f,bota,244
1173,1669953375029,02/12/2022 03:56:15,1669953374280,-6,01/12/2022 21:56:14,92237,21,task-bsko,,25622444,BLIND,7588880,,complete,,638974fc642773387b0fa186,mobile,Apple iPhone,iOS 15.6.1,Mobile Safari 15.6.1,414x896,800x364,,Audio Naming Task,26,Block 6-A,soundCheckPassed,6-A,6-A,320,49,2,Screen 2,Zone6,content_web_audio,2,,,AUDIO PLAY REQUESTED,1,0,1,0,,,,,2,Trial (Quiet),o_subj48_f_bota_244.wav,none,o,,1,6-A,quiet,subj48,f,bota,244
1174,1669953375029,02/12/2022 03:56:15,1669953374282,-6,01/12/2022 21:56:14,92237,21,task-bsko,,25622444,BLIND,7588880,,complete,,638974fc642773387b0fa186,mobile,Apple iPhone,iOS 15.6.1,Mobile Safari 15.6.1,414x896,800x364,,Audio Naming Task,26,Block 6-A,soundCheckPassed,6-A,6-A,320,49,2,Screen 2,Zone7,content_web_audio,3,,,AUDIO PLAY REQUESTED,1,0,1,0,,,,,2,Trial (Quiet),o_subj48_f_bota_244.wav,none,o,,1,6-A,quiet,subj48,f,bota,244
1175,1669953375915,02/12/2022 03:56:15,1669953375435,-6,01/12/2022 21:56:15,92237,21,task-bsko,,25622444,BLIND,7588880,,complete,,638974fc642773387b0fa186,mobile,Apple iPhone,iOS 15.6.1,Mobile Safari 15.6.1,414x896,800x364,,Audio Naming Task,26,Block 6-A,soundCheckPassed,6-A,6-A,320,49,2,Screen 2,Zone3,response_button_text,1156,,,o,1,1,0,0,,,,,2,Trial (Quiet),o_subj48_f_bota_244.wav,none,o,,1,6-A,quiet,subj48,f,bota,244
1176,1669953376396,02/12/2022 03:56:16,1669953375795,-6,01/12/2022 21:56:15,92237,21,task-bsko,,25622444,BLIND,7588880,,complete,,638974fc642773387b0fa186,mobile,Apple iPhone,iOS 15.6.1,Mobile Safari 15.6.1,414x896,800x364,,Audio Naming Task,26,Block 6-A,soundCheckPassed,6-A,6-A,311,50,1,Screen 1,fixation,fixation,366,,,,,0,1,0,,,,,2,Trial (Quiet),i_subj77_m_pisa_247.wav,none,i,,1,6-A,quiet,subj77,m,pisa,247
1177,1669953376396,02/12/2022 03:56:16,1669953375812,-6,01/12/2022 21:56:15,92237,21,task-bsko,,25622444,BLIND,7588880,,complete,,638974fc642773387b0fa186,mobile,Apple iPhone,iOS 15.6.1,Mobile Safari 15.6.1,414x896,800x364,,Audio Naming Task,26,Block 6-A,soundCheckPassed,6-A,6-A,311,50,2,Screen 2,Zone6,content_web_audio,1,,,AUDIO PLAY REQUESTED,1,0,1,0,,,,,2,Trial (Quiet),i_subj77_m_pisa_247.wav,none,i,,1,6-A,quiet,subj77,m,pisa,247
1178,1669953376396,02/12/2022 03:56:16,1669953375813,-6,01/12/2022 21:56:15,92237,21,task-bsko,,25622444,BLIND,7588880,,complete,,638974fc642773387b0fa186,mobile,Apple iPhone,iOS 15.6.1,Mobile Safari 15.6.1,414x896,800x364,,Audio Naming Task,26,Block 6-A,soundCheckPassed,6-A,6-A,311,50,2,Screen 2,Zone7,content_web_audio,3,,,AUDIO PLAY REQUESTED,1,0,1,0,,,,,2,Trial (Quiet),i_subj77_m_pisa_247.wav,none,i,,1,6-A,quiet,subj77,m,pisa,247
1179,1669953377294,02/12/2022 03:56:17,1669953376710,-6,01/12/2022 21:56:16,92237,21,task-bsko,,25622444,BLIND,7588880,,complete,,638974fc642773387b0fa186,mobile,Apple iPhone,iOS 15.6.1,Mobile Safari 15.6.1,414x896,800x364,,Audio Naming Task,26,Block 6-A,soundCheckPassed,6-A,6-A,311,50,2,Screen 2,Zone4,response_button_text,899,,,i,1,1,0,0,,,,,2,Trial (Quiet),i_subj77_m_pisa_247.wav,none,i,,1,6-A,quiet,subj77,m,pisa,247
1180,1669953377698,02/12/2022 03:56:17,1669953377029,-6,01/12/2022 21:56:17,92237,21,task-bsko,,25622444,BLIND,7588880,,complete,,638974fc642773387b0fa186,mobile,Apple iPhone,iOS 15.6.1,Mobile Safari 15.6.1,414x896,800x364,,Audio Naming Task,26,Block 6-A,soundCheckPassed,6-A,6-A,263,51,1,Screen 1,fixation,fixation,334,,,,,0,1,0,,,,,2,Trial (Quiet),e_subj4_f_seco_256.wav,none,e,,1,6-A,quiet,subj4,f,seco,256
1181,1669953377698,02/12/2022 03:56:17,1669953377046,-6,01/12/2022 21:56:17,92237,21,task-bsko,,25622444,BLIND,7588880,,complete,,638974fc642773387b0fa186,mobile,Apple iPhone,iOS 15.6.1,Mobile Safari 15.6.1,414x896,800x364,,Audio Naming Task,26,Block 6-A,soundCheckPassed,6-A,6-A,263,51,2,Screen 2,Zone6,content_web_audio,2,,,AUDIO PLAY REQUESTED,1,0,1,0,,,,,2,Trial (Quiet),e_subj4_f_seco_256.wav,none,e,,1,6-A,quiet,subj4,f,seco,256
1182,1669953377698,02/12/2022 03:56:17,1669953377048,-6,01/12/2022 21:56:17,92237,21,task-bsko,,25622444,BLIND,7588880,,complete,,638974fc642773387b0fa186,mobile,Apple iPhone,iOS 15.6.1,Mobile Safari 15.6.1,414x896,800x364,,Audio Naming Task,26,Block 6-A,soundCheckPassed,6-A,6-A,263,51,2,Screen 2,Zone7,content_web_audio,4,,,AUDIO PLAY REQUESTED,1,0,1,0,,,,,2,Trial (Quiet),e_subj4_f_seco_256.wav,none,e,,1,6-A,quiet,subj4,f,seco,256
1183,1669953378724,02/12/2022 03:56:18,1669953378235,-6,01/12/2022 21:56:18,92237,21,task-bsko,,25622444,BLIND,7588880,,complete,,638974fc642773387b0fa186,mobile,Apple iPhone,iOS 15.6.1,Mobile Safari 15.6.1,414x896,800x364,,Audio Naming Task,26,Block 6-A,soundCheckPassed,6-A,6-A,263,51,2,Screen 2,Zone5,response_button_text,1190,,,e,1,1,0,0,,,,,2,Trial (Quiet),e_subj4_f_seco_256.wav,none,e,,1,6-A,quiet,subj4,f,seco,256
1184,1669953379143,02/12/2022 03:56:19,1669953378595,-6,01/12/2022 21:56:18,92237,21,task-bsko,,25622444,BLIND,7588880,,complete,,638974fc642773387b0fa186,mobile,Apple iPhone,iOS 15.6.1,Mobile Safari 15.6.1,414x896,800x364,,Audio Naming Task,26,Block 6-A,soundCheckPassed,6-A,6-A,314,52,1,Screen 1,fixation,fixation,366,,,,,0,1,0,,,,,2,Trial (Quiet),i_subj76_m_quite_298.wav,none,i,,1,6-A,quiet,subj76,m,quite,298
1185,1669953379143,02/12/2022 03:56:19,1669953378612,-6,01/12/2022 21:56:18,92237,21,task-bsko,,25622444,BLIND,7588880,,complete,,638974fc642773387b0fa186,mobile,Apple iPhone,iOS 15.6.1,Mobile Safari 15.6.1,414x896,800x364,,Audio Naming Task,26,Block 6-A,soundCheckPassed,6-A,6-A,314,52,2,Screen 2,Zone6,content_web_audio,0.9999999999417923,,,AUDIO PLAY REQUESTED,1,0,1,0,,,,,2,Trial (Quiet),i_subj76_m_quite_298.wav,none,i,,1,6-A,quiet,subj76,m,quite,298
1186,1669953379143,02/12/2022 03:56:19,1669953378613,-6,01/12/2022 21:56:18,92237,21,task-bsko,,25622444,BLIND,7588880,,complete,,638974fc642773387b0fa186,mobile,Apple iPhone,iOS 15.6.1,Mobile Safari 15.6.1,414x896,800x364,,Audio Naming Task,26,Block 6-A,soundCheckPassed,6-A,6-A,314,52,2,Screen 2,Zone7,content_web_audio,2.9999999999417923,,,AUDIO PLAY REQUESTED,1,0,1,0,,,,,2,Trial (Quiet),i_subj76_m_quite_298.wav,none,i,,1,6-A,quiet,subj76,m,quite,298
1187,1669953380142,02/12/2022 03:56:20,1669953379669,-6,01/12/2022 21:56:19,92237,21,task-bsko,,25622444,BLIND,7588880,,complete,,638974fc642773387b0fa186,mobile,Apple iPhone,iOS 15.6.1,Mobile Safari 15.6.1,414x896,800x364,,Audio Naming Task,26,Block 6-A,soundCheckPassed,6-A,6-A,314,52,2,Screen 2,Zone4,response_button_text,1057.9999999999418,,,i,1,1,0,0,,,,,2,Trial (Quiet),i_subj76_m_quite_298.wav,none,i,,1,6-A,quiet,subj76,m,quite,298
1188,1669953380527,02/12/2022 03:56:20,1669953380029,-6,01/12/2022 21:56:20,92237,21,task-bsko,,25622444,BLIND,7588880,,complete,,638974fc642773387b0fa186,mobile,Apple iPhone,iOS 15.6.1,Mobile Safari 15.6.1,414x896,800x364,,Audio Naming Task,26,Block 6-A,soundCheckPassed,6-A,6-A,221,53,1,Screen 1,fixation,fixation,367,,,,,0,1,0,,,,,2,Trial (Quiet),a_subj24_m_paso_204.wav,none,a,,1,6-A,quiet,subj24,m,paso,204
1189,1669953380527,02/12/2022 03:56:20,1669953380045,-6,01/12/2022 21:56:20,92237,21,task-bsko,,25622444,BLIND,7588880,,complete,,638974fc642773387b0fa186,mobile,Apple iPhone,iOS 15.6.1,Mobile Safari 15.6.1,414x896,800x364,,Audio Naming Task,26,Block 6-A,soundCheckPassed,6-A,6-A,221,53,2,Screen 2,Zone6,content_web_audio,2,,,AUDIO PLAY REQUESTED,1,0,1,0,,,,,2,Trial (Quiet),a_subj24_m_paso_204.wav,none,a,,1,6-A,quiet,subj24,m,paso,204
1190,1669953380527,02/12/2022 03:56:20,1669953380047,-6,01/12/2022 21:56:20,92237,21,task-bsko,,25622444,BLIND,7588880,,complete,,638974fc642773387b0fa186,mobile,Apple iPhone,iOS 15.6.1,Mobile Safari 15.6.1,414x896,800x364,,Audio Naming Task,26,Block 6-A,soundCheckPassed,6-A,6-A,221,53,2,Screen 2,Zone7,content_web_audio,3,,,AUDIO PLAY REQUESTED,1,0,1,0,,,,,2,Trial (Quiet),a_subj24_m_paso_204.wav,none,a,,1,6-A,quiet,subj24,m,paso,204
1191,1669953381540,02/12/2022 03:56:21,1669953381252,-6,01/12/2022 21:56:21,92237,21,task-bsko,,25622444,BLIND,7588880,,complete,,638974fc642773387b0fa186,mobile,Apple iPhone,iOS 15.6.1,Mobile Safari 15.6.1,414x896,800x364,,Audio Naming Task,26,Block 6-A,soundCheckPassed,6-A,6-A,221,53,2,Screen 2,Zone1,response_button_text,1208,,,a,1,1,0,0,,,,,2,Trial (Quiet),a_subj24_m_paso_204.wav,none,a,,1,6-A,quiet,subj24,m,paso,204
1192,1669953382078,02/12/2022 03:56:22,1669953381595,-6,01/12/2022 21:56:21,92237,21,task-bsko,,25622444,BLIND,7588880,,complete,,638974fc642773387b0fa186,mobile,Apple iPhone,iOS 15.6.1,Mobile Safari 15.6.1,414x896,800x364,,Audio Naming Task,26,Block 6-A,soundCheckPassed,6-A,6-A,277,54,1,Screen 1,fixation,fixation,367,,,,,0,1,0,,,,,2,Trial (Quiet),e_subj18_f_seca_346.wav,none,e,,1,6-A,quiet,subj18,f,seca,346
1193,1669953382273,02/12/2022 03:56:22,1669953381614,-6,01/12/2022 21:56:21,92237,21,task-bsko,,25622444,BLIND,7588880,,complete,,638974fc642773387b0fa186,mobile,Apple iPhone,iOS 15.6.1,Mobile Safari 15.6.1,414x896,800x364,,Audio Naming Task,26,Block 6-A,soundCheckPassed,6-A,6-A,277,54,2,Screen 2,Zone6,content_web_audio,2,,,AUDIO PLAY REQUESTED,1,0,1,0,,,,,2,Trial (Quiet),e_subj18_f_seca_346.wav,none,e,,1,6-A,quiet,subj18,f,seca,346
1194,1669953382273,02/12/2022 03:56:22,1669953381615,-6,01/12/2022 21:56:21,92237,21,task-bsko,,25622444,BLIND,7588880,,complete,,638974fc642773387b0fa186,mobile,Apple iPhone,iOS 15.6.1,Mobile Safari 15.6.1,414x896,800x364,,Audio Naming Task,26,Block 6-A,soundCheckPassed,6-A,6-A,277,54,2,Screen 2,Zone7,content_web_audio,3.0000000000582077,,,AUDIO PLAY REQUESTED,1,0,1,0,,,,,2,Trial (Quiet),e_subj18_f_seca_346.wav,none,e,,1,6-A,quiet,subj18,f,seca,346
1195,1669953383117,02/12/2022 03:56:23,1669953382635,-6,01/12/2022 21:56:22,92237,21,task-bsko,,25622444,BLIND,7588880,,complete,,638974fc642773387b0fa186,mobile,Apple iPhone,iOS 15.6.1,Mobile Safari 15.6.1,414x896,800x364,,Audio Naming Task,26,Block 6-A,soundCheckPassed,6-A,6-A,277,54,2,Screen 2,Zone5,response_button_text,1022.0000000000582,,,e,1,1,0,0,,,,,2,Trial (Quiet),e_subj18_f_seca_346.wav,none,e,,1,6-A,quiet,subj18,f,seca,346
1196,1669953383498,02/12/2022 03:56:23,1669953382995,-6,01/12/2022 21:56:22,92237,21,task-bsko,,25622444,BLIND,7588880,,complete,,638974fc642773387b0fa186,mobile,Apple iPhone,iOS 15.6.1,Mobile Safari 15.6.1,414x896,800x364,,Audio Naming Task,26,Block 6-A,soundCheckPassed,6-A,6-A,395,55,1,Screen 1,fixation,fixation,367,,,,,0,1,0,,,,,2,Trial (Quiet),u_subj36_f_supo_75.wav,none,u,,1,6-A,quiet,subj36,f,supo,75
1197,1669953383498,02/12/2022 03:56:23,1669953383011,-6,01/12/2022 21:56:23,92237,21,task-bsko,,25622444,BLIND,7588880,,complete,,638974fc642773387b0fa186,mobile,Apple iPhone,iOS 15.6.1,Mobile Safari 15.6.1,414x896,800x364,,Audio Naming Task,26,Block 6-A,soundCheckPassed,6-A,6-A,395,55,2,Screen 2,Zone6,content_web_audio,1.9999999999417923,,,AUDIO PLAY REQUESTED,1,0,1,0,,,,,2,Trial (Quiet),u_subj36_f_supo_75.wav,none,u,,1,6-A,quiet,subj36,f,supo,75
1198,1669953383498,02/12/2022 03:56:23,1669953383013,-6,01/12/2022 21:56:23,92237,21,task-bsko,,25622444,BLIND,7588880,,complete,,638974fc642773387b0fa186,mobile,Apple iPhone,iOS 15.6.1,Mobile Safari 15.6.1,414x896,800x364,,Audio Naming Task,26,Block 6-A,soundCheckPassed,6-A,6-A,395,55,2,Screen 2,Zone7,content_web_audio,2.9999999999417923,,,AUDIO PLAY REQUESTED,1,0,1,0,,,,,2,Trial (Quiet),u_subj36_f_supo_75.wav,none,u,,1,6-A,quiet,subj36,f,supo,75
1199,1669953384935,02/12/2022 03:56:24,1669953384643,-6,01/12/2022 21:56:24,92237,21,task-bsko,,25622444,BLIND,7588880,,complete,,638974fc642773387b0fa186,mobile,Apple iPhone,iOS 15.6.1,Mobile Safari 15.6.1,414x896,800x364,,Audio Naming Task,26,Block 6-A,soundCheckPassed,6-A,6-A,395,55,2,Screen 2,Zone2,response_button_text,1632.9999999999418,,,u,1,1,0,0,,,,,2,Trial (Quiet),u_subj36_f_supo_75.wav,none,u,,1,6-A,quiet,subj36,f,supo,75
1200,1669953385467,02/12/2022 03:56:25,1669953384961,-6,01/12/2022 21:56:24,92237,21,task-bsko,,25622444,BLIND,7588880,,complete,,638974fc642773387b0fa186,mobile,Apple iPhone,iOS 15.6.1,Mobile Safari 15.6.1,414x896,800x364,,Audio Naming Task,26,Block 6-A,soundCheckPassed,6-A,6-A,222,56,1,Screen 1,fixation,fixation,333,,,,,0,1,0,,,,,2,Trial (Quiet),a_subj20_m_saca_94.wav,none,a,,1,6-A,quiet,subj20,m,saca,94
1201,1669953385651,02/12/2022 03:56:25,1669953384980,-6,01/12/2022 21:56:24,92237,21,task-bsko,,25622444,BLIND,7588880,,complete,,638974fc642773387b0fa186,mobile,Apple iPhone,iOS 15.6.1,Mobile Safari 15.6.1,414x896,800x364,,Audio Naming Task,26,Block 6-A,soundCheckPassed,6-A,6-A,222,56,2,Screen 2,Zone6,content_web_audio,1.9999999999417923,,,AUDIO PLAY REQUESTED,1,0,1,0,,,,,2,Trial (Quiet),a_subj20_m_saca_94.wav,none,a,,1,6-A,quiet,subj20,m,saca,94
1202,1669953385651,02/12/2022 03:56:25,1669953384982,-6,01/12/2022 21:56:24,92237,21,task-bsko,,25622444,BLIND,7588880,,complete,,638974fc642773387b0fa186,mobile,Apple iPhone,iOS 15.6.1,Mobile Safari 15.6.1,414x896,800x364,,Audio Naming Task,26,Block 6-A,soundCheckPassed,6-A,6-A,222,56,2,Screen 2,Zone7,content_web_audio,3.9999999999417923,,,AUDIO PLAY REQUESTED,1,0,1,0,,,,,2,Trial (Quiet),a_subj20_m_saca_94.wav,none,a,,1,6-A,quiet,subj20,m,saca,94
1203,1669953386512,02/12/2022 03:56:26,1669953386035,-6,01/12/2022 21:56:26,92237,21,task-bsko,,25622444,BLIND,7588880,,complete,,638974fc642773387b0fa186,mobile,Apple iPhone,iOS 15.6.1,Mobile Safari 15.6.1,414x896,800x364,,Audio Naming Task,26,Block 6-A,soundCheckPassed,6-A,6-A,222,56,2,Screen 2,Zone1,response_button_text,1055.9999999999418,,,a,1,1,0,0,,,,,2,Trial (Quiet),a_subj20_m_saca_94.wav,none,a,,1,6-A,quiet,subj20,m,saca,94
1204,1669953386884,02/12/2022 03:56:26,1669953386428,-6,01/12/2022 21:56:26,92237,21,task-bsko,,25622444,BLIND,7588880,,complete,,638974fc642773387b0fa186,mobile,Apple iPhone,iOS 15.6.1,Mobile Safari 15.6.1,414x896,800x364,,Audio Naming Task,26,Block 6-A,soundCheckPassed,6-A,6-A,276,57,1,Screen 1,fixation,fixation,399,,,,,0,1,0,,,,,2,Trial (Quiet),e_subj37_f_peca_242.wav,none,e,,1,6-A,quiet,subj37,f,peca,242
1205,1669953387059,02/12/2022 03:56:27,1669953386446,-6,01/12/2022 21:56:26,92237,21,task-bsko,,25622444,BLIND,7588880,,complete,,638974fc642773387b0fa186,mobile,Apple iPhone,iOS 15.6.1,Mobile Safari 15.6.1,414x896,800x364,,Audio Naming Task,26,Block 6-A,soundCheckPassed,6-A,6-A,276,57,2,Screen 2,Zone6,content_web_audio,2,,,AUDIO PLAY REQUESTED,1,0,1,0,,,,,2,Trial (Quiet),e_subj37_f_peca_242.wav,none,e,,1,6-A,quiet,subj37,f,peca,242
1206,1669953387059,02/12/2022 03:56:27,1669953386447,-6,01/12/2022 21:56:26,92237,21,task-bsko,,25622444,BLIND,7588880,,complete,,638974fc642773387b0fa186,mobile,Apple iPhone,iOS 15.6.1,Mobile Safari 15.6.1,414x896,800x364,,Audio Naming Task,26,Block 6-A,soundCheckPassed,6-A,6-A,276,57,2,Screen 2,Zone7,content_web_audio,3,,,AUDIO PLAY REQUESTED,1,0,1,0,,,,,2,Trial (Quiet),e_subj37_f_peca_242.wav,none,e,,1,6-A,quiet,subj37,f,peca,242
1207,1669953387877,02/12/2022 03:56:27,1669953387477,-6,01/12/2022 21:56:27,92237,21,task-bsko,,25622444,BLIND,7588880,,complete,,638974fc642773387b0fa186,mobile,Apple iPhone,iOS 15.6.1,Mobile Safari 15.6.1,414x896,800x364,,Audio Naming Task,26,Block 6-A,soundCheckPassed,6-A,6-A,276,57,2,Screen 2,Zone5,response_button_text,1032,,,e,1,1,0,0,,,,,2,Trial (Quiet),e_subj37_f_peca_242.wav,none,e,,1,6-A,quiet,subj37,f,peca,242
1208,1669953388296,02/12/2022 03:56:28,1669953387828,-6,01/12/2022 21:56:27,92237,21,task-bsko,,25622444,BLIND,7588880,,complete,,638974fc642773387b0fa186,mobile,Apple iPhone,iOS 15.6.1,Mobile Safari 15.6.1,414x896,800x364,,Audio Naming Task,26,Block 6-A,soundCheckPassed,6-A,6-A,398,58,1,Screen 1,fixation,fixation,366,,,,,0,1,0,,,,,2,Trial (Quiet),u_subj19_f_supo_179.wav,none,u,,1,6-A,quiet,subj19,f,supo,179
1209,1669953388555,02/12/2022 03:56:28,1669953387846,-6,01/12/2022 21:56:27,92237,21,task-bsko,,25622444,BLIND,7588880,,complete,,638974fc642773387b0fa186,mobile,Apple iPhone,iOS 15.6.1,Mobile Safari 15.6.1,414x896,800x364,,Audio Naming Task,26,Block 6-A,soundCheckPassed,6-A,6-A,398,58,2,Screen 2,Zone6,content_web_audio,2,,,AUDIO PLAY REQUESTED,1,0,1,0,,,,,2,Trial (Quiet),u_subj19_f_supo_179.wav,none,u,,1,6-A,quiet,subj19,f,supo,179
1210,1669953388555,02/12/2022 03:56:28,1669953387848,-6,01/12/2022 21:56:27,92237,21,task-bsko,,25622444,BLIND,7588880,,complete,,638974fc642773387b0fa186,mobile,Apple iPhone,iOS 15.6.1,Mobile Safari 15.6.1,414x896,800x364,,Audio Naming Task,26,Block 6-A,soundCheckPassed,6-A,6-A,398,58,2,Screen 2,Zone7,content_web_audio,3,,,AUDIO PLAY REQUESTED,1,0,1,0,,,,,2,Trial (Quiet),u_subj19_f_supo_179.wav,none,u,,1,6-A,quiet,subj19,f,supo,179
1211,1669953389458,02/12/2022 03:56:29,1669953389101,-6,01/12/2022 21:56:29,92237,21,task-bsko,,25622444,BLIND,7588880,,complete,,638974fc642773387b0fa186,mobile,Apple iPhone,iOS 15.6.1,Mobile Safari 15.6.1,414x896,800x364,,Audio Naming Task,26,Block 6-A,soundCheckPassed,6-A,6-A,398,58,2,Screen 2,Zone2,response_button_text,1256,,,u,1,1,0,0,,,,,2,Trial (Quiet),u_subj19_f_supo_179.wav,none,u,,1,6-A,quiet,subj19,f,supo,179
1212,1669953389934,02/12/2022 03:56:29,1669953389462,-6,01/12/2022 21:56:29,92237,21,task-bsko,,25622444,BLIND,7588880,,complete,,638974fc642773387b0fa186,mobile,Apple iPhone,iOS 15.6.1,Mobile Safari 15.6.1,414x896,800x364,,Audio Naming Task,26,Block 6-A,soundCheckPassed,6-A,6-A,283,59,1,Screen 1,fixation,fixation,367,,,,,0,1,0,,,,,2,Trial (Quiet),i_subj19_f_pisa_175.wav,none,i,,1,6-A,quiet,subj19,f,pisa,175
1213,1669953390138,02/12/2022 03:56:30,1669953389480,-6,01/12/2022 21:56:29,92237,21,task-bsko,,25622444,BLIND,7588880,,complete,,638974fc642773387b0fa186,mobile,Apple iPhone,iOS 15.6.1,Mobile Safari 15.6.1,414x896,800x364,,Audio Naming Task,26,Block 6-A,soundCheckPassed,6-A,6-A,283,59,2,Screen 2,Zone6,content_web_audio,1.9999999999417923,,,AUDIO PLAY REQUESTED,1,0,1,0,,,,,2,Trial (Quiet),i_subj19_f_pisa_175.wav,none,i,,1,6-A,quiet,subj19,f,pisa,175
1214,1669953390138,02/12/2022 03:56:30,1669953389482,-6,01/12/2022 21:56:29,92237,21,task-bsko,,25622444,BLIND,7588880,,complete,,638974fc642773387b0fa186,mobile,Apple iPhone,iOS 15.6.1,Mobile Safari 15.6.1,414x896,800x364,,Audio Naming Task,26,Block 6-A,soundCheckPassed,6-A,6-A,283,59,2,Screen 2,Zone7,content_web_audio,3.9999999999417923,,,AUDIO PLAY REQUESTED,1,0,1,0,,,,,2,Trial (Quiet),i_subj19_f_pisa_175.wav,none,i,,1,6-A,quiet,subj19,f,pisa,175
1215,1669953390996,02/12/2022 03:56:30,1669953390443,-6,01/12/2022 21:56:30,92237,21,task-bsko,,25622444,BLIND,7588880,,complete,,638974fc642773387b0fa186,mobile,Apple iPhone,iOS 15.6.1,Mobile Safari 15.6.1,414x896,800x364,,Audio Naming Task,26,Block 6-A,soundCheckPassed,6-A,6-A,283,59,2,Screen 2,Zone5,response_button_text,963.9999999999418,,,e,1,0,1,0,,,,,2,Trial (Quiet),i_subj19_f_pisa_175.wav,none,i,,1,6-A,quiet,subj19,f,pisa,175
1216,1669953391371,02/12/2022 03:56:31,1669953390761,-6,01/12/2022 21:56:30,92237,21,task-bsko,,25622444,BLIND,7588880,,complete,,638974fc642773387b0fa186,mobile,Apple iPhone,iOS 15.6.1,Mobile Safari 15.6.1,414x896,800x364,,Audio Naming Task,26,Block 6-A,soundCheckPassed,6-A,6-A,327,60,1,Screen 1,fixation,fixation,334,,,,,0,1,0,,,,,2,Trial (Quiet),o_subj8_f_cosa_253.wav,none,o,,1,6-A,quiet,subj8,f,cosa,253
1217,1669953391371,02/12/2022 03:56:31,1669953390778,-6,01/12/2022 21:56:30,92237,21,task-bsko,,25622444,BLIND,7588880,,complete,,638974fc642773387b0fa186,mobile,Apple iPhone,iOS 15.6.1,Mobile Safari 15.6.1,414x896,800x364,,Audio Naming Task,26,Block 6-A,soundCheckPassed,6-A,6-A,327,60,2,Screen 2,Zone6,content_web_audio,1.9999999999417923,,,AUDIO PLAY REQUESTED,1,0,1,0,,,,,2,Trial (Quiet),o_subj8_f_cosa_253.wav,none,o,,1,6-A,quiet,subj8,f,cosa,253
1218,1669953391371,02/12/2022 03:56:31,1669953390780,-6,01/12/2022 21:56:30,92237,21,task-bsko,,25622444,BLIND,7588880,,complete,,638974fc642773387b0fa186,mobile,Apple iPhone,iOS 15.6.1,Mobile Safari 15.6.1,414x896,800x364,,Audio Naming Task,26,Block 6-A,soundCheckPassed,6-A,6-A,327,60,2,Screen 2,Zone7,content_web_audio,3.9999999999417923,,,AUDIO PLAY REQUESTED,1,0,1,0,,,,,2,Trial (Quiet),o_subj8_f_cosa_253.wav,none,o,,1,6-A,quiet,subj8,f,cosa,253
1219,1669953392323,02/12/2022 03:56:32,1669953392001,-6,01/12/2022 21:56:32,92237,21,task-bsko,,25622444,BLIND,7588880,,complete,,638974fc642773387b0fa186,mobile,Apple iPhone,iOS 15.6.1,Mobile Safari 15.6.1,414x896,800x364,,Audio Naming Task,26,Block 6-A,soundCheckPassed,6-A,6-A,327,60,2,Screen 2,Zone3,response_button_text,1224.9999999999418,,,o,1,1,0,0,,,,,2,Trial (Quiet),o_subj8_f_cosa_253.wav,none,o,,1,6-A,quiet,subj8,f,cosa,253
1220,1669953392819,02/12/2022 03:56:32,1669953392361,-6,01/12/2022 21:56:32,92237,21,task-bsko,,25622444,BLIND,7588880,,complete,,638974fc642773387b0fa186,mobile,Apple iPhone,iOS 15.6.1,Mobile Safari 15.6.1,414x896,800x364,,Audio Naming Task,26,Block 6-A,soundCheckPassed,6-A,6-A,237,61,1,Screen 1,fixation,fixation,367,,,,,0,1,0,,,,,2,Trial (Quiet),a_subj29_m_saco_146.wav,none,a,,1,6-A,quiet,subj29,m,saco,146
1221,1669953393019,02/12/2022 03:56:33,1669953392380,-6,01/12/2022 21:56:32,92237,21,task-bsko,,25622444,BLIND,7588880,,complete,,638974fc642773387b0fa186,mobile,Apple iPhone,iOS 15.6.1,Mobile Safari 15.6.1,414x896,800x364,,Audio Naming Task,26,Block 6-A,soundCheckPassed,6-A,6-A,237,61,2,Screen 2,Zone6,content_web_audio,2,,,AUDIO PLAY REQUESTED,1,0,1,0,,,,,2,Trial (Quiet),a_subj29_m_saco_146.wav,none,a,,1,6-A,quiet,subj29,m,saco,146
1222,1669953393019,02/12/2022 03:56:33,1669953392381,-6,01/12/2022 21:56:32,92237,21,task-bsko,,25622444,BLIND,7588880,,complete,,638974fc642773387b0fa186,mobile,Apple iPhone,iOS 15.6.1,Mobile Safari 15.6.1,414x896,800x364,,Audio Naming Task,26,Block 6-A,soundCheckPassed,6-A,6-A,237,61,2,Screen 2,Zone7,content_web_audio,3,,,AUDIO PLAY REQUESTED,1,0,1,0,,,,,2,Trial (Quiet),a_subj29_m_saco_146.wav,none,a,,1,6-A,quiet,subj29,m,saco,146
1223,1669953393885,02/12/2022 03:56:33,1669953393410,-6,01/12/2022 21:56:33,92237,21,task-bsko,,25622444,BLIND,7588880,,complete,,638974fc642773387b0fa186,mobile,Apple iPhone,iOS 15.6.1,Mobile Safari 15.6.1,414x896,800x364,,Audio Naming Task,26,Block 6-A,soundCheckPassed,6-A,6-A,237,61,2,Screen 2,Zone1,response_button_text,1031,,,a,1,1,0,0,,,,,2,Trial (Quiet),a_subj29_m_saco_146.wav,none,a,,1,6-A,quiet,subj29,m,saco,146
1224,1669953394266,02/12/2022 03:56:34,1669953393761,-6,01/12/2022 21:56:33,92237,21,task-bsko,,25622444,BLIND,7588880,,complete,,638974fc642773387b0fa186,mobile,Apple iPhone,iOS 15.6.1,Mobile Safari 15.6.1,414x896,800x364,,Audio Naming Task,26,Block 6-A,soundCheckPassed,6-A,6-A,303,62,1,Screen 1,fixation,fixation,367,,,,,0,1,0,,,,,2,Trial (Quiet),i_subj20_m_pico_125.wav,none,i,,1,6-A,quiet,subj20,m,pico,125
1225,1669953394266,02/12/2022 03:56:34,1669953393777,-6,01/12/2022 21:56:33,92237,21,task-bsko,,25622444,BLIND,7588880,,complete,,638974fc642773387b0fa186,mobile,Apple iPhone,iOS 15.6.1,Mobile Safari 15.6.1,414x896,800x364,,Audio Naming Task,26,Block 6-A,soundCheckPassed,6-A,6-A,303,62,2,Screen 2,Zone6,content_web_audio,1.9999999999417923,,,AUDIO PLAY REQUESTED,1,0,1,0,,,,,2,Trial (Quiet),i_subj20_m_pico_125.wav,none,i,,1,6-A,quiet,subj20,m,pico,125
1226,1669953394266,02/12/2022 03:56:34,1669953393779,-6,01/12/2022 21:56:33,92237,21,task-bsko,,25622444,BLIND,7588880,,complete,,638974fc642773387b0fa186,mobile,Apple iPhone,iOS 15.6.1,Mobile Safari 15.6.1,414x896,800x364,,Audio Naming Task,26,Block 6-A,soundCheckPassed,6-A,6-A,303,62,2,Screen 2,Zone7,content_web_audio,2.9999999999417923,,,AUDIO PLAY REQUESTED,1,0,1,0,,,,,2,Trial (Quiet),i_subj20_m_pico_125.wav,none,i,,1,6-A,quiet,subj20,m,pico,125
1227,1669953395302,02/12/2022 03:56:35,1669953394809,-6,01/12/2022 21:56:34,92237,21,task-bsko,,25622444,BLIND,7588880,,complete,,638974fc642773387b0fa186,mobile,Apple iPhone,iOS 15.6.1,Mobile Safari 15.6.1,414x896,800x364,,Audio Naming Task,26,Block 6-A,soundCheckPassed,6-A,6-A,303,62,2,Screen 2,Zone4,response_button_text,1032.9999999999418,,,i,1,1,0,0,,,,,2,Trial (Quiet),i_subj20_m_pico_125.wav,none,i,,1,6-A,quiet,subj20,m,pico,125
1228,1669953395800,02/12/2022 03:56:35,1669953395161,-6,01/12/2022 21:56:35,92237,21,task-bsko,,25622444,BLIND,7588880,,complete,,638974fc642773387b0fa186,mobile,Apple iPhone,iOS 15.6.1,Mobile Safari 15.6.1,414x896,800x364,,Audio Naming Task,26,Block 6-A,soundCheckPassed,6-A,6-A,280,63,1,Screen 1,fixation,fixation,366,,,,,0,1,0,,,,,2,Trial (Quiet),i_subj5_f_quita_110.wav,none,i,,1,6-A,quiet,subj5,f,quita,110
1229,1669953395800,02/12/2022 03:56:35,1669953395178,-6,01/12/2022 21:56:35,92237,21,task-bsko,,25622444,BLIND,7588880,,complete,,638974fc642773387b0fa186,mobile,Apple iPhone,iOS 15.6.1,Mobile Safari 15.6.1,414x896,800x364,,Audio Naming Task,26,Block 6-A,soundCheckPassed,6-A,6-A,280,63,2,Screen 2,Zone6,content_web_audio,2,,,AUDIO PLAY REQUESTED,1,0,1,0,,,,,2,Trial (Quiet),i_subj5_f_quita_110.wav,none,i,,1,6-A,quiet,subj5,f,quita,110
1230,1669953395800,02/12/2022 03:56:35,1669953395180,-6,01/12/2022 21:56:35,92237,21,task-bsko,,25622444,BLIND,7588880,,complete,,638974fc642773387b0fa186,mobile,Apple iPhone,iOS 15.6.1,Mobile Safari 15.6.1,414x896,800x364,,Audio Naming Task,26,Block 6-A,soundCheckPassed,6-A,6-A,280,63,2,Screen 2,Zone7,content_web_audio,4,,,AUDIO PLAY REQUESTED,1,0,1,0,,,,,2,Trial (Quiet),i_subj5_f_quita_110.wav,none,i,,1,6-A,quiet,subj5,f,quita,110
1231,1669953397250,02/12/2022 03:56:37,1669953396726,-6,01/12/2022 21:56:36,92237,21,task-bsko,,25622444,BLIND,7588880,,complete,,638974fc642773387b0fa186,mobile,Apple iPhone,iOS 15.6.1,Mobile Safari 15.6.1,414x896,800x364,,Audio Naming Task,26,Block 6-A,soundCheckPassed,6-A,6-A,280,63,2,Screen 2,Zone4,response_button_text,1548,,,i,1,1,0,0,,,,,2,Trial (Quiet),i_subj5_f_quita_110.wav,none,i,,1,6-A,quiet,subj5,f,quita,110
1232,1669953397647,02/12/2022 03:56:37,1669953397061,-6,01/12/2022 21:56:37,92237,21,task-bsko,,25622444,BLIND,7588880,,complete,,638974fc642773387b0fa186,mobile,Apple iPhone,iOS 15.6.1,Mobile Safari 15.6.1,414x896,800x364,,Audio Naming Task,26,Block 6-A,soundCheckPassed,6-A,6-A,340,64,1,Screen 1,fixation,fixation,366,,,,,0,1,0,,,,,2,Trial (Quiet),o_subj1_m_bote_160.wav,none,o,,1,6-A,quiet,subj1,m,bote,160
1233,1669953397647,02/12/2022 03:56:37,1669953397079,-6,01/12/2022 21:56:37,92237,21,task-bsko,,25622444,BLIND,7588880,,complete,,638974fc642773387b0fa186,mobile,Apple iPhone,iOS 15.6.1,Mobile Safari 15.6.1,414x896,800x364,,Audio Naming Task,26,Block 6-A,soundCheckPassed,6-A,6-A,340,64,2,Screen 2,Zone6,content_web_audio,2,,,AUDIO PLAY REQUESTED,1,0,1,0,,,,,2,Trial (Quiet),o_subj1_m_bote_160.wav,none,o,,1,6-A,quiet,subj1,m,bote,160
1234,1669953397647,02/12/2022 03:56:37,1669953397080,-6,01/12/2022 21:56:37,92237,21,task-bsko,,25622444,BLIND,7588880,,complete,,638974fc642773387b0fa186,mobile,Apple iPhone,iOS 15.6.1,Mobile Safari 15.6.1,414x896,800x364,,Audio Naming Task,26,Block 6-A,soundCheckPassed,6-A,6-A,340,64,2,Screen 2,Zone7,content_web_audio,4,,,AUDIO PLAY REQUESTED,1,0,1,0,,,,,2,Trial (Quiet),o_subj1_m_bote_160.wav,none,o,,1,6-A,quiet,subj1,m,bote,160
1235,1669953398668,02/12/2022 03:56:38,1669953398184,-6,01/12/2022 21:56:38,92237,21,task-bsko,,25622444,BLIND,7588880,,complete,,638974fc642773387b0fa186,mobile,Apple iPhone,iOS 15.6.1,Mobile Safari 15.6.1,414x896,800x364,,Audio Naming Task,26,Block 6-A,soundCheckPassed,6-A,6-A,340,64,2,Screen 2,Zone3,response_button_text,1107,,,o,1,1,0,0,,,,,2,Trial (Quiet),o_subj1_m_bote_160.wav,none,o,,1,6-A,quiet,subj1,m,bote,160
1236,1669953399084,02/12/2022 03:56:39,1669953398494,-6,01/12/2022 21:56:38,92237,21,task-bsko,,25622444,BLIND,7588880,,complete,,638974fc642773387b0fa186,mobile,Apple iPhone,iOS 15.6.1,Mobile Safari 15.6.1,414x896,800x364,,Audio Naming Task,26,Block 6-A,soundCheckPassed,6-A,6-A,285,65,1,Screen 1,fixation,fixation,334,,,,,0,1,0,,,,,2,Trial (Quiet),i_subj27_f_quite_263.wav,none,i,,1,6-A,quiet,subj27,f,quite,263
1237,1669953399084,02/12/2022 03:56:39,1669953398511,-6,01/12/2022 21:56:38,92237,21,task-bsko,,25622444,BLIND,7588880,,complete,,638974fc642773387b0fa186,mobile,Apple iPhone,iOS 15.6.1,Mobile Safari 15.6.1,414x896,800x364,,Audio Naming Task,26,Block 6-A,soundCheckPassed,6-A,6-A,285,65,2,Screen 2,Zone6,content_web_audio,1.9999999999417923,,,AUDIO PLAY REQUESTED,1,0,1,0,,,,,2,Trial (Quiet),i_subj27_f_quite_263.wav,none,i,,1,6-A,quiet,subj27,f,quite,263
1238,1669953399084,02/12/2022 03:56:39,1669953398513,-6,01/12/2022 21:56:38,92237,21,task-bsko,,25622444,BLIND,7588880,,complete,,638974fc642773387b0fa186,mobile,Apple iPhone,iOS 15.6.1,Mobile Safari 15.6.1,414x896,800x364,,Audio Naming Task,26,Block 6-A,soundCheckPassed,6-A,6-A,285,65,2,Screen 2,Zone7,content_web_audio,3.9999999999417923,,,AUDIO PLAY REQUESTED,1,0,1,0,,,,,2,Trial (Quiet),i_subj27_f_quite_263.wav,none,i,,1,6-A,quiet,subj27,f,quite,263
1239,1669953400030,02/12/2022 03:56:40,1669953399568,-6,01/12/2022 21:56:39,92237,21,task-bsko,,25622444,BLIND,7588880,,complete,,638974fc642773387b0fa186,mobile,Apple iPhone,iOS 15.6.1,Mobile Safari 15.6.1,414x896,800x364,,Audio Naming Task,26,Block 6-A,soundCheckPassed,6-A,6-A,285,65,2,Screen 2,Zone5,response_button_text,1057.9999999999418,,,e,1,0,1,0,,,,,2,Trial (Quiet),i_subj27_f_quite_263.wav,none,i,,1,6-A,quiet,subj27,f,quite,263
1240,1669953400431,02/12/2022 03:56:40,1669953399961,-6,01/12/2022 21:56:39,92237,21,task-bsko,,25622444,BLIND,7588880,,complete,,638974fc642773387b0fa186,mobile,Apple iPhone,iOS 15.6.1,Mobile Safari 15.6.1,414x896,800x364,,Audio Naming Task,26,Block 6-A,soundCheckPassed,6-A,6-A,200,66,1,Screen 1,fixation,fixation,400,,,,,0,1,0,,,,,2,Trial (Quiet),a_subj50_f_saca_40.wav,none,a,,1,6-A,quiet,subj50,f,saca,40
1241,1669953400668,02/12/2022 03:56:40,1669953399979,-6,01/12/2022 21:56:39,92237,21,task-bsko,,25622444,BLIND,7588880,,complete,,638974fc642773387b0fa186,mobile,Apple iPhone,iOS 15.6.1,Mobile Safari 15.6.1,414x896,800x364,,Audio Naming Task,26,Block 6-A,soundCheckPassed,6-A,6-A,200,66,2,Screen 2,Zone6,content_web_audio,0.9999999999417923,,,AUDIO PLAY REQUESTED,1,0,1,0,,,,,2,Trial (Quiet),a_subj50_f_saca_40.wav,none,a,,1,6-A,quiet,subj50,f,saca,40
1242,1669953400668,02/12/2022 03:56:40,1669953399980,-6,01/12/2022 21:56:39,92237,21,task-bsko,,25622444,BLIND,7588880,,complete,,638974fc642773387b0fa186,mobile,Apple iPhone,iOS 15.6.1,Mobile Safari 15.6.1,414x896,800x364,,Audio Naming Task,26,Block 6-A,soundCheckPassed,6-A,6-A,200,66,2,Screen 2,Zone7,content_web_audio,2.9999999999417923,,,AUDIO PLAY REQUESTED,1,0,1,0,,,,,2,Trial (Quiet),a_subj50_f_saca_40.wav,none,a,,1,6-A,quiet,subj50,f,saca,40
1243,1669953401550,02/12/2022 03:56:41,1669953401267,-6,01/12/2022 21:56:41,92237,21,task-bsko,,25622444,BLIND,7588880,,complete,,638974fc642773387b0fa186,mobile,Apple iPhone,iOS 15.6.1,Mobile Safari 15.6.1,414x896,800x364,,Audio Naming Task,26,Block 6-A,soundCheckPassed,6-A,6-A,200,66,2,Screen 2,Zone1,response_button_text,1288.9999999999418,,,a,1,1,0,0,,,,,2,Trial (Quiet),a_subj50_f_saca_40.wav,none,a,,1,6-A,quiet,subj50,f,saca,40
1244,1669953402127,02/12/2022 03:56:42,1669953401660,-6,01/12/2022 21:56:41,92237,21,task-bsko,,25622444,BLIND,7588880,,complete,,638974fc642773387b0fa186,mobile,Apple iPhone,iOS 15.6.1,Mobile Safari 15.6.1,414x896,800x364,,Audio Naming Task,26,Block 6-A,soundCheckPassed,6-A,6-A,367,67,1,Screen 1,fixation,fixation,400,,,,,0,1,0,,,,,2,Trial (Quiet),u_subj73_m_cuco_117.wav,none,u,,1,6-A,quiet,subj73,m,cuco,117
1245,1669953402345,02/12/2022 03:56:42,1669953401679,-6,01/12/2022 21:56:41,92237,21,task-bsko,,25622444,BLIND,7588880,,complete,,638974fc642773387b0fa186,mobile,Apple iPhone,iOS 15.6.1,Mobile Safari 15.6.1,414x896,800x364,,Audio Naming Task,26,Block 6-A,soundCheckPassed,6-A,6-A,367,67,2,Screen 2,Zone6,content_web_audio,1,,,AUDIO PLAY REQUESTED,1,0,1,0,,,,,2,Trial (Quiet),u_subj73_m_cuco_117.wav,none,u,,1,6-A,quiet,subj73,m,cuco,117
1246,1669953402345,02/12/2022 03:56:42,1669953401681,-6,01/12/2022 21:56:41,92237,21,task-bsko,,25622444,BLIND,7588880,,complete,,638974fc642773387b0fa186,mobile,Apple iPhone,iOS 15.6.1,Mobile Safari 15.6.1,414x896,800x364,,Audio Naming Task,26,Block 6-A,soundCheckPassed,6-A,6-A,367,67,2,Screen 2,Zone7,content_web_audio,3,,,AUDIO PLAY REQUESTED,1,0,1,0,,,,,2,Trial (Quiet),u_subj73_m_cuco_117.wav,none,u,,1,6-A,quiet,subj73,m,cuco,117
1247,1669953403589,02/12/2022 03:56:43,1669953403067,-6,01/12/2022 21:56:43,92237,21,task-bsko,,25622444,BLIND,7588880,,complete,,638974fc642773387b0fa186,mobile,Apple iPhone,iOS 15.6.1,Mobile Safari 15.6.1,414x896,800x364,,Audio Naming Task,26,Block 6-A,soundCheckPassed,6-A,6-A,367,67,2,Screen 2,Zone2,response_button_text,1389,,,u,1,1,0,0,,,,,2,Trial (Quiet),u_subj73_m_cuco_117.wav,none,u,,1,6-A,quiet,subj73,m,cuco,117
1248,1669953403978,02/12/2022 03:56:43,1669953403394,-6,01/12/2022 21:56:43,92237,21,task-bsko,,25622444,BLIND,7588880,,complete,,638974fc642773387b0fa186,mobile,Apple iPhone,iOS 15.6.1,Mobile Safari 15.6.1,414x896,800x364,,Audio Naming Task,26,Block 6-A,soundCheckPassed,6-A,6-A,206,68,1,Screen 1,fixation,fixation,334,,,,,0,1,0,,,,,2,Trial (Quiet),a_subj16_f_saco_147.wav,none,a,,1,6-A,quiet,subj16,f,saco,147
1249,1669953403978,02/12/2022 03:56:43,1669953403412,-6,01/12/2022 21:56:43,92237,21,task-bsko,,25622444,BLIND,7588880,,complete,,638974fc642773387b0fa186,mobile,Apple iPhone,iOS 15.6.1,Mobile Safari 15.6.1,414x896,800x364,,Audio Naming Task,26,Block 6-A,soundCheckPassed,6-A,6-A,206,68,2,Screen 2,Zone6,content_web_audio,2,,,AUDIO PLAY REQUESTED,1,0,1,0,,,,,2,Trial (Quiet),a_subj16_f_saco_147.wav,none,a,,1,6-A,quiet,subj16,f,saco,147
1250,1669953403978,02/12/2022 03:56:43,1669953403414,-6,01/12/2022 21:56:43,92237,21,task-bsko,,25622444,BLIND,7588880,,complete,,638974fc642773387b0fa186,mobile,Apple iPhone,iOS 15.6.1,Mobile Safari 15.6.1,414x896,800x364,,Audio Naming Task,26,Block 6-A,soundCheckPassed,6-A,6-A,206,68,2,Screen 2,Zone7,content_web_audio,4,,,AUDIO PLAY REQUESTED,1,0,1,0,,,,,2,Trial (Quiet),a_subj16_f_saco_147.wav,none,a,,1,6-A,quiet,subj16,f,saco,147
1251,1669953404921,02/12/2022 03:56:44,1669953404584,-6,01/12/2022 21:56:44,92237,21,task-bsko,,25622444,BLIND,7588880,,complete,,638974fc642773387b0fa186,mobile,Apple iPhone,iOS 15.6.1,Mobile Safari 15.6.1,414x896,800x364,,Audio Naming Task,26,Block 6-A,soundCheckPassed,6-A,6-A,206,68,2,Screen 2,Zone1,response_button_text,1173,,,a,1,1,0,0,,,,,2,Trial (Quiet),a_subj16_f_saco_147.wav,none,a,,1,6-A,quiet,subj16,f,saco,147
1252,1669953405362,02/12/2022 03:56:45,1669953404894,-6,01/12/2022 21:56:44,92237,21,task-bsko,,25622444,BLIND,7588880,,complete,,638974fc642773387b0fa186,mobile,Apple iPhone,iOS 15.6.1,Mobile Safari 15.6.1,414x896,800x364,,Audio Naming Task,26,Block 6-A,soundCheckPassed,6-A,6-A,323,69,1,Screen 1,fixation,fixation,334,,,,,0,1,0,,,,,2,Trial (Quiet),o_subj38_f_bote_292.wav,none,o,,1,6-A,quiet,subj38,f,bote,292
1253,1669953405554,02/12/2022 03:56:45,1669953404912,-6,01/12/2022 21:56:44,92237,21,task-bsko,,25622444,BLIND,7588880,,complete,,638974fc642773387b0fa186,mobile,Apple iPhone,iOS 15.6.1,Mobile Safari 15.6.1,414x896,800x364,,Audio Naming Task,26,Block 6-A,soundCheckPassed,6-A,6-A,323,69,2,Screen 2,Zone6,content_web_audio,2.0000000000582077,,,AUDIO PLAY REQUESTED,1,0,1,0,,,,,2,Trial (Quiet),o_subj38_f_bote_292.wav,none,o,,1,6-A,quiet,subj38,f,bote,292
1254,1669953405554,02/12/2022 03:56:45,1669953404914,-6,01/12/2022 21:56:44,92237,21,task-bsko,,25622444,BLIND,7588880,,complete,,638974fc642773387b0fa186,mobile,Apple iPhone,iOS 15.6.1,Mobile Safari 15.6.1,414x896,800x364,,Audio Naming Task,26,Block 6-A,soundCheckPassed,6-A,6-A,323,69,2,Screen 2,Zone7,content_web_audio,3,,,AUDIO PLAY REQUESTED,1,0,1,0,,,,,2,Trial (Quiet),o_subj38_f_bote_292.wav,none,o,,1,6-A,quiet,subj38,f,bote,292
1255,1669953406379,02/12/2022 03:56:46,1669953406025,-6,01/12/2022 21:56:46,92237,21,task-bsko,,25622444,BLIND,7588880,,complete,,638974fc642773387b0fa186,mobile,Apple iPhone,iOS 15.6.1,Mobile Safari 15.6.1,414x896,800x364,,Audio Naming Task,26,Block 6-A,soundCheckPassed,6-A,6-A,323,69,2,Screen 2,Zone3,response_button_text,1114,,,o,1,1,0,0,,,,,2,Trial (Quiet),o_subj38_f_bote_292.wav,none,o,,1,6-A,quiet,subj38,f,bote,292
1256,1669953406846,02/12/2022 03:56:46,1669953406360,-6,01/12/2022 21:56:46,92237,21,task-bsko,,25622444,BLIND,7588880,,complete,,638974fc642773387b0fa186,mobile,Apple iPhone,iOS 15.6.1,Mobile Safari 15.6.1,414x896,800x364,,Audio Naming Task,26,Block 6-A,soundCheckPassed,6-A,6-A,364,70,1,Screen 1,fixation,fixation,367,,,,,0,1,0,,,,,2,Trial (Quiet),u_subj29_m_puso_69.wav,none,u,,1,6-A,quiet,subj29,m,puso,69
1257,1669953407086,02/12/2022 03:56:47,1669953406379,-6,01/12/2022 21:56:46,92237,21,task-bsko,,25622444,BLIND,7588880,,complete,,638974fc642773387b0fa186,mobile,Apple iPhone,iOS 15.6.1,Mobile Safari 15.6.1,414x896,800x364,,Audio Naming Task,26,Block 6-A,soundCheckPassed,6-A,6-A,364,70,2,Screen 2,Zone6,content_web_audio,1.9999999999417923,,,AUDIO PLAY REQUESTED,1,0,1,0,,,,,2,Trial (Quiet),u_subj29_m_puso_69.wav,none,u,,1,6-A,quiet,subj29,m,puso,69
1258,1669953407086,02/12/2022 03:56:47,1669953406380,-6,01/12/2022 21:56:46,92237,21,task-bsko,,25622444,BLIND,7588880,,complete,,638974fc642773387b0fa186,mobile,Apple iPhone,iOS 15.6.1,Mobile Safari 15.6.1,414x896,800x364,,Audio Naming Task,26,Block 6-A,soundCheckPassed,6-A,6-A,364,70,2,Screen 2,Zone7,content_web_audio,3.9999999999417923,,,AUDIO PLAY REQUESTED,1,0,1,0,,,,,2,Trial (Quiet),u_subj29_m_puso_69.wav,none,u,,1,6-A,quiet,subj29,m,puso,69
1259,1669953408114,02/12/2022 03:56:48,1669953407792,-6,01/12/2022 21:56:47,92237,21,task-bsko,,25622444,BLIND,7588880,,complete,,638974fc642773387b0fa186,mobile,Apple iPhone,iOS 15.6.1,Mobile Safari 15.6.1,414x896,800x364,,Audio Naming Task,26,Block 6-A,soundCheckPassed,6-A,6-A,364,70,2,Screen 2,Zone2,response_button_text,1414.9999999999418,,,u,1,1,0,0,,,,,2,Trial (Quiet),u_subj29_m_puso_69.wav,none,u,,1,6-A,quiet,subj29,m,puso,69
1260,1669953408544,02/12/2022 03:56:48,1669953408094,-6,01/12/2022 21:56:48,92237,21,task-bsko,,25622444,BLIND,7588880,,complete,,638974fc642773387b0fa186,mobile,Apple iPhone,iOS 15.6.1,Mobile Safari 15.6.1,414x896,800x364,,Audio Naming Task,26,Block 6-A,soundCheckPassed,6-A,6-A,370,71,1,Screen 1,fixation,fixation,334,,,,,0,1,0,,,,,2,Trial (Quiet),u_subj76_m_supe_95.wav,none,u,,1,6-A,quiet,subj76,m,supe,95
1261,1669953408760,02/12/2022 03:56:48,1669953408112,-6,01/12/2022 21:56:48,92237,21,task-bsko,,25622444,BLIND,7588880,,complete,,638974fc642773387b0fa186,mobile,Apple iPhone,iOS 15.6.1,Mobile Safari 15.6.1,414x896,800x364,,Audio Naming Task,26,Block 6-A,soundCheckPassed,6-A,6-A,370,71,2,Screen 2,Zone6,content_web_audio,1,,,AUDIO PLAY REQUESTED,1,0,1,0,,,,,2,Trial (Quiet),u_subj76_m_supe_95.wav,none,u,,1,6-A,quiet,subj76,m,supe,95
1262,1669953408760,02/12/2022 03:56:48,1669953408113,-6,01/12/2022 21:56:48,92237,21,task-bsko,,25622444,BLIND,7588880,,complete,,638974fc642773387b0fa186,mobile,Apple iPhone,iOS 15.6.1,Mobile Safari 15.6.1,414x896,800x364,,Audio Naming Task,26,Block 6-A,soundCheckPassed,6-A,6-A,370,71,2,Screen 2,Zone7,content_web_audio,3,,,AUDIO PLAY REQUESTED,1,0,1,0,,,,,2,Trial (Quiet),u_subj76_m_supe_95.wav,none,u,,1,6-A,quiet,subj76,m,supe,95
1263,1669953409931,02/12/2022 03:56:49,1669953409467,-6,01/12/2022 21:56:49,92237,21,task-bsko,,25622444,BLIND,7588880,,complete,,638974fc642773387b0fa186,mobile,Apple iPhone,iOS 15.6.1,Mobile Safari 15.6.1,414x896,800x364,,Audio Naming Task,26,Block 6-A,soundCheckPassed,6-A,6-A,370,71,2,Screen 2,Zone2,response_button_text,1355.0000000000582,,,u,1,1,0,0,,,,,2,Trial (Quiet),u_subj76_m_supe_95.wav,none,u,,1,6-A,quiet,subj76,m,supe,95
1264,1669953410362,02/12/2022 03:56:50,1669953409827,-6,01/12/2022 21:56:49,92237,21,task-bsko,,25622444,BLIND,7588880,,complete,,638974fc642773387b0fa186,mobile,Apple iPhone,iOS 15.6.1,Mobile Safari 15.6.1,414x896,800x364,,Audio Naming Task,26,Block 6-A,soundCheckPassed,6-A,6-A,357,72,1,Screen 1,fixation,fixation,367,,,,,0,1,0,,,,,2,Trial (Quiet),o_subj67_m_cosa_262.wav,none,o,,1,6-A,quiet,subj67,m,cosa,262
1265,1669953410362,02/12/2022 03:56:50,1669953409844,-6,01/12/2022 21:56:49,92237,21,task-bsko,,25622444,BLIND,7588880,,complete,,638974fc642773387b0fa186,mobile,Apple iPhone,iOS 15.6.1,Mobile Safari 15.6.1,414x896,800x364,,Audio Naming Task,26,Block 6-A,soundCheckPassed,6-A,6-A,357,72,2,Screen 2,Zone6,content_web_audio,2,,,AUDIO PLAY REQUESTED,1,0,1,0,,,,,2,Trial (Quiet),o_subj67_m_cosa_262.wav,none,o,,1,6-A,quiet,subj67,m,cosa,262
1266,1669953410362,02/12/2022 03:56:50,1669953409845,-6,01/12/2022 21:56:49,92237,21,task-bsko,,25622444,BLIND,7588880,,complete,,638974fc642773387b0fa186,mobile,Apple iPhone,iOS 15.6.1,Mobile Safari 15.6.1,414x896,800x364,,Audio Naming Task,26,Block 6-A,soundCheckPassed,6-A,6-A,357,72,2,Screen 2,Zone7,content_web_audio,4,,,AUDIO PLAY REQUESTED,1,0,1,0,,,,,2,Trial (Quiet),o_subj67_m_cosa_262.wav,none,o,,1,6-A,quiet,subj67,m,cosa,262
1267,1669953411897,02/12/2022 03:56:51,1669953411325,-6,01/12/2022 21:56:51,92237,21,task-bsko,,25622444,BLIND,7588880,,complete,,638974fc642773387b0fa186,mobile,Apple iPhone,iOS 15.6.1,Mobile Safari 15.6.1,414x896,800x364,,Audio Naming Task,26,Block 6-A,soundCheckPassed,6-A,6-A,357,72,2,Screen 2,Zone3,response_button_text,1483,,,o,1,1,0,0,,,,,2,Trial (Quiet),o_subj67_m_cosa_262.wav,none,o,,1,6-A,quiet,subj67,m,cosa,262
1268,1669953412282,02/12/2022 03:56:52,1669953411626,-6,01/12/2022 21:56:51,92237,21,task-bsko,,25622444,BLIND,7588880,,complete,,638974fc642773387b0fa186,mobile,Apple iPhone,iOS 15.6.1,Mobile Safari 15.6.1,414x896,800x364,,Audio Naming Task,26,Block 6-A,soundCheckPassed,6-A,6-A,220,73,1,Screen 1,fixation,fixation,334,,,,,0,1,0,,,,,2,Trial (Quiet),a_subj38_f_bate_99.wav,none,a,,1,6-A,quiet,subj38,f,bate,99
1269,1669953412282,02/12/2022 03:56:52,1669953411644,-6,01/12/2022 21:56:51,92237,21,task-bsko,,25622444,BLIND,7588880,,complete,,638974fc642773387b0fa186,mobile,Apple iPhone,iOS 15.6.1,Mobile Safari 15.6.1,414x896,800x364,,Audio Naming Task,26,Block 6-A,soundCheckPassed,6-A,6-A,220,73,2,Screen 2,Zone6,content_web_audio,2,,,AUDIO PLAY REQUESTED,1,0,1,0,,,,,2,Trial (Quiet),a_subj38_f_bate_99.wav,none,a,,1,6-A,quiet,subj38,f,bate,99
1270,1669953412282,02/12/2022 03:56:52,1669953411646,-6,01/12/2022 21:56:51,92237,21,task-bsko,,25622444,BLIND,7588880,,complete,,638974fc642773387b0fa186,mobile,Apple iPhone,iOS 15.6.1,Mobile Safari 15.6.1,414x896,800x364,,Audio Naming Task,26,Block 6-A,soundCheckPassed,6-A,6-A,220,73,2,Screen 2,Zone7,content_web_audio,3.0000000000582077,,,AUDIO PLAY REQUESTED,1,0,1,0,,,,,2,Trial (Quiet),a_subj38_f_bate_99.wav,none,a,,1,6-A,quiet,subj38,f,bate,99
1271,1669953413525,02/12/2022 03:56:53,1669953413042,-6,01/12/2022 21:56:53,92237,21,task-bsko,,25622444,BLIND,7588880,,complete,,638974fc642773387b0fa186,mobile,Apple iPhone,iOS 15.6.1,Mobile Safari 15.6.1,414x896,800x364,,Audio Naming Task,26,Block 6-A,soundCheckPassed,6-A,6-A,220,73,2,Screen 2,Zone1,response_button_text,1399,,,a,1,1,0,0,,,,,2,Trial (Quiet),a_subj38_f_bate_99.wav,none,a,,1,6-A,quiet,subj38,f,bate,99
1272,1669953413893,02/12/2022 03:56:53,1669953413360,-6,01/12/2022 21:56:53,92237,21,task-bsko,,25622444,BLIND,7588880,,complete,,638974fc642773387b0fa186,mobile,Apple iPhone,iOS 15.6.1,Mobile Safari 15.6.1,414x896,800x364,,Audio Naming Task,26,Block 6-A,soundCheckPassed,6-A,6-A,396,74,1,Screen 1,fixation,fixation,333,,,,,0,1,0,,,,,2,Trial (Quiet),u_subj39_f_cuco_138.wav,none,u,,1,6-A,quiet,subj39,f,cuco,138
1273,1669953413893,02/12/2022 03:56:53,1669953413377,-6,01/12/2022 21:56:53,92237,21,task-bsko,,25622444,BLIND,7588880,,complete,,638974fc642773387b0fa186,mobile,Apple iPhone,iOS 15.6.1,Mobile Safari 15.6.1,414x896,800x364,,Audio Naming Task,26,Block 6-A,soundCheckPassed,6-A,6-A,396,74,2,Screen 2,Zone6,content_web_audio,2,,,AUDIO PLAY REQUESTED,1,0,1,0,,,,,2,Trial (Quiet),u_subj39_f_cuco_138.wav,none,u,,1,6-A,quiet,subj39,f,cuco,138
1274,1669953413893,02/12/2022 03:56:53,1669953413378,-6,01/12/2022 21:56:53,92237,21,task-bsko,,25622444,BLIND,7588880,,complete,,638974fc642773387b0fa186,mobile,Apple iPhone,iOS 15.6.1,Mobile Safari 15.6.1,414x896,800x364,,Audio Naming Task,26,Block 6-A,soundCheckPassed,6-A,6-A,396,74,2,Screen 2,Zone7,content_web_audio,3,,,AUDIO PLAY REQUESTED,1,0,1,0,,,,,2,Trial (Quiet),u_subj39_f_cuco_138.wav,none,u,,1,6-A,quiet,subj39,f,cuco,138
1275,1669953415367,02/12/2022 03:56:55,1669953414800,-6,01/12/2022 21:56:54,92237,21,task-bsko,,25622444,BLIND,7588880,,complete,,638974fc642773387b0fa186,mobile,Apple iPhone,iOS 15.6.1,Mobile Safari 15.6.1,414x896,800x364,,Audio Naming Task,26,Block 6-A,soundCheckPassed,6-A,6-A,396,74,2,Screen 2,Zone2,response_button_text,1424.0000000000582,,,u,1,1,0,0,,,,,2,Trial (Quiet),u_subj39_f_cuco_138.wav,none,u,,1,6-A,quiet,subj39,f,cuco,138
1276,1669953415730,02/12/2022 03:56:55,1669953415160,-6,01/12/2022 21:56:55,92237,21,task-bsko,,25622444,BLIND,7588880,,complete,,638974fc642773387b0fa186,mobile,Apple iPhone,iOS 15.6.1,Mobile Safari 15.6.1,414x896,800x364,,Audio Naming Task,26,Block 6-A,soundCheckPassed,6-A,6-A,249,75,1,Screen 1,fixation,fixation,367,,,,,0,1,0,,,,,2,Trial (Quiet),e_subj75_m_seso_67.wav,none,e,,1,6-A,quiet,subj75,m,seso,67
1277,1669953415730,02/12/2022 03:56:55,1669953415177,-6,01/12/2022 21:56:55,92237,21,task-bsko,,25622444,BLIND,7588880,,complete,,638974fc642773387b0fa186,mobile,Apple iPhone,iOS 15.6.1,Mobile Safari 15.6.1,414x896,800x364,,Audio Naming Task,26,Block 6-A,soundCheckPassed,6-A,6-A,249,75,2,Screen 2,Zone6,content_web_audio,1.9999999999417923,,,AUDIO PLAY REQUESTED,1,0,1,0,,,,,2,Trial (Quiet),e_subj75_m_seso_67.wav,none,e,,1,6-A,quiet,subj75,m,seso,67
1278,1669953415730,02/12/2022 03:56:55,1669953415178,-6,01/12/2022 21:56:55,92237,21,task-bsko,,25622444,BLIND,7588880,,complete,,638974fc642773387b0fa186,mobile,Apple iPhone,iOS 15.6.1,Mobile Safari 15.6.1,414x896,800x364,,Audio Naming Task,26,Block 6-A,soundCheckPassed,6-A,6-A,249,75,2,Screen 2,Zone7,content_web_audio,3.9999999999417923,,,AUDIO PLAY REQUESTED,1,0,1,0,,,,,2,Trial (Quiet),e_subj75_m_seso_67.wav,none,e,,1,6-A,quiet,subj75,m,seso,67
1279,1669953416764,02/12/2022 03:56:56,1669953416476,-6,01/12/2022 21:56:56,92237,21,task-bsko,,25622444,BLIND,7588880,,complete,,638974fc642773387b0fa186,mobile,Apple iPhone,iOS 15.6.1,Mobile Safari 15.6.1,414x896,800x364,,Audio Naming Task,26,Block 6-A,soundCheckPassed,6-A,6-A,249,75,2,Screen 2,Zone5,response_button_text,1299.9999999999418,,,e,1,1,0,0,,,,,2,Trial (Quiet),e_subj75_m_seso_67.wav,none,e,,1,6-A,quiet,subj75,m,seso,67
1280,1669953417156,02/12/2022 03:56:57,1669953416828,-6,01/12/2022 21:56:56,92237,21,task-bsko,,25622444,BLIND,7588880,,complete,,638974fc642773387b0fa186,mobile,Apple iPhone,iOS 15.6.1,Mobile Safari 15.6.1,414x896,800x364,,Audio Naming Task,26,Block 6-A,soundCheckPassed,6-A,6-A,208,76,1,Screen 1,fixation,fixation,369,,,,,0,1,0,,,,,2,Trial (Quiet),a_subj21_f_bato_59.wav,none,a,,1,6-A,quiet,subj21,f,bato,59
1281,1669953417347,02/12/2022 03:56:57,1669953416845,-6,01/12/2022 21:56:56,92237,21,task-bsko,,25622444,BLIND,7588880,,complete,,638974fc642773387b0fa186,mobile,Apple iPhone,iOS 15.6.1,Mobile Safari 15.6.1,414x896,800x364,,Audio Naming Task,26,Block 6-A,soundCheckPassed,6-A,6-A,208,76,2,Screen 2,Zone6,content_web_audio,2,,,AUDIO PLAY REQUESTED,1,0,1,0,,,,,2,Trial (Quiet),a_subj21_f_bato_59.wav,none,a,,1,6-A,quiet,subj21,f,bato,59
1282,1669953417347,02/12/2022 03:56:57,1669953416847,-6,01/12/2022 21:56:56,92237,21,task-bsko,,25622444,BLIND,7588880,,complete,,638974fc642773387b0fa186,mobile,Apple iPhone,iOS 15.6.1,Mobile Safari 15.6.1,414x896,800x364,,Audio Naming Task,26,Block 6-A,soundCheckPassed,6-A,6-A,208,76,2,Screen 2,Zone7,content_web_audio,3,,,AUDIO PLAY REQUESTED,1,0,1,0,,,,,2,Trial (Quiet),a_subj21_f_bato_59.wav,none,a,,1,6-A,quiet,subj21,f,bato,59
1283,1669953418736,02/12/2022 03:56:58,1669953418250,-6,01/12/2022 21:56:58,92237,21,task-bsko,,25622444,BLIND,7588880,,complete,,638974fc642773387b0fa186,mobile,Apple iPhone,iOS 15.6.1,Mobile Safari 15.6.1,414x896,800x364,,Audio Naming Task,26,Block 6-A,soundCheckPassed,6-A,6-A,208,76,2,Screen 2,Zone1,response_button_text,1406,,,a,1,1,0,0,,,,,2,Trial (Quiet),a_subj21_f_bato_59.wav,none,a,,1,6-A,quiet,subj21,f,bato,59
1284,1669953419126,02/12/2022 03:56:59,1669953418559,-6,01/12/2022 21:56:58,92237,21,task-bsko,,25622444,BLIND,7588880,,complete,,638974fc642773387b0fa186,mobile,Apple iPhone,iOS 15.6.1,Mobile Safari 15.6.1,414x896,800x364,,Audio Naming Task,26,Block 6-A,soundCheckPassed,6-A,6-A,223,77,1,Screen 1,fixation,fixation,334,,,,,0,1,0,,,,,2,Trial (Quiet),a_subj77_m_vara_150.wav,none,a,,1,6-A,quiet,subj77,m,vara,150
1285,1669953419126,02/12/2022 03:56:59,1669953418576,-6,01/12/2022 21:56:58,92237,21,task-bsko,,25622444,BLIND,7588880,,complete,,638974fc642773387b0fa186,mobile,Apple iPhone,iOS 15.6.1,Mobile Safari 15.6.1,414x896,800x364,,Audio Naming Task,26,Block 6-A,soundCheckPassed,6-A,6-A,223,77,2,Screen 2,Zone6,content_web_audio,2,,,AUDIO PLAY REQUESTED,1,0,1,0,,,,,2,Trial (Quiet),a_subj77_m_vara_150.wav,none,a,,1,6-A,quiet,subj77,m,vara,150
1286,1669953419126,02/12/2022 03:56:59,1669953418578,-6,01/12/2022 21:56:58,92237,21,task-bsko,,25622444,BLIND,7588880,,complete,,638974fc642773387b0fa186,mobile,Apple iPhone,iOS 15.6.1,Mobile Safari 15.6.1,414x896,800x364,,Audio Naming Task,26,Block 6-A,soundCheckPassed,6-A,6-A,223,77,2,Screen 2,Zone7,content_web_audio,3,,,AUDIO PLAY REQUESTED,1,0,1,0,,,,,2,Trial (Quiet),a_subj77_m_vara_150.wav,none,a,,1,6-A,quiet,subj77,m,vara,150
1287,1669953420824,02/12/2022 03:57:00,1669953420233,-6,01/12/2022 21:57:00,92237,21,task-bsko,,25622444,BLIND,7588880,,complete,,638974fc642773387b0fa186,mobile,Apple iPhone,iOS 15.6.1,Mobile Safari 15.6.1,414x896,800x364,,Audio Naming Task,26,Block 6-A,soundCheckPassed,6-A,6-A,223,77,2,Screen 2,Zone1,response_button_text,1658,,,a,1,1,0,0,,,,,2,Trial (Quiet),a_subj77_m_vara_150.wav,none,a,,1,6-A,quiet,subj77,m,vara,150
1288,1669953421252,02/12/2022 03:57:01,1669953420626,-6,01/12/2022 21:57:00,92237,21,task-bsko,,25622444,BLIND,7588880,,complete,,638974fc642773387b0fa186,mobile,Apple iPhone,iOS 15.6.1,Mobile Safari 15.6.1,414x896,800x364,,Audio Naming Task,26,Block 6-A,soundCheckPassed,6-A,6-A,328,78,1,Screen 1,fixation,fixation,400,,,,,0,1,0,,,,,2,Trial (Quiet),o_subj2_f_cosa_88.wav,none,o,,1,6-A,quiet,subj2,f,cosa,88
1289,1669953421252,02/12/2022 03:57:01,1669953420644,-6,01/12/2022 21:57:00,92237,21,task-bsko,,25622444,BLIND,7588880,,complete,,638974fc642773387b0fa186,mobile,Apple iPhone,iOS 15.6.1,Mobile Safari 15.6.1,414x896,800x364,,Audio Naming Task,26,Block 6-A,soundCheckPassed,6-A,6-A,328,78,2,Screen 2,Zone6,content_web_audio,1,,,AUDIO PLAY REQUESTED,1,0,1,0,,,,,2,Trial (Quiet),o_subj2_f_cosa_88.wav,none,o,,1,6-A,quiet,subj2,f,cosa,88
1290,1669953421252,02/12/2022 03:57:01,1669953420645,-6,01/12/2022 21:57:00,92237,21,task-bsko,,25622444,BLIND,7588880,,complete,,638974fc642773387b0fa186,mobile,Apple iPhone,iOS 15.6.1,Mobile Safari 15.6.1,414x896,800x364,,Audio Naming Task,26,Block 6-A,soundCheckPassed,6-A,6-A,328,78,2,Screen 2,Zone7,content_web_audio,3.0000000000582077,,,AUDIO PLAY REQUESTED,1,0,1,0,,,,,2,Trial (Quiet),o_subj2_f_cosa_88.wav,none,o,,1,6-A,quiet,subj2,f,cosa,88
1291,1669953422294,02/12/2022 03:57:02,1669953422008,-6,01/12/2022 21:57:02,92237,21,task-bsko,,25622444,BLIND,7588880,,complete,,638974fc642773387b0fa186,mobile,Apple iPhone,iOS 15.6.1,Mobile Safari 15.6.1,414x896,800x364,,Audio Naming Task,26,Block 6-A,soundCheckPassed,6-A,6-A,328,78,2,Screen 2,Zone3,response_button_text,1365,,,o,1,1,0,0,,,,,2,Trial (Quiet),o_subj2_f_cosa_88.wav,none,o,,1,6-A,quiet,subj2,f,cosa,88
1292,1669953422816,02/12/2022 03:57:02,1669953422359,-6,01/12/2022 21:57:02,92237,21,task-bsko,,25622444,BLIND,7588880,,complete,,638974fc642773387b0fa186,mobile,Apple iPhone,iOS 15.6.1,Mobile Safari 15.6.1,414x896,800x364,,Audio Naming Task,26,Block 6-A,soundCheckPassed,6-A,6-A,397,79,1,Screen 1,fixation,fixation,367,,,,,0,1,0,,,,,2,Trial (Quiet),u_subj28_f_puso_279.wav,none,u,,1,6-A,quiet,subj28,f,puso,279
1293,1669953423013,02/12/2022 03:57:03,1669953422378,-6,01/12/2022 21:57:02,92237,21,task-bsko,,25622444,BLIND,7588880,,complete,,638974fc642773387b0fa186,mobile,Apple iPhone,iOS 15.6.1,Mobile Safari 15.6.1,414x896,800x364,,Audio Naming Task,26,Block 6-A,soundCheckPassed,6-A,6-A,397,79,2,Screen 2,Zone6,content_web_audio,0.9999999999417923,,,AUDIO PLAY REQUESTED,1,0,1,0,,,,,2,Trial (Quiet),u_subj28_f_puso_279.wav,none,u,,1,6-A,quiet,subj28,f,puso,279
1294,1669953423013,02/12/2022 03:57:03,1669953422379,-6,01/12/2022 21:57:02,92237,21,task-bsko,,25622444,BLIND,7588880,,complete,,638974fc642773387b0fa186,mobile,Apple iPhone,iOS 15.6.1,Mobile Safari 15.6.1,414x896,800x364,,Audio Naming Task,26,Block 6-A,soundCheckPassed,6-A,6-A,397,79,2,Screen 2,Zone7,content_web_audio,2.9999999999417923,,,AUDIO PLAY REQUESTED,1,0,1,0,,,,,2,Trial (Quiet),u_subj28_f_puso_279.wav,none,u,,1,6-A,quiet,subj28,f,puso,279
1295,1669953423977,02/12/2022 03:57:03,1669953423674,-6,01/12/2022 21:57:03,92237,21,task-bsko,,25622444,BLIND,7588880,,complete,,638974fc642773387b0fa186,mobile,Apple iPhone,iOS 15.6.1,Mobile Safari 15.6.1,414x896,800x364,,Audio Naming Task,26,Block 6-A,soundCheckPassed,6-A,6-A,397,79,2,Screen 2,Zone4,response_button_text,1296.9999999999418,,,i,1,0,1,0,,,,,2,Trial (Quiet),u_subj28_f_puso_279.wav,none,u,,1,6-A,quiet,subj28,f,puso,279
1296,1669953424512,02/12/2022 03:57:04,1669953424026,-6,01/12/2022 21:57:04,92237,21,task-bsko,,25622444,BLIND,7588880,,complete,,638974fc642773387b0fa186,mobile,Apple iPhone,iOS 15.6.1,Mobile Safari 15.6.1,414x896,800x364,,Audio Naming Task,26,Block 6-A,soundCheckPassed,6-A,6-A,252,80,1,Screen 1,fixation,fixation,367,,,,,0,1,0,,,,,2,Trial (Quiet),e_subj72_m_seca_59.wav,none,e,,1,6-A,quiet,subj72,m,seca,59
1297,1669953424693,02/12/2022 03:57:04,1669953424044,-6,01/12/2022 21:57:04,92237,21,task-bsko,,25622444,BLIND,7588880,,complete,,638974fc642773387b0fa186,mobile,Apple iPhone,iOS 15.6.1,Mobile Safari 15.6.1,414x896,800x364,,Audio Naming Task,26,Block 6-A,soundCheckPassed,6-A,6-A,252,80,2,Screen 2,Zone6,content_web_audio,2.0000000000582077,,,AUDIO PLAY REQUESTED,1,0,1,0,,,,,2,Trial (Quiet),e_subj72_m_seca_59.wav,none,e,,1,6-A,quiet,subj72,m,seca,59
1298,1669953424693,02/12/2022 03:57:04,1669953424046,-6,01/12/2022 21:57:04,92237,21,task-bsko,,25622444,BLIND,7588880,,complete,,638974fc642773387b0fa186,mobile,Apple iPhone,iOS 15.6.1,Mobile Safari 15.6.1,414x896,800x364,,Audio Naming Task,26,Block 6-A,soundCheckPassed,6-A,6-A,252,80,2,Screen 2,Zone7,content_web_audio,4,,,AUDIO PLAY REQUESTED,1,0,1,0,,,,,2,Trial (Quiet),e_subj72_m_seca_59.wav,none,e,,1,6-A,quiet,subj72,m,seca,59
1299,1669953425714,02/12/2022 03:57:05,1669953425183,-6,01/12/2022 21:57:05,92237,21,task-bsko,,25622444,BLIND,7588880,,complete,,638974fc642773387b0fa186,mobile,Apple iPhone,iOS 15.6.1,Mobile Safari 15.6.1,414x896,800x364,,Audio Naming Task,26,Block 6-A,soundCheckPassed,6-A,6-A,252,80,2,Screen 2,Zone5,response_button_text,1140,,,e,1,1,0,0,,,,,2,Trial (Quiet),e_subj72_m_seca_59.wav,none,e,,1,6-A,quiet,subj72,m,seca,59
1300,1669953426106,02/12/2022 03:57:06,1669953425493,-6,01/12/2022 21:57:05,92237,21,task-bsko,,25622444,BLIND,7588880,,complete,,638974fc642773387b0fa186,mobile,Apple iPhone,iOS 15.6.1,Mobile Safari 15.6.1,414x896,800x364,,Audio Naming Task,26,Block 6-A,soundCheckPassed,6-A,6-A,270,81,1,Screen 1,fixation,fixation,334,,,,,0,1,0,,,,,2,Trial (Quiet),e_subj7_f_peca_98.wav,none,e,,1,6-A,quiet,subj7,f,peca,98
1301,1669953426106,02/12/2022 03:57:06,1669953425510,-6,01/12/2022 21:57:05,92237,21,task-bsko,,25622444,BLIND,7588880,,complete,,638974fc642773387b0fa186,mobile,Apple iPhone,iOS 15.6.1,Mobile Safari 15.6.1,414x896,800x364,,Audio Naming Task,26,Block 6-A,soundCheckPassed,6-A,6-A,270,81,2,Screen 2,Zone6,content_web_audio,2,,,AUDIO PLAY REQUESTED,1,0,1,0,,,,,2,Trial (Quiet),e_subj7_f_peca_98.wav,none,e,,1,6-A,quiet,subj7,f,peca,98
1302,1669953426106,02/12/2022 03:57:06,1669953425511,-6,01/12/2022 21:57:05,92237,21,task-bsko,,25622444,BLIND,7588880,,complete,,638974fc642773387b0fa186,mobile,Apple iPhone,iOS 15.6.1,Mobile Safari 15.6.1,414x896,800x364,,Audio Naming Task,26,Block 6-A,soundCheckPassed,6-A,6-A,270,81,2,Screen 2,Zone7,content_web_audio,4,,,AUDIO PLAY REQUESTED,1,0,1,0,,,,,2,Trial (Quiet),e_subj7_f_peca_98.wav,none,e,,1,6-A,quiet,subj7,f,peca,98
1303,1669953427552,02/12/2022 03:57:07,1669953426983,-6,01/12/2022 21:57:06,92237,21,task-bsko,,25622444,BLIND,7588880,,complete,,638974fc642773387b0fa186,mobile,Apple iPhone,iOS 15.6.1,Mobile Safari 15.6.1,414x896,800x364,,Audio Naming Task,26,Block 6-A,soundCheckPassed,6-A,6-A,270,81,2,Screen 2,Zone5,response_button_text,1475,,,e,1,1,0,0,,,,,2,Trial (Quiet),e_subj7_f_peca_98.wav,none,e,,1,6-A,quiet,subj7,f,peca,98
1304,1669953427946,02/12/2022 03:57:07,1669953427292,-6,01/12/2022 21:57:07,92237,21,task-bsko,,25622444,BLIND,7588880,,complete,,638974fc642773387b0fa186,mobile,Apple iPhone,iOS 15.6.1,Mobile Safari 15.6.1,414x896,800x364,,Audio Naming Task,26,Block 6-A,soundCheckPassed,6-A,6-A,282,82,1,Screen 1,fixation,fixation,334,,,,,0,1,0,,,,,2,Trial (Quiet),i_subj38_f_piso_77.wav,none,i,,1,6-A,quiet,subj38,f,piso,77
1305,1669953427946,02/12/2022 03:57:07,1669953427309,-6,01/12/2022 21:57:07,92237,21,task-bsko,,25622444,BLIND,7588880,,complete,,638974fc642773387b0fa186,mobile,Apple iPhone,iOS 15.6.1,Mobile Safari 15.6.1,414x896,800x364,,Audio Naming Task,26,Block 6-A,soundCheckPassed,6-A,6-A,282,82,2,Screen 2,Zone6,content_web_audio,2,,,AUDIO PLAY REQUESTED,1,0,1,0,,,,,2,Trial (Quiet),i_subj38_f_piso_77.wav,none,i,,1,6-A,quiet,subj38,f,piso,77
1306,1669953427946,02/12/2022 03:57:07,1669953427310,-6,01/12/2022 21:57:07,92237,21,task-bsko,,25622444,BLIND,7588880,,complete,,638974fc642773387b0fa186,mobile,Apple iPhone,iOS 15.6.1,Mobile Safari 15.6.1,414x896,800x364,,Audio Naming Task,26,Block 6-A,soundCheckPassed,6-A,6-A,282,82,2,Screen 2,Zone7,content_web_audio,3,,,AUDIO PLAY REQUESTED,1,0,1,0,,,,,2,Trial (Quiet),i_subj38_f_piso_77.wav,none,i,,1,6-A,quiet,subj38,f,piso,77
1307,1669953428989,02/12/2022 03:57:08,1669953428500,-6,01/12/2022 21:57:08,92237,21,task-bsko,,25622444,BLIND,7588880,,complete,,638974fc642773387b0fa186,mobile,Apple iPhone,iOS 15.6.1,Mobile Safari 15.6.1,414x896,800x364,,Audio Naming Task,26,Block 6-A,soundCheckPassed,6-A,6-A,282,82,2,Screen 2,Zone4,response_button_text,1192,,,i,1,1,0,0,,,,,2,Trial (Quiet),i_subj38_f_piso_77.wav,none,i,,1,6-A,quiet,subj38,f,piso,77
1308,1669953429379,02/12/2022 03:57:09,1669953428859,-6,01/12/2022 21:57:08,92237,21,task-bsko,,25622444,BLIND,7588880,,complete,,638974fc642773387b0fa186,mobile,Apple iPhone,iOS 15.6.1,Mobile Safari 15.6.1,414x896,800x364,,Audio Naming Task,26,Block 6-A,soundCheckPassed,6-A,6-A,305,83,1,Screen 1,fixation,fixation,366,,,,,0,1,0,,,,,2,Trial (Quiet),i_subj78_m_pite_51.wav,none,i,,1,6-A,quiet,subj78,m,pite,51
1309,1669953429379,02/12/2022 03:57:09,1669953428875,-6,01/12/2022 21:57:08,92237,21,task-bsko,,25622444,BLIND,7588880,,complete,,638974fc642773387b0fa186,mobile,Apple iPhone,iOS 15.6.1,Mobile Safari 15.6.1,414x896,800x364,,Audio Naming Task,26,Block 6-A,soundCheckPassed,6-A,6-A,305,83,2,Screen 2,Zone6,content_web_audio,2,,,AUDIO PLAY REQUESTED,1,0,1,0,,,,,2,Trial (Quiet),i_subj78_m_pite_51.wav,none,i,,1,6-A,quiet,subj78,m,pite,51
1310,1669953429379,02/12/2022 03:57:09,1669953428877,-6,01/12/2022 21:57:08,92237,21,task-bsko,,25622444,BLIND,7588880,,complete,,638974fc642773387b0fa186,mobile,Apple iPhone,iOS 15.6.1,Mobile Safari 15.6.1,414x896,800x364,,Audio Naming Task,26,Block 6-A,soundCheckPassed,6-A,6-A,305,83,2,Screen 2,Zone7,content_web_audio,4,,,AUDIO PLAY REQUESTED,1,0,1,0,,,,,2,Trial (Quiet),i_subj78_m_pite_51.wav,none,i,,1,6-A,quiet,subj78,m,pite,51
1311,1669953430379,02/12/2022 03:57:10,1669953430049,-6,01/12/2022 21:57:10,92237,21,task-bsko,,25622444,BLIND,7588880,,complete,,638974fc642773387b0fa186,mobile,Apple iPhone,iOS 15.6.1,Mobile Safari 15.6.1,414x896,800x364,,Audio Naming Task,26,Block 6-A,soundCheckPassed,6-A,6-A,305,83,2,Screen 2,Zone4,response_button_text,1175,,,i,1,1,0,0,,,,,2,Trial (Quiet),i_subj78_m_pite_51.wav,none,i,,1,6-A,quiet,subj78,m,pite,51
1312,1669953430819,02/12/2022 03:57:10,1669953430360,-6,01/12/2022 21:57:10,92237,21,task-bsko,,25622444,BLIND,7588880,,complete,,638974fc642773387b0fa186,mobile,Apple iPhone,iOS 15.6.1,Mobile Safari 15.6.1,414x896,800x364,,Audio Naming Task,26,Block 6-A,soundCheckPassed,6-A,6-A,297,84,1,Screen 1,fixation,fixation,334,,,,,0,1,0,,,,,2,Trial (Quiet),i_subj8_f_pisa_198.wav,none,i,,1,6-A,quiet,subj8,f,pisa,198
1313,1669953431008,02/12/2022 03:57:11,1669953430377,-6,01/12/2022 21:57:10,92237,21,task-bsko,,25622444,BLIND,7588880,,complete,,638974fc642773387b0fa186,mobile,Apple iPhone,iOS 15.6.1,Mobile Safari 15.6.1,414x896,800x364,,Audio Naming Task,26,Block 6-A,soundCheckPassed,6-A,6-A,297,84,2,Screen 2,Zone6,content_web_audio,0.9999999999417923,,,AUDIO PLAY REQUESTED,1,0,1,0,,,,,2,Trial (Quiet),i_subj8_f_pisa_198.wav,none,i,,1,6-A,quiet,subj8,f,pisa,198
1314,1669953431008,02/12/2022 03:57:11,1669953430379,-6,01/12/2022 21:57:10,92237,21,task-bsko,,25622444,BLIND,7588880,,complete,,638974fc642773387b0fa186,mobile,Apple iPhone,iOS 15.6.1,Mobile Safari 15.6.1,414x896,800x364,,Audio Naming Task,26,Block 6-A,soundCheckPassed,6-A,6-A,297,84,2,Screen 2,Zone7,content_web_audio,2.9999999999417923,,,AUDIO PLAY REQUESTED,1,0,1,0,,,,,2,Trial (Quiet),i_subj8_f_pisa_198.wav,none,i,,1,6-A,quiet,subj8,f,pisa,198
1315,1669953431888,02/12/2022 03:57:11,1669953431415,-6,01/12/2022 21:57:11,92237,21,task-bsko,,25622444,BLIND,7588880,,complete,,638974fc642773387b0fa186,mobile,Apple iPhone,iOS 15.6.1,Mobile Safari 15.6.1,414x896,800x364,,Audio Naming Task,26,Block 6-A,soundCheckPassed,6-A,6-A,297,84,2,Screen 2,Zone4,response_button_text,1037.9999999999418,,,i,1,1,0,0,,,,,2,Trial (Quiet),i_subj8_f_pisa_198.wav,none,i,,1,6-A,quiet,subj8,f,pisa,198
1316,1669953432263,02/12/2022 03:57:12,1669953431759,-6,01/12/2022 21:57:11,92237,21,task-bsko,,25622444,BLIND,7588880,,complete,,638974fc642773387b0fa186,mobile,Apple iPhone,iOS 15.6.1,Mobile Safari 15.6.1,414x896,800x364,,Audio Naming Task,26,Block 6-A,soundCheckPassed,6-A,6-A,248,85,1,Screen 1,fixation,fixation,366,,,,,0,1,0,,,,,2,Trial (Quiet),e_subj15_m_seque_179.wav,none,e,,1,6-A,quiet,subj15,m,seque,179
1317,1669953432263,02/12/2022 03:57:12,1669953431776,-6,01/12/2022 21:57:11,92237,21,task-bsko,,25622444,BLIND,7588880,,complete,,638974fc642773387b0fa186,mobile,Apple iPhone,iOS 15.6.1,Mobile Safari 15.6.1,414x896,800x364,,Audio Naming Task,26,Block 6-A,soundCheckPassed,6-A,6-A,248,85,2,Screen 2,Zone6,content_web_audio,2,,,AUDIO PLAY REQUESTED,1,0,1,0,,,,,2,Trial (Quiet),e_subj15_m_seque_179.wav,none,e,,1,6-A,quiet,subj15,m,seque,179
1318,1669953432263,02/12/2022 03:57:12,1669953431777,-6,01/12/2022 21:57:11,92237,21,task-bsko,,25622444,BLIND,7588880,,complete,,638974fc642773387b0fa186,mobile,Apple iPhone,iOS 15.6.1,Mobile Safari 15.6.1,414x896,800x364,,Audio Naming Task,26,Block 6-A,soundCheckPassed,6-A,6-A,248,85,2,Screen 2,Zone7,content_web_audio,3,,,AUDIO PLAY REQUESTED,1,0,1,0,,,,,2,Trial (Quiet),e_subj15_m_seque_179.wav,none,e,,1,6-A,quiet,subj15,m,seque,179
1319,1669953433283,02/12/2022 03:57:13,1669953432832,-6,01/12/2022 21:57:12,92237,21,task-bsko,,25622444,BLIND,7588880,,complete,,638974fc642773387b0fa186,mobile,Apple iPhone,iOS 15.6.1,Mobile Safari 15.6.1,414x896,800x364,,Audio Naming Task,26,Block 6-A,soundCheckPassed,6-A,6-A,248,85,2,Screen 2,Zone5,response_button_text,1058,,,e,1,1,0,0,,,,,2,Trial (Quiet),e_subj15_m_seque_179.wav,none,e,,1,6-A,quiet,subj15,m,seque,179
1320,1669953433649,02/12/2022 03:57:13,1669953433192,-6,01/12/2022 21:57:13,92237,21,task-bsko,,25622444,BLIND,7588880,,complete,,638974fc642773387b0fa186,mobile,Apple iPhone,iOS 15.6.1,Mobile Safari 15.6.1,414x896,800x364,,Audio Naming Task,26,Block 6-A,soundCheckPassed,6-A,6-A,356,86,1,Screen 1,fixation,fixation,366,,,,,0,1,0,,,,,2,Trial (Quiet),o_subj3_m_cosa_253.wav,none,o,,1,6-A,quiet,subj3,m,cosa,253
1321,1669953433828,02/12/2022 03:57:13,1669953433211,-6,01/12/2022 21:57:13,92237,21,task-bsko,,25622444,BLIND,7588880,,complete,,638974fc642773387b0fa186,mobile,Apple iPhone,iOS 15.6.1,Mobile Safari 15.6.1,414x896,800x364,,Audio Naming Task,26,Block 6-A,soundCheckPassed,6-A,6-A,356,86,2,Screen 2,Zone6,content_web_audio,2,,,AUDIO PLAY REQUESTED,1,0,1,0,,,,,2,Trial (Quiet),o_subj3_m_cosa_253.wav,none,o,,1,6-A,quiet,subj3,m,cosa,253
1322,1669953433828,02/12/2022 03:57:13,1669953433212,-6,01/12/2022 21:57:13,92237,21,task-bsko,,25622444,BLIND,7588880,,complete,,638974fc642773387b0fa186,mobile,Apple iPhone,iOS 15.6.1,Mobile Safari 15.6.1,414x896,800x364,,Audio Naming Task,26,Block 6-A,soundCheckPassed,6-A,6-A,356,86,2,Screen 2,Zone7,content_web_audio,3,,,AUDIO PLAY REQUESTED,1,0,1,0,,,,,2,Trial (Quiet),o_subj3_m_cosa_253.wav,none,o,,1,6-A,quiet,subj3,m,cosa,253
1323,1669953435148,02/12/2022 03:57:15,1669953434615,-6,01/12/2022 21:57:14,92237,21,task-bsko,,25622444,BLIND,7588880,,complete,,638974fc642773387b0fa186,mobile,Apple iPhone,iOS 15.6.1,Mobile Safari 15.6.1,414x896,800x364,,Audio Naming Task,26,Block 6-A,soundCheckPassed,6-A,6-A,356,86,2,Screen 2,Zone3,response_button_text,1406,,,o,1,1,0,0,,,,,2,Trial (Quiet),o_subj3_m_cosa_253.wav,none,o,,1,6-A,quiet,subj3,m,cosa,253
1324,1669953435535,02/12/2022 03:57:15,1669953434959,-6,01/12/2022 21:57:14,92237,21,task-bsko,,25622444,BLIND,7588880,,complete,,638974fc642773387b0fa186,mobile,Apple iPhone,iOS 15.6.1,Mobile Safari 15.6.1,414x896,800x364,,Audio Naming Task,26,Block 6-A,soundCheckPassed,6-A,6-A,210,87,1,Screen 1,fixation,fixation,366,,,,,0,1,0,,,,,2,Trial (Quiet),a_subj37_f_saque_245.wav,none,a,,1,6-A,quiet,subj37,f,saque,245
1325,1669953435535,02/12/2022 03:57:15,1669953434975,-6,01/12/2022 21:57:14,92237,21,task-bsko,,25622444,BLIND,7588880,,complete,,638974fc642773387b0fa186,mobile,Apple iPhone,iOS 15.6.1,Mobile Safari 15.6.1,414x896,800x364,,Audio Naming Task,26,Block 6-A,soundCheckPassed,6-A,6-A,210,87,2,Screen 2,Zone6,content_web_audio,2,,,AUDIO PLAY REQUESTED,1,0,1,0,,,,,2,Trial (Quiet),a_subj37_f_saque_245.wav,none,a,,1,6-A,quiet,subj37,f,saque,245
1326,1669953435535,02/12/2022 03:57:15,1669953434977,-6,01/12/2022 21:57:14,92237,21,task-bsko,,25622444,BLIND,7588880,,complete,,638974fc642773387b0fa186,mobile,Apple iPhone,iOS 15.6.1,Mobile Safari 15.6.1,414x896,800x364,,Audio Naming Task,26,Block 6-A,soundCheckPassed,6-A,6-A,210,87,2,Screen 2,Zone7,content_web_audio,4.000000000058208,,,AUDIO PLAY REQUESTED,1,0,1,0,,,,,2,Trial (Quiet),a_subj37_f_saque_245.wav,none,a,,1,6-A,quiet,subj37,f,saque,245
1327,1669953436866,02/12/2022 03:57:16,1669953436349,-6,01/12/2022 21:57:16,92237,21,task-bsko,,25622444,BLIND,7588880,,complete,,638974fc642773387b0fa186,mobile,Apple iPhone,iOS 15.6.1,Mobile Safari 15.6.1,414x896,800x364,,Audio Naming Task,26,Block 6-A,soundCheckPassed,6-A,6-A,210,87,2,Screen 2,Zone1,response_button_text,1375,,,a,1,1,0,0,,,,,2,Trial (Quiet),a_subj37_f_saque_245.wav,none,a,,1,6-A,quiet,subj37,f,saque,245
1328,1669953437246,02/12/2022 03:57:17,1669953436692,-6,01/12/2022 21:57:16,92237,21,task-bsko,,25622444,BLIND,7588880,,complete,,638974fc642773387b0fa186,mobile,Apple iPhone,iOS 15.6.1,Mobile Safari 15.6.1,414x896,800x364,,Audio Naming Task,26,Block 6-A,soundCheckPassed,6-A,6-A,216,88,1,Screen 1,fixation,fixation,367,,,,,0,1,0,,,,,2,Trial (Quiet),a_subj22_f_vata_194.wav,none,a,,1,6-A,quiet,subj22,f,vata,194
1329,1669953437246,02/12/2022 03:57:17,1669953436709,-6,01/12/2022 21:57:16,92237,21,task-bsko,,25622444,BLIND,7588880,,complete,,638974fc642773387b0fa186,mobile,Apple iPhone,iOS 15.6.1,Mobile Safari 15.6.1,414x896,800x364,,Audio Naming Task,26,Block 6-A,soundCheckPassed,6-A,6-A,216,88,2,Screen 2,Zone6,content_web_audio,2.0000000000582077,,,AUDIO PLAY REQUESTED,1,0,1,0,,,,,2,Trial (Quiet),a_subj22_f_vata_194.wav,none,a,,1,6-A,quiet,subj22,f,vata,194
1330,1669953437246,02/12/2022 03:57:17,1669953436711,-6,01/12/2022 21:57:16,92237,21,task-bsko,,25622444,BLIND,7588880,,complete,,638974fc642773387b0fa186,mobile,Apple iPhone,iOS 15.6.1,Mobile Safari 15.6.1,414x896,800x364,,Audio Naming Task,26,Block 6-A,soundCheckPassed,6-A,6-A,216,88,2,Screen 2,Zone7,content_web_audio,3,,,AUDIO PLAY REQUESTED,1,0,1,0,,,,,2,Trial (Quiet),a_subj22_f_vata_194.wav,none,a,,1,6-A,quiet,subj22,f,vata,194
1331,1669953438210,02/12/2022 03:57:18,1669953437874,-6,01/12/2022 21:57:17,92237,21,task-bsko,,25622444,BLIND,7588880,,complete,,638974fc642773387b0fa186,mobile,Apple iPhone,iOS 15.6.1,Mobile Safari 15.6.1,414x896,800x364,,Audio Naming Task,26,Block 6-A,soundCheckPassed,6-A,6-A,216,88,2,Screen 2,Zone1,response_button_text,1165,,,a,1,1,0,0,,,,,2,Trial (Quiet),a_subj22_f_vata_194.wav,none,a,,1,6-A,quiet,subj22,f,vata,194
1332,1669953438836,02/12/2022 03:57:18,1669953438225,-6,01/12/2022 21:57:18,92237,21,task-bsko,,25622444,BLIND,7588880,,complete,,638974fc642773387b0fa186,mobile,Apple iPhone,iOS 15.6.1,Mobile Safari 15.6.1,414x896,800x364,,Audio Naming Task,26,Block 6-A,soundCheckPassed,6-A,6-A,288,89,1,Screen 1,fixation,fixation,367,,,,,0,1,0,,,,,2,Trial (Quiet),i_subj23_f_quite_193.wav,none,i,,1,6-A,quiet,subj23,f,quite,193
1333,1669953439091,02/12/2022 03:57:19,1669953438245,-6,01/12/2022 21:57:18,92237,21,task-bsko,,25622444,BLIND,7588880,,complete,,638974fc642773387b0fa186,mobile,Apple iPhone,iOS 15.6.1,Mobile Safari 15.6.1,414x896,800x364,,Audio Naming Task,26,Block 6-A,soundCheckPassed,6-A,6-A,288,89,2,Screen 2,Zone6,content_web_audio,2,,,AUDIO PLAY REQUESTED,1,0,1,0,,,,,2,Trial (Quiet),i_subj23_f_quite_193.wav,none,i,,1,6-A,quiet,subj23,f,quite,193
1334,1669953439091,02/12/2022 03:57:19,1669953438247,-6,01/12/2022 21:57:18,92237,21,task-bsko,,25622444,BLIND,7588880,,complete,,638974fc642773387b0fa186,mobile,Apple iPhone,iOS 15.6.1,Mobile Safari 15.6.1,414x896,800x364,,Audio Naming Task,26,Block 6-A,soundCheckPassed,6-A,6-A,288,89,2,Screen 2,Zone7,content_web_audio,4,,,AUDIO PLAY REQUESTED,1,0,1,0,,,,,2,Trial (Quiet),i_subj23_f_quite_193.wav,none,i,,1,6-A,quiet,subj23,f,quite,193
1335,1669953439943,02/12/2022 03:57:19,1669953439373,-6,01/12/2022 21:57:19,92237,21,task-bsko,,25622444,BLIND,7588880,,complete,,638974fc642773387b0fa186,mobile,Apple iPhone,iOS 15.6.1,Mobile Safari 15.6.1,414x896,800x364,,Audio Naming Task,26,Block 6-A,soundCheckPassed,6-A,6-A,288,89,2,Screen 2,Zone4,response_button_text,1130,,,i,1,1,0,0,,,,,2,Trial (Quiet),i_subj23_f_quite_193.wav,none,i,,1,6-A,quiet,subj23,f,quite,193
1336,1669953440321,02/12/2022 03:57:20,1669953439725,-6,01/12/2022 21:57:19,92237,21,task-bsko,,25622444,BLIND,7588880,,complete,,638974fc642773387b0fa186,mobile,Apple iPhone,iOS 15.6.1,Mobile Safari 15.6.1,414x896,800x364,,Audio Naming Task,26,Block 6-A,soundCheckPassed,6-A,6-A,309,90,1,Screen 1,fixation,fixation,367,,,,,0,1,0,,,,,2,Trial (Quiet),i_subj67_m_pico_145.wav,none,i,,1,6-A,quiet,subj67,m,pico,145
1337,1669953440321,02/12/2022 03:57:20,1669953439742,-6,01/12/2022 21:57:19,92237,21,task-bsko,,25622444,BLIND,7588880,,complete,,638974fc642773387b0fa186,mobile,Apple iPhone,iOS 15.6.1,Mobile Safari 15.6.1,414x896,800x364,,Audio Naming Task,26,Block 6-A,soundCheckPassed,6-A,6-A,309,90,2,Screen 2,Zone6,content_web_audio,1,,,AUDIO PLAY REQUESTED,1,0,1,0,,,,,2,Trial (Quiet),i_subj67_m_pico_145.wav,none,i,,1,6-A,quiet,subj67,m,pico,145
1338,1669953440321,02/12/2022 03:57:20,1669953439744,-6,01/12/2022 21:57:19,92237,21,task-bsko,,25622444,BLIND,7588880,,complete,,638974fc642773387b0fa186,mobile,Apple iPhone,iOS 15.6.1,Mobile Safari 15.6.1,414x896,800x364,,Audio Naming Task,26,Block 6-A,soundCheckPassed,6-A,6-A,309,90,2,Screen 2,Zone7,content_web_audio,3,,,AUDIO PLAY REQUESTED,1,0,1,0,,,,,2,Trial (Quiet),i_subj67_m_pico_145.wav,none,i,,1,6-A,quiet,subj67,m,pico,145
1339,1669953441270,02/12/2022 03:57:21,1669953440799,-6,01/12/2022 21:57:20,92237,21,task-bsko,,25622444,BLIND,7588880,,complete,,638974fc642773387b0fa186,mobile,Apple iPhone,iOS 15.6.1,Mobile Safari 15.6.1,414x896,800x364,,Audio Naming Task,26,Block 6-A,soundCheckPassed,6-A,6-A,309,90,2,Screen 2,Zone4,response_button_text,1057,,,i,1,1,0,0,,,,,2,Trial (Quiet),i_subj67_m_pico_145.wav,none,i,,1,6-A,quiet,subj67,m,pico,145
1340,1669953441677,02/12/2022 03:57:21,1669953441191,-6,01/12/2022 21:57:21,92237,21,task-bsko,,25622444,BLIND,7588880,,complete,,638974fc642773387b0fa186,mobile,Apple iPhone,iOS 15.6.1,Mobile Safari 15.6.1,414x896,800x364,,Audio Naming Task,26,Block 6-A,soundCheckPassed,6-A,6-A,329,91,1,Screen 1,fixation,fixation,400,,,,,0,1,0,,,,,2,Trial (Quiet),o_subj8_f_toco_81.wav,none,o,,1,6-A,quiet,subj8,f,toco,81
1341,1669953441864,02/12/2022 03:57:21,1669953441210,-6,01/12/2022 21:57:21,92237,21,task-bsko,,25622444,BLIND,7588880,,complete,,638974fc642773387b0fa186,mobile,Apple iPhone,iOS 15.6.1,Mobile Safari 15.6.1,414x896,800x364,,Audio Naming Task,26,Block 6-A,soundCheckPassed,6-A,6-A,329,91,2,Screen 2,Zone6,content_web_audio,1.0000000000582077,,,AUDIO PLAY REQUESTED,1,0,1,0,,,,,2,Trial (Quiet),o_subj8_f_toco_81.wav,none,o,,1,6-A,quiet,subj8,f,toco,81
1342,1669953441864,02/12/2022 03:57:21,1669953441211,-6,01/12/2022 21:57:21,92237,21,task-bsko,,25622444,BLIND,7588880,,complete,,638974fc642773387b0fa186,mobile,Apple iPhone,iOS 15.6.1,Mobile Safari 15.6.1,414x896,800x364,,Audio Naming Task,26,Block 6-A,soundCheckPassed,6-A,6-A,329,91,2,Screen 2,Zone7,content_web_audio,3,,,AUDIO PLAY REQUESTED,1,0,1,0,,,,,2,Trial (Quiet),o_subj8_f_toco_81.wav,none,o,,1,6-A,quiet,subj8,f,toco,81
1343,1669953442643,02/12/2022 03:57:22,1669953442165,-6,01/12/2022 21:57:22,92237,21,task-bsko,,25622444,BLIND,7588880,,complete,,638974fc642773387b0fa186,mobile,Apple iPhone,iOS 15.6.1,Mobile Safari 15.6.1,414x896,800x364,,Audio Naming Task,26,Block 6-A,soundCheckPassed,6-A,6-A,329,91,2,Screen 2,Zone3,response_button_text,956,,,o,1,1,0,0,,,,,2,Trial (Quiet),o_subj8_f_toco_81.wav,none,o,,1,6-A,quiet,subj8,f,toco,81
1344,1669953443018,02/12/2022 03:57:23,1669953442525,-6,01/12/2022 21:57:22,92237,21,task-bsko,,25622444,BLIND,7588880,,complete,,638974fc642773387b0fa186,mobile,Apple iPhone,iOS 15.6.1,Mobile Safari 15.6.1,414x896,800x364,,Audio Naming Task,26,Block 6-A,soundCheckPassed,6-A,6-A,318,92,1,Screen 1,fixation,fixation,367,,,,,0,1,0,,,,,2,Trial (Quiet),o_subj50_f_bote_266.wav,none,o,,1,6-A,quiet,subj50,f,bote,266
1345,1669953443018,02/12/2022 03:57:23,1669953442541,-6,01/12/2022 21:57:22,92237,21,task-bsko,,25622444,BLIND,7588880,,complete,,638974fc642773387b0fa186,mobile,Apple iPhone,iOS 15.6.1,Mobile Safari 15.6.1,414x896,800x364,,Audio Naming Task,26,Block 6-A,soundCheckPassed,6-A,6-A,318,92,2,Screen 2,Zone6,content_web_audio,2,,,AUDIO PLAY REQUESTED,1,0,1,0,,,,,2,Trial (Quiet),o_subj50_f_bote_266.wav,none,o,,1,6-A,quiet,subj50,f,bote,266
1346,1669953443018,02/12/2022 03:57:23,1669953442543,-6,01/12/2022 21:57:22,92237,21,task-bsko,,25622444,BLIND,7588880,,complete,,638974fc642773387b0fa186,mobile,Apple iPhone,iOS 15.6.1,Mobile Safari 15.6.1,414x896,800x364,,Audio Naming Task,26,Block 6-A,soundCheckPassed,6-A,6-A,318,92,2,Screen 2,Zone7,content_web_audio,3,,,AUDIO PLAY REQUESTED,1,0,1,0,,,,,2,Trial (Quiet),o_subj50_f_bote_266.wav,none,o,,1,6-A,quiet,subj50,f,bote,266
1347,1669953443908,02/12/2022 03:57:23,1669953443523,-6,01/12/2022 21:57:23,92237,21,task-bsko,,25622444,BLIND,7588880,,complete,,638974fc642773387b0fa186,mobile,Apple iPhone,iOS 15.6.1,Mobile Safari 15.6.1,414x896,800x364,,Audio Naming Task,26,Block 6-A,soundCheckPassed,6-A,6-A,318,92,2,Screen 2,Zone3,response_button_text,983,,,o,1,1,0,0,,,,,2,Trial (Quiet),o_subj50_f_bote_266.wav,none,o,,1,6-A,quiet,subj50,f,bote,266
1348,1669953444288,02/12/2022 03:57:24,1669953443825,-6,01/12/2022 21:57:23,92237,21,task-bsko,,25622444,BLIND,7588880,,complete,,638974fc642773387b0fa186,mobile,Apple iPhone,iOS 15.6.1,Mobile Safari 15.6.1,414x896,800x364,,Audio Naming Task,26,Block 6-A,soundCheckPassed,6-A,6-A,304,93,1,Screen 1,fixation,fixation,334,,,,,0,1,0,,,,,2,Trial (Quiet),i_subj72_m_viso_193.wav,none,i,,1,6-A,quiet,subj72,m,viso,193
1349,1669953444466,02/12/2022 03:57:24,1669953443843,-6,01/12/2022 21:57:23,92237,21,task-bsko,,25622444,BLIND,7588880,,complete,,638974fc642773387b0fa186,mobile,Apple iPhone,iOS 15.6.1,Mobile Safari 15.6.1,414x896,800x364,,Audio Naming Task,26,Block 6-A,soundCheckPassed,6-A,6-A,304,93,2,Screen 2,Zone6,content_web_audio,2,,,AUDIO PLAY REQUESTED,1,0,1,0,,,,,2,Trial (Quiet),i_subj72_m_viso_193.wav,none,i,,1,6-A,quiet,subj72,m,viso,193
1350,1669953444466,02/12/2022 03:57:24,1669953443845,-6,01/12/2022 21:57:23,92237,21,task-bsko,,25622444,BLIND,7588880,,complete,,638974fc642773387b0fa186,mobile,Apple iPhone,iOS 15.6.1,Mobile Safari 15.6.1,414x896,800x364,,Audio Naming Task,26,Block 6-A,soundCheckPassed,6-A,6-A,304,93,2,Screen 2,Zone7,content_web_audio,3,,,AUDIO PLAY REQUESTED,1,0,1,0,,,,,2,Trial (Quiet),i_subj72_m_viso_193.wav,none,i,,1,6-A,quiet,subj72,m,viso,193
1351,1669953445288,02/12/2022 03:57:25,1669953444965,-6,01/12/2022 21:57:24,92237,21,task-bsko,,25622444,BLIND,7588880,,complete,,638974fc642773387b0fa186,mobile,Apple iPhone,iOS 15.6.1,Mobile Safari 15.6.1,414x896,800x364,,Audio Naming Task,26,Block 6-A,soundCheckPassed,6-A,6-A,304,93,2,Screen 2,Zone4,response_button_text,1122,,,i,1,1,0,0,,,,,2,Trial (Quiet),i_subj72_m_viso_193.wav,none,i,,1,6-A,quiet,subj72,m,viso,193
1352,1669953445880,02/12/2022 03:57:25,1669953445324,-6,01/12/2022 21:57:25,92237,21,task-bsko,,25622444,BLIND,7588880,,complete,,638974fc642773387b0fa186,mobile,Apple iPhone,iOS 15.6.1,Mobile Safari 15.6.1,414x896,800x364,,Audio Naming Task,26,Block 6-A,soundCheckPassed,6-A,6-A,233,94,1,Screen 1,fixation,fixation,366,,,,,0,1,0,,,,,2,Trial (Quiet),a_subj71_m_baso_56.wav,none,a,,1,6-A,quiet,subj71,m,baso,56
1353,1669953446066,02/12/2022 03:57:26,1669953445342,-6,01/12/2022 21:57:25,92237,21,task-bsko,,25622444,BLIND,7588880,,complete,,638974fc642773387b0fa186,mobile,Apple iPhone,iOS 15.6.1,Mobile Safari 15.6.1,414x896,800x364,,Audio Naming Task,26,Block 6-A,soundCheckPassed,6-A,6-A,233,94,2,Screen 2,Zone6,content_web_audio,2,,,AUDIO PLAY REQUESTED,1,0,1,0,,,,,2,Trial (Quiet),a_subj71_m_baso_56.wav,none,a,,1,6-A,quiet,subj71,m,baso,56
1354,1669953446066,02/12/2022 03:57:26,1669953445344,-6,01/12/2022 21:57:25,92237,21,task-bsko,,25622444,BLIND,7588880,,complete,,638974fc642773387b0fa186,mobile,Apple iPhone,iOS 15.6.1,Mobile Safari 15.6.1,414x896,800x364,,Audio Naming Task,26,Block 6-A,soundCheckPassed,6-A,6-A,233,94,2,Screen 2,Zone7,content_web_audio,3,,,AUDIO PLAY REQUESTED,1,0,1,0,,,,,2,Trial (Quiet),a_subj71_m_baso_56.wav,none,a,,1,6-A,quiet,subj71,m,baso,56
1355,1669953447000,02/12/2022 03:57:27,1669953446723,-6,01/12/2022 21:57:26,92237,21,task-bsko,,25622444,BLIND,7588880,,complete,,638974fc642773387b0fa186,mobile,Apple iPhone,iOS 15.6.1,Mobile Safari 15.6.1,414x896,800x364,,Audio Naming Task,26,Block 6-A,soundCheckPassed,6-A,6-A,233,94,2,Screen 2,Zone1,response_button_text,1382,,,a,1,1,0,0,,,,,2,Trial (Quiet),a_subj71_m_baso_56.wav,none,a,,1,6-A,quiet,subj71,m,baso,56
1356,1669953447531,02/12/2022 03:57:27,1669953447058,-6,01/12/2022 21:57:27,92237,21,task-bsko,,25622444,BLIND,7588880,,complete,,638974fc642773387b0fa186,mobile,Apple iPhone,iOS 15.6.1,Mobile Safari 15.6.1,414x896,800x364,,Audio Naming Task,26,Block 6-A,soundCheckPassed,6-A,6-A,361,95,1,Screen 1,fixation,fixation,367,,,,,0,1,0,,,,,2,Trial (Quiet),u_subj76_m_supo_320.wav,none,u,,1,6-A,quiet,subj76,m,supo,320
1357,1669953447709,02/12/2022 03:57:27,1669953447077,-6,01/12/2022 21:57:27,92237,21,task-bsko,,25622444,BLIND,7588880,,complete,,638974fc642773387b0fa186,mobile,Apple iPhone,iOS 15.6.1,Mobile Safari 15.6.1,414x896,800x364,,Audio Naming Task,26,Block 6-A,soundCheckPassed,6-A,6-A,361,95,2,Screen 2,Zone6,content_web_audio,2,,,AUDIO PLAY REQUESTED,1,0,1,0,,,,,2,Trial (Quiet),u_subj76_m_supo_320.wav,none,u,,1,6-A,quiet,subj76,m,supo,320
1358,1669953447709,02/12/2022 03:57:27,1669953447079,-6,01/12/2022 21:57:27,92237,21,task-bsko,,25622444,BLIND,7588880,,complete,,638974fc642773387b0fa186,mobile,Apple iPhone,iOS 15.6.1,Mobile Safari 15.6.1,414x896,800x364,,Audio Naming Task,26,Block 6-A,soundCheckPassed,6-A,6-A,361,95,2,Screen 2,Zone7,content_web_audio,3,,,AUDIO PLAY REQUESTED,1,0,1,0,,,,,2,Trial (Quiet),u_subj76_m_supo_320.wav,none,u,,1,6-A,quiet,subj76,m,supo,320
1359,1669953448721,02/12/2022 03:57:28,1669953448439,-6,01/12/2022 21:57:28,92237,21,task-bsko,,25622444,BLIND,7588880,,complete,,638974fc642773387b0fa186,mobile,Apple iPhone,iOS 15.6.1,Mobile Safari 15.6.1,414x896,800x364,,Audio Naming Task,26,Block 6-A,soundCheckPassed,6-A,6-A,361,95,2,Screen 2,Zone2,response_button_text,1362,,,u,1,1,0,0,,,,,2,Trial (Quiet),u_subj76_m_supo_320.wav,none,u,,1,6-A,quiet,subj76,m,supo,320
1360,1669953449219,02/12/2022 03:57:29,1669953448758,-6,01/12/2022 21:57:28,92237,21,task-bsko,,25622444,BLIND,7588880,,complete,,638974fc642773387b0fa186,mobile,Apple iPhone,iOS 15.6.1,Mobile Safari 15.6.1,414x896,800x364,,Audio Naming Task,26,Block 6-A,soundCheckPassed,6-A,6-A,359,96,1,Screen 1,fixation,fixation,334,,,,,0,1,0,,,,,2,Trial (Quiet),u_subj75_m_supo_96.wav,none,u,,1,6-A,quiet,subj75,m,supo,96
1361,1669953449492,02/12/2022 03:57:29,1669953448776,-6,01/12/2022 21:57:28,92237,21,task-bsko,,25622444,BLIND,7588880,,complete,,638974fc642773387b0fa186,mobile,Apple iPhone,iOS 15.6.1,Mobile Safari 15.6.1,414x896,800x364,,Audio Naming Task,26,Block 6-A,soundCheckPassed,6-A,6-A,359,96,2,Screen 2,Zone6,content_web_audio,1.9999999999417923,,,AUDIO PLAY REQUESTED,1,0,1,0,,,,,2,Trial (Quiet),u_subj75_m_supo_96.wav,none,u,,1,6-A,quiet,subj75,m,supo,96
1362,1669953449492,02/12/2022 03:57:29,1669953448778,-6,01/12/2022 21:57:28,92237,21,task-bsko,,25622444,BLIND,7588880,,complete,,638974fc642773387b0fa186,mobile,Apple iPhone,iOS 15.6.1,Mobile Safari 15.6.1,414x896,800x364,,Audio Naming Task,26,Block 6-A,soundCheckPassed,6-A,6-A,359,96,2,Screen 2,Zone7,content_web_audio,2.9999999999417923,,,AUDIO PLAY REQUESTED,1,0,1,0,,,,,2,Trial (Quiet),u_subj75_m_supo_96.wav,none,u,,1,6-A,quiet,subj75,m,supo,96
1363,1669953450599,02/12/2022 03:57:30,1669953450082,-6,01/12/2022 21:57:30,92237,21,task-bsko,,25622444,BLIND,7588880,,complete,,638974fc642773387b0fa186,mobile,Apple iPhone,iOS 15.6.1,Mobile Safari 15.6.1,414x896,800x364,,Audio Naming Task,26,Block 6-A,soundCheckPassed,6-A,6-A,359,96,2,Screen 2,Zone2,response_button_text,1305.9999999999418,,,u,1,1,0,0,,,,,2,Trial (Quiet),u_subj75_m_supo_96.wav,none,u,,1,6-A,quiet,subj75,m,supo,96
1364,1669953450978,02/12/2022 03:57:30,1669953450424,-6,01/12/2022 21:57:30,92237,21,task-bsko,,25622444,BLIND,7588880,,complete,,638974fc642773387b0fa186,mobile,Apple iPhone,iOS 15.6.1,Mobile Safari 15.6.1,414x896,800x364,,Audio Naming Task,26,Block 6-A,soundCheckPassed,6-A,6-A,355,97,1,Screen 1,fixation,fixation,366,,,,,0,1,0,,,,,2,Trial (Quiet),o_subj78_m_toque_81.wav,none,o,,1,6-A,quiet,subj78,m,toque,81
1365,1669953450978,02/12/2022 03:57:30,1669953450440,-6,01/12/2022 21:57:30,92237,21,task-bsko,,25622444,BLIND,7588880,,complete,,638974fc642773387b0fa186,mobile,Apple iPhone,iOS 15.6.1,Mobile Safari 15.6.1,414x896,800x364,,Audio Naming Task,26,Block 6-A,soundCheckPassed,6-A,6-A,355,97,2,Screen 2,Zone6,content_web_audio,2,,,AUDIO PLAY REQUESTED,1,0,1,0,,,,,2,Trial (Quiet),o_subj78_m_toque_81.wav,none,o,,1,6-A,quiet,subj78,m,toque,81
1366,1669953450978,02/12/2022 03:57:30,1669953450442,-6,01/12/2022 21:57:30,92237,21,task-bsko,,25622444,BLIND,7588880,,complete,,638974fc642773387b0fa186,mobile,Apple iPhone,iOS 15.6.1,Mobile Safari 15.6.1,414x896,800x364,,Audio Naming Task,26,Block 6-A,soundCheckPassed,6-A,6-A,355,97,2,Screen 2,Zone7,content_web_audio,3,,,AUDIO PLAY REQUESTED,1,0,1,0,,,,,2,Trial (Quiet),o_subj78_m_toque_81.wav,none,o,,1,6-A,quiet,subj78,m,toque,81
1367,1669953452022,02/12/2022 03:57:32,1669953451548,-6,01/12/2022 21:57:31,92237,21,task-bsko,,25622444,BLIND,7588880,,complete,,638974fc642773387b0fa186,mobile,Apple iPhone,iOS 15.6.1,Mobile Safari 15.6.1,414x896,800x364,,Audio Naming Task,26,Block 6-A,soundCheckPassed,6-A,6-A,355,97,2,Screen 2,Zone3,response_button_text,1108,,,o,1,1,0,0,,,,,2,Trial (Quiet),o_subj78_m_toque_81.wav,none,o,,1,6-A,quiet,subj78,m,toque,81
1368,1669953452395,02/12/2022 03:57:32,1669953451858,-6,01/12/2022 21:57:31,92237,21,task-bsko,,25622444,BLIND,7588880,,complete,,638974fc642773387b0fa186,mobile,Apple iPhone,iOS 15.6.1,Mobile Safari 15.6.1,414x896,800x364,,Audio Naming Task,26,Block 6-A,soundCheckPassed,6-A,6-A,336,98,1,Screen 1,fixation,fixation,334,,,,,0,1,0,,,,,2,Trial (Quiet),o_subj5_f_cosa_114.wav,none,o,,1,6-A,quiet,subj5,f,cosa,114
1369,1669953452395,02/12/2022 03:57:32,1669953451875,-6,01/12/2022 21:57:31,92237,21,task-bsko,,25622444,BLIND,7588880,,complete,,638974fc642773387b0fa186,mobile,Apple iPhone,iOS 15.6.1,Mobile Safari 15.6.1,414x896,800x364,,Audio Naming Task,26,Block 6-A,soundCheckPassed,6-A,6-A,336,98,2,Screen 2,Zone6,content_web_audio,1,,,AUDIO PLAY REQUESTED,1,0,1,0,,,,,2,Trial (Quiet),o_subj5_f_cosa_114.wav,none,o,,1,6-A,quiet,subj5,f,cosa,114
1370,1669953452395,02/12/2022 03:57:32,1669953451876,-6,01/12/2022 21:57:31,92237,21,task-bsko,,25622444,BLIND,7588880,,complete,,638974fc642773387b0fa186,mobile,Apple iPhone,iOS 15.6.1,Mobile Safari 15.6.1,414x896,800x364,,Audio Naming Task,26,Block 6-A,soundCheckPassed,6-A,6-A,336,98,2,Screen 2,Zone7,content_web_audio,3,,,AUDIO PLAY REQUESTED,1,0,1,0,,,,,2,Trial (Quiet),o_subj5_f_cosa_114.wav,none,o,,1,6-A,quiet,subj5,f,cosa,114
1371,1669953453461,02/12/2022 03:57:33,1669953453006,-6,01/12/2022 21:57:33,92237,21,task-bsko,,25622444,BLIND,7588880,,complete,,638974fc642773387b0fa186,mobile,Apple iPhone,iOS 15.6.1,Mobile Safari 15.6.1,414x896,800x364,,Audio Naming Task,26,Block 6-A,soundCheckPassed,6-A,6-A,336,98,2,Screen 2,Zone3,response_button_text,1132,,,o,1,1,0,0,,,,,2,Trial (Quiet),o_subj5_f_cosa_114.wav,none,o,,1,6-A,quiet,subj5,f,cosa,114
1372,1669953453850,02/12/2022 03:57:33,1669953453357,-6,01/12/2022 21:57:33,92237,21,task-bsko,,25622444,BLIND,7588880,,complete,,638974fc642773387b0fa186,mobile,Apple iPhone,iOS 15.6.1,Mobile Safari 15.6.1,414x896,800x364,,Audio Naming Task,26,Block 6-A,soundCheckPassed,6-A,6-A,335,99,1,Screen 1,fixation,fixation,367,,,,,0,1,0,,,,,2,Trial (Quiet),o_subj48_f_toque_153.wav,none,o,,1,6-A,quiet,subj48,f,toque,153
1373,1669953453850,02/12/2022 03:57:33,1669953453374,-6,01/12/2022 21:57:33,92237,21,task-bsko,,25622444,BLIND,7588880,,complete,,638974fc642773387b0fa186,mobile,Apple iPhone,iOS 15.6.1,Mobile Safari 15.6.1,414x896,800x364,,Audio Naming Task,26,Block 6-A,soundCheckPassed,6-A,6-A,335,99,2,Screen 2,Zone6,content_web_audio,2,,,AUDIO PLAY REQUESTED,1,0,1,0,,,,,2,Trial (Quiet),o_subj48_f_toque_153.wav,none,o,,1,6-A,quiet,subj48,f,toque,153
1374,1669953453850,02/12/2022 03:57:33,1669953453376,-6,01/12/2022 21:57:33,92237,21,task-bsko,,25622444,BLIND,7588880,,complete,,638974fc642773387b0fa186,mobile,Apple iPhone,iOS 15.6.1,Mobile Safari 15.6.1,414x896,800x364,,Audio Naming Task,26,Block 6-A,soundCheckPassed,6-A,6-A,335,99,2,Screen 2,Zone7,content_web_audio,3.0000000000582077,,,AUDIO PLAY REQUESTED,1,0,1,0,,,,,2,Trial (Quiet),o_subj48_f_toque_153.wav,none,o,,1,6-A,quiet,subj48,f,toque,153
1375,1669953454996,02/12/2022 03:57:34,1669953454548,-6,01/12/2022 21:57:34,92237,21,task-bsko,,25622444,BLIND,7588880,,complete,,638974fc642773387b0fa186,mobile,Apple iPhone,iOS 15.6.1,Mobile Safari 15.6.1,414x896,800x364,,Audio Naming Task,26,Block 6-A,soundCheckPassed,6-A,6-A,335,99,2,Screen 2,Zone3,response_button_text,1175,,,o,1,1,0,0,,,,,2,Trial (Quiet),o_subj48_f_toque_153.wav,none,o,,1,6-A,quiet,subj48,f,toque,153
1376,1669953455366,02/12/2022 03:57:35,1669953454858,-6,01/12/2022 21:57:34,92237,21,task-bsko,,25622444,BLIND,7588880,,complete,,638974fc642773387b0fa186,mobile,Apple iPhone,iOS 15.6.1,Mobile Safari 15.6.1,414x896,800x364,,Audio Naming Task,26,Block 6-A,soundCheckPassed,6-A,6-A,215,100,1,Screen 1,fixation,fixation,334,,,,,0,1,0,,,,,2,Trial (Quiet),a_subj39_f_vara_222.wav,none,a,,1,6-A,quiet,subj39,f,vara,222
1377,1669953455366,02/12/2022 03:57:35,1669953454875,-6,01/12/2022 21:57:34,92237,21,task-bsko,,25622444,BLIND,7588880,,complete,,638974fc642773387b0fa186,mobile,Apple iPhone,iOS 15.6.1,Mobile Safari 15.6.1,414x896,800x364,,Audio Naming Task,26,Block 6-A,soundCheckPassed,6-A,6-A,215,100,2,Screen 2,Zone6,content_web_audio,1,,,AUDIO PLAY REQUESTED,1,0,1,0,,,,,2,Trial (Quiet),a_subj39_f_vara_222.wav,none,a,,1,6-A,quiet,subj39,f,vara,222
1378,1669953455366,02/12/2022 03:57:35,1669953454876,-6,01/12/2022 21:57:34,92237,21,task-bsko,,25622444,BLIND,7588880,,complete,,638974fc642773387b0fa186,mobile,Apple iPhone,iOS 15.6.1,Mobile Safari 15.6.1,414x896,800x364,,Audio Naming Task,26,Block 6-A,soundCheckPassed,6-A,6-A,215,100,2,Screen 2,Zone7,content_web_audio,3,,,AUDIO PLAY REQUESTED,1,0,1,0,,,,,2,Trial (Quiet),a_subj39_f_vara_222.wav,none,a,,1,6-A,quiet,subj39,f,vara,222
1379,1669953456581,02/12/2022 03:57:36,1669953456114,-6,01/12/2022 21:57:36,92237,21,task-bsko,,25622444,BLIND,7588880,,complete,,638974fc642773387b0fa186,mobile,Apple iPhone,iOS 15.6.1,Mobile Safari 15.6.1,414x896,800x364,,Audio Naming Task,26,Block 6-A,soundCheckPassed,6-A,6-A,215,100,2,Screen 2,Zone1,response_button_text,1240.0000000000582,,,a,1,1,0,0,,,,,2,Trial (Quiet),a_subj39_f_vara_222.wav,none,a,,1,6-A,quiet,subj39,f,vara,222
1380,1669953456981,02/12/2022 03:57:36,1669953456457,-6,01/12/2022 21:57:36,92237,21,task-bsko,,25622444,BLIND,7588880,,complete,,638974fc642773387b0fa186,mobile,Apple iPhone,iOS 15.6.1,Mobile Safari 15.6.1,414x896,800x364,,Audio Naming Task,26,Block 6-A,soundCheckPassed,6-A,6-A,262,101,1,Screen 1,fixation,fixation,366,,,,,0,1,0,,,,,2,Trial (Quiet),e_subj40_f_beta_252.wav,none,e,,1,6-A,quiet,subj40,f,beta,252
1381,1669953456981,02/12/2022 03:57:36,1669953456476,-6,01/12/2022 21:57:36,92237,21,task-bsko,,25622444,BLIND,7588880,,complete,,638974fc642773387b0fa186,mobile,Apple iPhone,iOS 15.6.1,Mobile Safari 15.6.1,414x896,800x364,,Audio Naming Task,26,Block 6-A,soundCheckPassed,6-A,6-A,262,101,2,Screen 2,Zone6,content_web_audio,2.0000000000582077,,,AUDIO PLAY REQUESTED,1,0,1,0,,,,,2,Trial (Quiet),e_subj40_f_beta_252.wav,none,e,,1,6-A,quiet,subj40,f,beta,252
1382,1669953456981,02/12/2022 03:57:36,1669953456478,-6,01/12/2022 21:57:36,92237,21,task-bsko,,25622444,BLIND,7588880,,complete,,638974fc642773387b0fa186,mobile,Apple iPhone,iOS 15.6.1,Mobile Safari 15.6.1,414x896,800x364,,Audio Naming Task,26,Block 6-A,soundCheckPassed,6-A,6-A,262,101,2,Screen 2,Zone7,content_web_audio,3,,,AUDIO PLAY REQUESTED,1,0,1,0,,,,,2,Trial (Quiet),e_subj40_f_beta_252.wav,none,e,,1,6-A,quiet,subj40,f,beta,252
1383,1669953457815,02/12/2022 03:57:37,1669953457514,-6,01/12/2022 21:57:37,92237,21,task-bsko,,25622444,BLIND,7588880,,complete,,638974fc642773387b0fa186,mobile,Apple iPhone,iOS 15.6.1,Mobile Safari 15.6.1,414x896,800x364,,Audio Naming Task,26,Block 6-A,soundCheckPassed,6-A,6-A,262,101,2,Screen 2,Zone5,response_button_text,1038.0000000000582,,,e,1,1,0,0,,,,,2,Trial (Quiet),e_subj40_f_beta_252.wav,none,e,,1,6-A,quiet,subj40,f,beta,252
1384,1669953458323,02/12/2022 03:57:38,1669953457857,-6,01/12/2022 21:57:37,92237,21,task-bsko,,25622444,BLIND,7588880,,complete,,638974fc642773387b0fa186,mobile,Apple iPhone,iOS 15.6.1,Mobile Safari 15.6.1,414x896,800x364,,Audio Naming Task,26,Block 6-A,soundCheckPassed,6-A,6-A,388,102,1,Screen 1,fixation,fixation,366,,,,,0,1,0,,,,,2,Trial (Quiet),u_subj27_f_cura_80.wav,none,u,,1,6-A,quiet,subj27,f,cura,80
1385,1669953458510,02/12/2022 03:57:38,1669953457876,-6,01/12/2022 21:57:37,92237,21,task-bsko,,25622444,BLIND,7588880,,complete,,638974fc642773387b0fa186,mobile,Apple iPhone,iOS 15.6.1,Mobile Safari 15.6.1,414x896,800x364,,Audio Naming Task,26,Block 6-A,soundCheckPassed,6-A,6-A,388,102,2,Screen 2,Zone6,content_web_audio,1.0000000000582077,,,AUDIO PLAY REQUESTED,1,0,1,0,,,,,2,Trial (Quiet),u_subj27_f_cura_80.wav,none,u,,1,6-A,quiet,subj27,f,cura,80
1386,1669953458510,02/12/2022 03:57:38,1669953457877,-6,01/12/2022 21:57:37,92237,21,task-bsko,,25622444,BLIND,7588880,,complete,,638974fc642773387b0fa186,mobile,Apple iPhone,iOS 15.6.1,Mobile Safari 15.6.1,414x896,800x364,,Audio Naming Task,26,Block 6-A,soundCheckPassed,6-A,6-A,388,102,2,Screen 2,Zone7,content_web_audio,3,,,AUDIO PLAY REQUESTED,1,0,1,0,,,,,2,Trial (Quiet),u_subj27_f_cura_80.wav,none,u,,1,6-A,quiet,subj27,f,cura,80
1387,1669953459816,02/12/2022 03:57:39,1669953459307,-6,01/12/2022 21:57:39,92237,21,task-bsko,,25622444,BLIND,7588880,,complete,,638974fc642773387b0fa186,mobile,Apple iPhone,iOS 15.6.1,Mobile Safari 15.6.1,414x896,800x364,,Audio Naming Task,26,Block 6-A,soundCheckPassed,6-A,6-A,388,102,2,Screen 2,Zone2,response_button_text,1432,,,u,1,1,0,0,,,,,2,Trial (Quiet),u_subj27_f_cura_80.wav,none,u,,1,6-A,quiet,subj27,f,cura,80
1388,1669953460198,02/12/2022 03:57:40,1669953459657,-6,01/12/2022 21:57:39,92237,21,task-bsko,,25622444,BLIND,7588880,,complete,,638974fc642773387b0fa186,mobile,Apple iPhone,iOS 15.6.1,Mobile Safari 15.6.1,414x896,800x364,,Audio Naming Task,26,Block 6-A,soundCheckPassed,6-A,6-A,224,103,1,Screen 1,fixation,fixation,366,,,,,0,1,0,,,,,2,Trial (Quiet),a_subj14_m_vate_168.wav,none,a,,1,6-A,quiet,subj14,m,vate,168
1389,1669953460198,02/12/2022 03:57:40,1669953459675,-6,01/12/2022 21:57:39,92237,21,task-bsko,,25622444,BLIND,7588880,,complete,,638974fc642773387b0fa186,mobile,Apple iPhone,iOS 15.6.1,Mobile Safari 15.6.1,414x896,800x364,,Audio Naming Task,26,Block 6-A,soundCheckPassed,6-A,6-A,224,103,2,Screen 2,Zone6,content_web_audio,2,,,AUDIO PLAY REQUESTED,1,0,1,0,,,,,2,Trial (Quiet),a_subj14_m_vate_168.wav,none,a,,1,6-A,quiet,subj14,m,vate,168
1390,1669953460198,02/12/2022 03:57:40,1669953459676,-6,01/12/2022 21:57:39,92237,21,task-bsko,,25622444,BLIND,7588880,,complete,,638974fc642773387b0fa186,mobile,Apple iPhone,iOS 15.6.1,Mobile Safari 15.6.1,414x896,800x364,,Audio Naming Task,26,Block 6-A,soundCheckPassed,6-A,6-A,224,103,2,Screen 2,Zone7,content_web_audio,4,,,AUDIO PLAY REQUESTED,1,0,1,0,,,,,2,Trial (Quiet),a_subj14_m_vate_168.wav,none,a,,1,6-A,quiet,subj14,m,vate,168
1391,1669953461546,02/12/2022 03:57:41,1669953461040,-6,01/12/2022 21:57:41,92237,21,task-bsko,,25622444,BLIND,7588880,,complete,,638974fc642773387b0fa186,mobile,Apple iPhone,iOS 15.6.1,Mobile Safari 15.6.1,414x896,800x364,,Audio Naming Task,26,Block 6-A,soundCheckPassed,6-A,6-A,224,103,2,Screen 2,Zone1,response_button_text,1367,,,a,1,1,0,0,,,,,2,Trial (Quiet),a_subj14_m_vate_168.wav,none,a,,1,6-A,quiet,subj14,m,vate,168
1392,1669953461915,02/12/2022 03:57:41,1669953461390,-6,01/12/2022 21:57:41,92237,21,task-bsko,,25622444,BLIND,7588880,,complete,,638974fc642773387b0fa186,mobile,Apple iPhone,iOS 15.6.1,Mobile Safari 15.6.1,414x896,800x364,,Audio Naming Task,26,Block 6-A,soundCheckPassed,6-A,6-A,258,104,1,Screen 1,fixation,fixation,367,,,,,0,1,0,,,,,2,Trial (Quiet),e_subj38_f_seso_106.wav,none,e,,1,6-A,quiet,subj38,f,seso,106
1393,1669953461915,02/12/2022 03:57:41,1669953461408,-6,01/12/2022 21:57:41,92237,21,task-bsko,,25622444,BLIND,7588880,,complete,,638974fc642773387b0fa186,mobile,Apple iPhone,iOS 15.6.1,Mobile Safari 15.6.1,414x896,800x364,,Audio Naming Task,26,Block 6-A,soundCheckPassed,6-A,6-A,258,104,2,Screen 2,Zone6,content_web_audio,1.9999999999417923,,,AUDIO PLAY REQUESTED,1,0,1,0,,,,,2,Trial (Quiet),e_subj38_f_seso_106.wav,none,e,,1,6-A,quiet,subj38,f,seso,106
1394,1669953461915,02/12/2022 03:57:41,1669953461410,-6,01/12/2022 21:57:41,92237,21,task-bsko,,25622444,BLIND,7588880,,complete,,638974fc642773387b0fa186,mobile,Apple iPhone,iOS 15.6.1,Mobile Safari 15.6.1,414x896,800x364,,Audio Naming Task,26,Block 6-A,soundCheckPassed,6-A,6-A,258,104,2,Screen 2,Zone7,content_web_audio,3.9999999999417923,,,AUDIO PLAY REQUESTED,1,0,1,0,,,,,2,Trial (Quiet),e_subj38_f_seso_106.wav,none,e,,1,6-A,quiet,subj38,f,seso,106
1395,1669953463800,02/12/2022 03:57:43,1669953463239,-6,01/12/2022 21:57:43,92237,21,task-bsko,,25622444,BLIND,7588880,,complete,,638974fc642773387b0fa186,mobile,Apple iPhone,iOS 15.6.1,Mobile Safari 15.6.1,414x896,800x364,,Audio Naming Task,26,Block 6-A,soundCheckPassed,6-A,6-A,258,104,2,Screen 2,Zone5,response_button_text,1830.9999999999418,,,e,1,1,0,0,,,,,2,Trial (Quiet),e_subj38_f_seso_106.wav,none,e,,1,6-A,quiet,subj38,f,seso,106
1396,1669953464179,02/12/2022 03:57:44,1669953463590,-6,01/12/2022 21:57:43,92237,21,task-bsko,,25622444,BLIND,7588880,,complete,,638974fc642773387b0fa186,mobile,Apple iPhone,iOS 15.6.1,Mobile Safari 15.6.1,414x896,800x364,,Audio Naming Task,26,Block 6-A,soundCheckPassed,6-A,6-A,236,105,1,Screen 1,fixation,fixation,367,,,,,0,1,0,,,,,2,Trial (Quiet),a_subj29_m_vaso_90.wav,none,a,,1,6-A,quiet,subj29,m,vaso,90
1397,1669953464179,02/12/2022 03:57:44,1669953463608,-6,01/12/2022 21:57:43,92237,21,task-bsko,,25622444,BLIND,7588880,,complete,,638974fc642773387b0fa186,mobile,Apple iPhone,iOS 15.6.1,Mobile Safari 15.6.1,414x896,800x364,,Audio Naming Task,26,Block 6-A,soundCheckPassed,6-A,6-A,236,105,2,Screen 2,Zone6,content_web_audio,2.0000000000582077,,,AUDIO PLAY REQUESTED,1,0,1,0,,,,,2,Trial (Quiet),a_subj29_m_vaso_90.wav,none,a,,1,6-A,quiet,subj29,m,vaso,90
1398,1669953464179,02/12/2022 03:57:44,1669953463610,-6,01/12/2022 21:57:43,92237,21,task-bsko,,25622444,BLIND,7588880,,complete,,638974fc642773387b0fa186,mobile,Apple iPhone,iOS 15.6.1,Mobile Safari 15.6.1,414x896,800x364,,Audio Naming Task,26,Block 6-A,soundCheckPassed,6-A,6-A,236,105,2,Screen 2,Zone7,content_web_audio,3,,,AUDIO PLAY REQUESTED,1,0,1,0,,,,,2,Trial (Quiet),a_subj29_m_vaso_90.wav,none,a,,1,6-A,quiet,subj29,m,vaso,90
1399,1669953465247,02/12/2022 03:57:45,1669953464797,-6,01/12/2022 21:57:44,92237,21,task-bsko,,25622444,BLIND,7588880,,complete,,638974fc642773387b0fa186,mobile,Apple iPhone,iOS 15.6.1,Mobile Safari 15.6.1,414x896,800x364,,Audio Naming Task,26,Block 6-A,soundCheckPassed,6-A,6-A,236,105,2,Screen 2,Zone1,response_button_text,1190,,,a,1,1,0,0,,,,,2,Trial (Quiet),a_subj29_m_vaso_90.wav,none,a,,1,6-A,quiet,subj29,m,vaso,90
1400,1669953465664,02/12/2022 03:57:45,1669953465190,-6,01/12/2022 21:57:45,92237,21,task-bsko,,25622444,BLIND,7588880,,complete,,638974fc642773387b0fa186,mobile,Apple iPhone,iOS 15.6.1,Mobile Safari 15.6.1,414x896,800x364,,Audio Naming Task,26,Block 6-A,soundCheckPassed,6-A,6-A,289,106,1,Screen 1,fixation,fixation,399,,,,,0,1,0,,,,,2,Trial (Quiet),i_subj50_f_pica_122.wav,none,i,,1,6-A,quiet,subj50,f,pica,122
1401,1669953465848,02/12/2022 03:57:45,1669953465210,-6,01/12/2022 21:57:45,92237,21,task-bsko,,25622444,BLIND,7588880,,complete,,638974fc642773387b0fa186,mobile,Apple iPhone,iOS 15.6.1,Mobile Safari 15.6.1,414x896,800x364,,Audio Naming Task,26,Block 6-A,soundCheckPassed,6-A,6-A,289,106,2,Screen 2,Zone6,content_web_audio,2,,,AUDIO PLAY REQUESTED,1,0,1,0,,,,,2,Trial (Quiet),i_subj50_f_pica_122.wav,none,i,,1,6-A,quiet,subj50,f,pica,122
1402,1669953465848,02/12/2022 03:57:45,1669953465211,-6,01/12/2022 21:57:45,92237,21,task-bsko,,25622444,BLIND,7588880,,complete,,638974fc642773387b0fa186,mobile,Apple iPhone,iOS 15.6.1,Mobile Safari 15.6.1,414x896,800x364,,Audio Naming Task,26,Block 6-A,soundCheckPassed,6-A,6-A,289,106,2,Screen 2,Zone7,content_web_audio,3,,,AUDIO PLAY REQUESTED,1,0,1,0,,,,,2,Trial (Quiet),i_subj50_f_pica_122.wav,none,i,,1,6-A,quiet,subj50,f,pica,122
1403,1669953466664,02/12/2022 03:57:46,1669953466188,-6,01/12/2022 21:57:46,92237,21,task-bsko,,25622444,BLIND,7588880,,complete,,638974fc642773387b0fa186,mobile,Apple iPhone,iOS 15.6.1,Mobile Safari 15.6.1,414x896,800x364,,Audio Naming Task,26,Block 6-A,soundCheckPassed,6-A,6-A,289,106,2,Screen 2,Zone4,response_button_text,979,,,i,1,1,0,0,,,,,2,Trial (Quiet),i_subj50_f_pica_122.wav,none,i,,1,6-A,quiet,subj50,f,pica,122
1404,1669953467040,02/12/2022 03:57:47,1669953466524,-6,01/12/2022 21:57:46,92237,21,task-bsko,,25622444,BLIND,7588880,,complete,,638974fc642773387b0fa186,mobile,Apple iPhone,iOS 15.6.1,Mobile Safari 15.6.1,414x896,800x364,,Audio Naming Task,26,Block 6-A,soundCheckPassed,6-A,6-A,306,107,1,Screen 1,fixation,fixation,367,,,,,0,1,0,,,,,2,Trial (Quiet),i_subj31_m_pico_392.wav,none,i,,1,6-A,quiet,subj31,m,pico,392
1405,1669953467040,02/12/2022 03:57:47,1669953466541,-6,01/12/2022 21:57:46,92237,21,task-bsko,,25622444,BLIND,7588880,,complete,,638974fc642773387b0fa186,mobile,Apple iPhone,iOS 15.6.1,Mobile Safari 15.6.1,414x896,800x364,,Audio Naming Task,26,Block 6-A,soundCheckPassed,6-A,6-A,306,107,2,Screen 2,Zone6,content_web_audio,2,,,AUDIO PLAY REQUESTED,1,0,1,0,,,,,2,Trial (Quiet),i_subj31_m_pico_392.wav,none,i,,1,6-A,quiet,subj31,m,pico,392
1406,1669953467040,02/12/2022 03:57:47,1669953466542,-6,01/12/2022 21:57:46,92237,21,task-bsko,,25622444,BLIND,7588880,,complete,,638974fc642773387b0fa186,mobile,Apple iPhone,iOS 15.6.1,Mobile Safari 15.6.1,414x896,800x364,,Audio Naming Task,26,Block 6-A,soundCheckPassed,6-A,6-A,306,107,2,Screen 2,Zone7,content_web_audio,3,,,AUDIO PLAY REQUESTED,1,0,1,0,,,,,2,Trial (Quiet),i_subj31_m_pico_392.wav,none,i,,1,6-A,quiet,subj31,m,pico,392
1407,1669953468049,02/12/2022 03:57:48,1669953467614,-6,01/12/2022 21:57:47,92237,21,task-bsko,,25622444,BLIND,7588880,,complete,,638974fc642773387b0fa186,mobile,Apple iPhone,iOS 15.6.1,Mobile Safari 15.6.1,414x896,800x364,,Audio Naming Task,26,Block 6-A,soundCheckPassed,6-A,6-A,306,107,2,Screen 2,Zone4,response_button_text,1073,,,i,1,1,0,0,,,,,2,Trial (Quiet),i_subj31_m_pico_392.wav,none,i,,1,6-A,quiet,subj31,m,pico,392
1408,1669953468476,02/12/2022 03:57:48,1669953467924,-6,01/12/2022 21:57:47,92237,21,task-bsko,,25622444,BLIND,7588880,,complete,,638974fc642773387b0fa186,mobile,Apple iPhone,iOS 15.6.1,Mobile Safari 15.6.1,414x896,800x364,,Audio Naming Task,26,Block 6-A,soundCheckPassed,6-A,6-A,349,108,1,Screen 1,fixation,fixation,334,,,,,0,1,0,,,,,2,Trial (Quiet),o_subj68_m_toca_227.wav,none,o,,1,6-A,quiet,subj68,m,toca,227
1409,1669953468476,02/12/2022 03:57:48,1669953467942,-6,01/12/2022 21:57:47,92237,21,task-bsko,,25622444,BLIND,7588880,,complete,,638974fc642773387b0fa186,mobile,Apple iPhone,iOS 15.6.1,Mobile Safari 15.6.1,414x896,800x364,,Audio Naming Task,26,Block 6-A,soundCheckPassed,6-A,6-A,349,108,2,Screen 2,Zone6,content_web_audio,1,,,AUDIO PLAY REQUESTED,1,0,1,0,,,,,2,Trial (Quiet),o_subj68_m_toca_227.wav,none,o,,1,6-A,quiet,subj68,m,toca,227
1410,1669953468476,02/12/2022 03:57:48,1669953467943,-6,01/12/2022 21:57:47,92237,21,task-bsko,,25622444,BLIND,7588880,,complete,,638974fc642773387b0fa186,mobile,Apple iPhone,iOS 15.6.1,Mobile Safari 15.6.1,414x896,800x364,,Audio Naming Task,26,Block 6-A,soundCheckPassed,6-A,6-A,349,108,2,Screen 2,Zone7,content_web_audio,3,,,AUDIO PLAY REQUESTED,1,0,1,0,,,,,2,Trial (Quiet),o_subj68_m_toca_227.wav,none,o,,1,6-A,quiet,subj68,m,toca,227
1411,1669953470045,02/12/2022 03:57:50,1669953469397,-6,01/12/2022 21:57:49,92237,21,task-bsko,,25622444,BLIND,7588880,,complete,,638974fc642773387b0fa186,mobile,Apple iPhone,iOS 15.6.1,Mobile Safari 15.6.1,414x896,800x364,,Audio Naming Task,26,Block 6-A,soundCheckPassed,6-A,6-A,349,108,2,Screen 2,Zone3,response_button_text,1456,,,o,1,1,0,0,,,,,2,Trial (Quiet),o_subj68_m_toca_227.wav,none,o,,1,6-A,quiet,subj68,m,toca,227
1412,1669953470429,02/12/2022 03:57:50,1669953469724,-6,01/12/2022 21:57:49,92237,21,task-bsko,,25622444,BLIND,7588880,,complete,,638974fc642773387b0fa186,mobile,Apple iPhone,iOS 15.6.1,Mobile Safari 15.6.1,414x896,800x364,,Audio Naming Task,26,Block 6-A,soundCheckPassed,6-A,6-A,209,109,1,Screen 1,fixation,fixation,334,,,,,0,1,0,,,,,2,Trial (Quiet),a_subj32_f_saca_209.wav,none,a,,1,6-A,quiet,subj32,f,saca,209
1413,1669953470429,02/12/2022 03:57:50,1669953469741,-6,01/12/2022 21:57:49,92237,21,task-bsko,,25622444,BLIND,7588880,,complete,,638974fc642773387b0fa186,mobile,Apple iPhone,iOS 15.6.1,Mobile Safari 15.6.1,414x896,800x364,,Audio Naming Task,26,Block 6-A,soundCheckPassed,6-A,6-A,209,109,2,Screen 2,Zone6,content_web_audio,2,,,AUDIO PLAY REQUESTED,1,0,1,0,,,,,2,Trial (Quiet),a_subj32_f_saca_209.wav,none,a,,1,6-A,quiet,subj32,f,saca,209
1414,1669953470429,02/12/2022 03:57:50,1669953469743,-6,01/12/2022 21:57:49,92237,21,task-bsko,,25622444,BLIND,7588880,,complete,,638974fc642773387b0fa186,mobile,Apple iPhone,iOS 15.6.1,Mobile Safari 15.6.1,414x896,800x364,,Audio Naming Task,26,Block 6-A,soundCheckPassed,6-A,6-A,209,109,2,Screen 2,Zone7,content_web_audio,3,,,AUDIO PLAY REQUESTED,1,0,1,0,,,,,2,Trial (Quiet),a_subj32_f_saca_209.wav,none,a,,1,6-A,quiet,subj32,f,saca,209
1415,1669953471584,02/12/2022 03:57:51,1669953471097,-6,01/12/2022 21:57:51,92237,21,task-bsko,,25622444,BLIND,7588880,,complete,,638974fc642773387b0fa186,mobile,Apple iPhone,iOS 15.6.1,Mobile Safari 15.6.1,414x896,800x364,,Audio Naming Task,26,Block 6-A,soundCheckPassed,6-A,6-A,209,109,2,Screen 2,Zone1,response_button_text,1357.0000000000582,,,a,1,1,0,0,,,,,2,Trial (Quiet),a_subj32_f_saca_209.wav,none,a,,1,6-A,quiet,subj32,f,saca,209
1416,1669953472003,02/12/2022 03:57:52,1669953471423,-6,01/12/2022 21:57:51,92237,21,task-bsko,,25622444,BLIND,7588880,,complete,,638974fc642773387b0fa186,mobile,Apple iPhone,iOS 15.6.1,Mobile Safari 15.6.1,414x896,800x364,,Audio Naming Task,26,Block 6-A,soundCheckPassed,6-A,6-A,346,110,1,Screen 1,fixation,fixation,334,,,,,0,1,0,,,,,2,Trial (Quiet),o_subj11_m_toco_260.wav,none,o,,1,6-A,quiet,subj11,m,toco,260
1417,1669953472003,02/12/2022 03:57:52,1669953471438,-6,01/12/2022 21:57:51,92237,21,task-bsko,,25622444,BLIND,7588880,,complete,,638974fc642773387b0fa186,mobile,Apple iPhone,iOS 15.6.1,Mobile Safari 15.6.1,414x896,800x364,,Audio Naming Task,26,Block 6-A,soundCheckPassed,6-A,6-A,346,110,2,Screen 2,Zone6,content_web_audio,1,,,AUDIO PLAY REQUESTED,1,0,1,0,,,,,2,Trial (Quiet),o_subj11_m_toco_260.wav,none,o,,1,6-A,quiet,subj11,m,toco,260
1418,1669953472003,02/12/2022 03:57:52,1669953471439,-6,01/12/2022 21:57:51,92237,21,task-bsko,,25622444,BLIND,7588880,,complete,,638974fc642773387b0fa186,mobile,Apple iPhone,iOS 15.6.1,Mobile Safari 15.6.1,414x896,800x364,,Audio Naming Task,26,Block 6-A,soundCheckPassed,6-A,6-A,346,110,2,Screen 2,Zone7,content_web_audio,2,,,AUDIO PLAY REQUESTED,1,0,1,0,,,,,2,Trial (Quiet),o_subj11_m_toco_260.wav,none,o,,1,6-A,quiet,subj11,m,toco,260
1419,1669953473015,02/12/2022 03:57:53,1669953472555,-6,01/12/2022 21:57:52,92237,21,task-bsko,,25622444,BLIND,7588880,,complete,,638974fc642773387b0fa186,mobile,Apple iPhone,iOS 15.6.1,Mobile Safari 15.6.1,414x896,800x364,,Audio Naming Task,26,Block 6-A,soundCheckPassed,6-A,6-A,346,110,2,Screen 2,Zone3,response_button_text,1117,,,o,1,1,0,0,,,,,2,Trial (Quiet),o_subj11_m_toco_260.wav,none,o,,1,6-A,quiet,subj11,m,toco,260
1420,1669953473418,02/12/2022 03:57:53,1669953472890,-6,01/12/2022 21:57:52,92237,21,task-bsko,,25622444,BLIND,7588880,,complete,,638974fc642773387b0fa186,mobile,Apple iPhone,iOS 15.6.1,Mobile Safari 15.6.1,414x896,800x364,,Audio Naming Task,26,Block 6-A,soundCheckPassed,6-A,6-A,246,111,1,Screen 1,fixation,fixation,367,,,,,0,1,0,,,,,2,Trial (Quiet),e_subj73_m_seso_102.wav,none,e,,1,6-A,quiet,subj73,m,seso,102
1421,1669953473418,02/12/2022 03:57:53,1669953472906,-6,01/12/2022 21:57:52,92237,21,task-bsko,,25622444,BLIND,7588880,,complete,,638974fc642773387b0fa186,mobile,Apple iPhone,iOS 15.6.1,Mobile Safari 15.6.1,414x896,800x364,,Audio Naming Task,26,Block 6-A,soundCheckPassed,6-A,6-A,246,111,2,Screen 2,Zone6,content_web_audio,2.0000000000582077,,,AUDIO PLAY REQUESTED,1,0,1,0,,,,,2,Trial (Quiet),e_subj73_m_seso_102.wav,none,e,,1,6-A,quiet,subj73,m,seso,102
1422,1669953473418,02/12/2022 03:57:53,1669953472908,-6,01/12/2022 21:57:52,92237,21,task-bsko,,25622444,BLIND,7588880,,complete,,638974fc642773387b0fa186,mobile,Apple iPhone,iOS 15.6.1,Mobile Safari 15.6.1,414x896,800x364,,Audio Naming Task,26,Block 6-A,soundCheckPassed,6-A,6-A,246,111,2,Screen 2,Zone7,content_web_audio,4,,,AUDIO PLAY REQUESTED,1,0,1,0,,,,,2,Trial (Quiet),e_subj73_m_seso_102.wav,none,e,,1,6-A,quiet,subj73,m,seso,102
1423,1669953474451,02/12/2022 03:57:54,1669953474046,-6,01/12/2022 21:57:54,92237,21,task-bsko,,25622444,BLIND,7588880,,complete,,638974fc642773387b0fa186,mobile,Apple iPhone,iOS 15.6.1,Mobile Safari 15.6.1,414x896,800x364,,Audio Naming Task,26,Block 6-A,soundCheckPassed,6-A,6-A,246,111,2,Screen 2,Zone5,response_button_text,1141,,,e,1,1,0,0,,,,,2,Trial (Quiet),e_subj73_m_seso_102.wav,none,e,,1,6-A,quiet,subj73,m,seso,102
1424,1669953474909,02/12/2022 03:57:54,1669953474389,-6,01/12/2022 21:57:54,92237,21,task-bsko,,25622444,BLIND,7588880,,complete,,638974fc642773387b0fa186,mobile,Apple iPhone,iOS 15.6.1,Mobile Safari 15.6.1,414x896,800x364,,Audio Naming Task,26,Block 6-A,soundCheckPassed,6-A,6-A,385,112,1,Screen 1,fixation,fixation,367,,,,,0,1,0,,,,,2,Trial (Quiet),u_subj6_f_pura_244.wav,none,u,,1,6-A,quiet,subj6,f,pura,244
1425,1669953475158,02/12/2022 03:57:55,1669953474408,-6,01/12/2022 21:57:54,92237,21,task-bsko,,25622444,BLIND,7588880,,complete,,638974fc642773387b0fa186,mobile,Apple iPhone,iOS 15.6.1,Mobile Safari 15.6.1,414x896,800x364,,Audio Naming Task,26,Block 6-A,soundCheckPassed,6-A,6-A,385,112,2,Screen 2,Zone6,content_web_audio,1.9999999999417923,,,AUDIO PLAY REQUESTED,1,0,1,0,,,,,2,Trial (Quiet),u_subj6_f_pura_244.wav,none,u,,1,6-A,quiet,subj6,f,pura,244
1426,1669953475158,02/12/2022 03:57:55,1669953474409,-6,01/12/2022 21:57:54,92237,21,task-bsko,,25622444,BLIND,7588880,,complete,,638974fc642773387b0fa186,mobile,Apple iPhone,iOS 15.6.1,Mobile Safari 15.6.1,414x896,800x364,,Audio Naming Task,26,Block 6-A,soundCheckPassed,6-A,6-A,385,112,2,Screen 2,Zone7,content_web_audio,2.9999999999417923,,,AUDIO PLAY REQUESTED,1,0,1,0,,,,,2,Trial (Quiet),u_subj6_f_pura_244.wav,none,u,,1,6-A,quiet,subj6,f,pura,244
1427,1669953476275,02/12/2022 03:57:56,1669953475798,-6,01/12/2022 21:57:55,92237,21,task-bsko,,25622444,BLIND,7588880,,complete,,638974fc642773387b0fa186,mobile,Apple iPhone,iOS 15.6.1,Mobile Safari 15.6.1,414x896,800x364,,Audio Naming Task,26,Block 6-A,soundCheckPassed,6-A,6-A,385,112,2,Screen 2,Zone2,response_button_text,1390.9999999999418,,,u,1,1,0,0,,,,,2,Trial (Quiet),u_subj6_f_pura_244.wav,none,u,,1,6-A,quiet,subj6,f,pura,244
1428,1669953476667,02/12/2022 03:57:56,1669953476156,-6,01/12/2022 21:57:56,92237,21,task-bsko,,25622444,BLIND,7588880,,complete,,638974fc642773387b0fa186,mobile,Apple iPhone,iOS 15.6.1,Mobile Safari 15.6.1,414x896,800x364,,Audio Naming Task,26,Block 6-A,soundCheckPassed,6-A,6-A,360,113,1,Screen 1,fixation,fixation,367,,,,,0,1,0,,,,,2,Trial (Quiet),u_subj3_m_puso_61.wav,none,u,,1,6-A,quiet,subj3,m,puso,61
1429,1669953476667,02/12/2022 03:57:56,1669953476173,-6,01/12/2022 21:57:56,92237,21,task-bsko,,25622444,BLIND,7588880,,complete,,638974fc642773387b0fa186,mobile,Apple iPhone,iOS 15.6.1,Mobile Safari 15.6.1,414x896,800x364,,Audio Naming Task,26,Block 6-A,soundCheckPassed,6-A,6-A,360,113,2,Screen 2,Zone6,content_web_audio,1.0000000000582077,,,AUDIO PLAY REQUESTED,1,0,1,0,,,,,2,Trial (Quiet),u_subj3_m_puso_61.wav,none,u,,1,6-A,quiet,subj3,m,puso,61
1430,1669953476667,02/12/2022 03:57:56,1669953476175,-6,01/12/2022 21:57:56,92237,21,task-bsko,,25622444,BLIND,7588880,,complete,,638974fc642773387b0fa186,mobile,Apple iPhone,iOS 15.6.1,Mobile Safari 15.6.1,414x896,800x364,,Audio Naming Task,26,Block 6-A,soundCheckPassed,6-A,6-A,360,113,2,Screen 2,Zone7,content_web_audio,3,,,AUDIO PLAY REQUESTED,1,0,1,0,,,,,2,Trial (Quiet),u_subj3_m_puso_61.wav,none,u,,1,6-A,quiet,subj3,m,puso,61
1431,1669953477657,02/12/2022 03:57:57,1669953477180,-6,01/12/2022 21:57:57,92237,21,task-bsko,,25622444,BLIND,7588880,,complete,,638974fc642773387b0fa186,mobile,Apple iPhone,iOS 15.6.1,Mobile Safari 15.6.1,414x896,800x364,,Audio Naming Task,26,Block 6-A,soundCheckPassed,6-A,6-A,360,113,2,Screen 2,Zone2,response_button_text,1007,,,u,1,1,0,0,,,,,2,Trial (Quiet),u_subj3_m_puso_61.wav,none,u,,1,6-A,quiet,subj3,m,puso,61
1432,1669953478022,02/12/2022 03:57:58,1669953477523,-6,01/12/2022 21:57:57,92237,21,task-bsko,,25622444,BLIND,7588880,,complete,,638974fc642773387b0fa186,mobile,Apple iPhone,iOS 15.6.1,Mobile Safari 15.6.1,414x896,800x364,,Audio Naming Task,26,Block 6-A,soundCheckPassed,6-A,6-A,390,114,1,Screen 1,fixation,fixation,367,,,,,0,1,0,,,,,2,Trial (Quiet),u_subj34_f_tusa_364.wav,none,u,,1,6-A,quiet,subj34,f,tusa,364
1433,1669953478022,02/12/2022 03:57:58,1669953477540,-6,01/12/2022 21:57:57,92237,21,task-bsko,,25622444,BLIND,7588880,,complete,,638974fc642773387b0fa186,mobile,Apple iPhone,iOS 15.6.1,Mobile Safari 15.6.1,414x896,800x364,,Audio Naming Task,26,Block 6-A,soundCheckPassed,6-A,6-A,390,114,2,Screen 2,Zone6,content_web_audio,2,,,AUDIO PLAY REQUESTED,1,0,1,0,,,,,2,Trial (Quiet),u_subj34_f_tusa_364.wav,none,u,,1,6-A,quiet,subj34,f,tusa,364
1434,1669953478022,02/12/2022 03:57:58,1669953477541,-6,01/12/2022 21:57:57,92237,21,task-bsko,,25622444,BLIND,7588880,,complete,,638974fc642773387b0fa186,mobile,Apple iPhone,iOS 15.6.1,Mobile Safari 15.6.1,414x896,800x364,,Audio Naming Task,26,Block 6-A,soundCheckPassed,6-A,6-A,390,114,2,Screen 2,Zone7,content_web_audio,3,,,AUDIO PLAY REQUESTED,1,0,1,0,,,,,2,Trial (Quiet),u_subj34_f_tusa_364.wav,none,u,,1,6-A,quiet,subj34,f,tusa,364
1435,1669953479065,02/12/2022 03:57:59,1669953478546,-6,01/12/2022 21:57:58,92237,21,task-bsko,,25622444,BLIND,7588880,,complete,,638974fc642773387b0fa186,mobile,Apple iPhone,iOS 15.6.1,Mobile Safari 15.6.1,414x896,800x364,,Audio Naming Task,26,Block 6-A,soundCheckPassed,6-A,6-A,390,114,2,Screen 2,Zone2,response_button_text,1007,,,u,1,1,0,0,,,,,2,Trial (Quiet),u_subj34_f_tusa_364.wav,none,u,,1,6-A,quiet,subj34,f,tusa,364
1436,1669953479454,02/12/2022 03:57:59,1669953478856,-6,01/12/2022 21:57:58,92237,21,task-bsko,,25622444,BLIND,7588880,,complete,,638974fc642773387b0fa186,mobile,Apple iPhone,iOS 15.6.1,Mobile Safari 15.6.1,414x896,800x364,,Audio Naming Task,26,Block 6-A,soundCheckPassed,6-A,6-A,239,115,1,Screen 1,fixation,fixation,334,,,,,0,1,0,,,,,2,Trial (Quiet),e_subj69_m_seque_277.wav,none,e,,1,6-A,quiet,subj69,m,seque,277
1437,1669953479454,02/12/2022 03:57:59,1669953478874,-6,01/12/2022 21:57:58,92237,21,task-bsko,,25622444,BLIND,7588880,,complete,,638974fc642773387b0fa186,mobile,Apple iPhone,iOS 15.6.1,Mobile Safari 15.6.1,414x896,800x364,,Audio Naming Task,26,Block 6-A,soundCheckPassed,6-A,6-A,239,115,2,Screen 2,Zone6,content_web_audio,2.0000000001164153,,,AUDIO PLAY REQUESTED,1,0,1,0,,,,,2,Trial (Quiet),e_subj69_m_seque_277.wav,none,e,,1,6-A,quiet,subj69,m,seque,277
1438,1669953479454,02/12/2022 03:57:59,1669953478876,-6,01/12/2022 21:57:58,92237,21,task-bsko,,25622444,BLIND,7588880,,complete,,638974fc642773387b0fa186,mobile,Apple iPhone,iOS 15.6.1,Mobile Safari 15.6.1,414x896,800x364,,Audio Naming Task,26,Block 6-A,soundCheckPassed,6-A,6-A,239,115,2,Screen 2,Zone7,content_web_audio,3.0000000000582077,,,AUDIO PLAY REQUESTED,1,0,1,0,,,,,2,Trial (Quiet),e_subj69_m_seque_277.wav,none,e,,1,6-A,quiet,subj69,m,seque,277
1439,1669953480338,02/12/2022 03:58:00,1669953479913,-6,01/12/2022 21:57:59,92237,21,task-bsko,,25622444,BLIND,7588880,,complete,,638974fc642773387b0fa186,mobile,Apple iPhone,iOS 15.6.1,Mobile Safari 15.6.1,414x896,800x364,,Audio Naming Task,26,Block 6-A,soundCheckPassed,6-A,6-A,239,115,2,Screen 2,Zone5,response_button_text,1039.0000000001164,,,e,1,1,0,0,,,,,2,Trial (Quiet),e_subj69_m_seque_277.wav,none,e,,1,6-A,quiet,subj69,m,seque,277
1440,1669953480713,02/12/2022 03:58:00,1669953480256,-6,01/12/2022 21:58:00,92237,21,task-bsko,,25622444,BLIND,7588880,,complete,,638974fc642773387b0fa186,mobile,Apple iPhone,iOS 15.6.1,Mobile Safari 15.6.1,414x896,800x364,,Audio Naming Task,26,Block 6-A,soundCheckPassed,6-A,6-A,341,116,1,Screen 1,fixation,fixation,367,,,,,0,1,0,,,,,2,Trial (Quiet),o_subj73_m_bota_224.wav,none,o,,1,6-A,quiet,subj73,m,bota,224
1441,1669953480903,02/12/2022 03:58:00,1669953480272,-6,01/12/2022 21:58:00,92237,21,task-bsko,,25622444,BLIND,7588880,,complete,,638974fc642773387b0fa186,mobile,Apple iPhone,iOS 15.6.1,Mobile Safari 15.6.1,414x896,800x364,,Audio Naming Task,26,Block 6-A,soundCheckPassed,6-A,6-A,341,116,2,Screen 2,Zone6,content_web_audio,0.9999999999417923,,,AUDIO PLAY REQUESTED,1,0,1,0,,,,,2,Trial (Quiet),o_subj73_m_bota_224.wav,none,o,,1,6-A,quiet,subj73,m,bota,224
1442,1669953480903,02/12/2022 03:58:00,1669953480273,-6,01/12/2022 21:58:00,92237,21,task-bsko,,25622444,BLIND,7588880,,complete,,638974fc642773387b0fa186,mobile,Apple iPhone,iOS 15.6.1,Mobile Safari 15.6.1,414x896,800x364,,Audio Naming Task,26,Block 6-A,soundCheckPassed,6-A,6-A,341,116,2,Screen 2,Zone7,content_web_audio,2.0000000000582077,,,AUDIO PLAY REQUESTED,1,0,1,0,,,,,2,Trial (Quiet),o_subj73_m_bota_224.wav,none,o,,1,6-A,quiet,subj73,m,bota,224
1443,1669953482233,02/12/2022 03:58:02,1669953481662,-6,01/12/2022 21:58:01,92237,21,task-bsko,,25622444,BLIND,7588880,,complete,,638974fc642773387b0fa186,mobile,Apple iPhone,iOS 15.6.1,Mobile Safari 15.6.1,414x896,800x364,,Audio Naming Task,26,Block 6-A,soundCheckPassed,6-A,6-A,341,116,2,Screen 2,Zone2,response_button_text,1391.0000000000582,,,u,1,0,1,0,,,,,2,Trial (Quiet),o_subj73_m_bota_224.wav,none,o,,1,6-A,quiet,subj73,m,bota,224
1444,1669953482614,02/12/2022 03:58:02,1669953482023,-6,01/12/2022 21:58:02,92237,21,task-bsko,,25622444,BLIND,7588880,,complete,,638974fc642773387b0fa186,mobile,Apple iPhone,iOS 15.6.1,Mobile Safari 15.6.1,414x896,800x364,,Audio Naming Task,26,Block 6-A,soundCheckPassed,6-A,6-A,212,117,1,Screen 1,fixation,fixation,367,,,,,0,1,0,,,,,2,Trial (Quiet),a_subj42_f_vara_253.wav,none,a,,1,6-A,quiet,subj42,f,vara,253
1445,1669953482614,02/12/2022 03:58:02,1669953482039,-6,01/12/2022 21:58:02,92237,21,task-bsko,,25622444,BLIND,7588880,,complete,,638974fc642773387b0fa186,mobile,Apple iPhone,iOS 15.6.1,Mobile Safari 15.6.1,414x896,800x364,,Audio Naming Task,26,Block 6-A,soundCheckPassed,6-A,6-A,212,117,2,Screen 2,Zone6,content_web_audio,0.9999999999417923,,,AUDIO PLAY REQUESTED,1,0,1,0,,,,,2,Trial (Quiet),a_subj42_f_vara_253.wav,none,a,,1,6-A,quiet,subj42,f,vara,253
1446,1669953482614,02/12/2022 03:58:02,1669953482041,-6,01/12/2022 21:58:02,92237,21,task-bsko,,25622444,BLIND,7588880,,complete,,638974fc642773387b0fa186,mobile,Apple iPhone,iOS 15.6.1,Mobile Safari 15.6.1,414x896,800x364,,Audio Naming Task,26,Block 6-A,soundCheckPassed,6-A,6-A,212,117,2,Screen 2,Zone7,content_web_audio,2.9999999999417923,,,AUDIO PLAY REQUESTED,1,0,1,0,,,,,2,Trial (Quiet),a_subj42_f_vara_253.wav,none,a,,1,6-A,quiet,subj42,f,vara,253
1447,1669953483665,02/12/2022 03:58:03,1669953483188,-6,01/12/2022 21:58:03,92237,21,task-bsko,,25622444,BLIND,7588880,,complete,,638974fc642773387b0fa186,mobile,Apple iPhone,iOS 15.6.1,Mobile Safari 15.6.1,414x896,800x364,,Audio Naming Task,26,Block 6-A,soundCheckPassed,6-A,6-A,212,117,2,Screen 2,Zone1,response_button_text,1149,,,a,1,1,0,0,,,,,2,Trial (Quiet),a_subj42_f_vara_253.wav,none,a,,1,6-A,quiet,subj42,f,vara,253
1448,1669953484057,02/12/2022 03:58:04,1669953483522,-6,01/12/2022 21:58:03,92237,21,task-bsko,,25622444,BLIND,7588880,,complete,,638974fc642773387b0fa186,mobile,Apple iPhone,iOS 15.6.1,Mobile Safari 15.6.1,414x896,800x364,,Audio Naming Task,26,Block 6-A,soundCheckPassed,6-A,6-A,240,118,1,Screen 1,fixation,fixation,366,,,,,0,1,0,,,,,2,Trial (Quiet),e_subj78_m_peca_220.wav,none,e,,1,6-A,quiet,subj78,m,peca,220
1449,1669953484057,02/12/2022 03:58:04,1669953483541,-6,01/12/2022 21:58:03,92237,21,task-bsko,,25622444,BLIND,7588880,,complete,,638974fc642773387b0fa186,mobile,Apple iPhone,iOS 15.6.1,Mobile Safari 15.6.1,414x896,800x364,,Audio Naming Task,26,Block 6-A,soundCheckPassed,6-A,6-A,240,118,2,Screen 2,Zone6,content_web_audio,1,,,AUDIO PLAY REQUESTED,1,0,1,0,,,,,2,Trial (Quiet),e_subj78_m_peca_220.wav,none,e,,1,6-A,quiet,subj78,m,peca,220
1450,1669953484057,02/12/2022 03:58:04,1669953483543,-6,01/12/2022 21:58:03,92237,21,task-bsko,,25622444,BLIND,7588880,,complete,,638974fc642773387b0fa186,mobile,Apple iPhone,iOS 15.6.1,Mobile Safari 15.6.1,414x896,800x364,,Audio Naming Task,26,Block 6-A,soundCheckPassed,6-A,6-A,240,118,2,Screen 2,Zone7,content_web_audio,3.0000000000582077,,,AUDIO PLAY REQUESTED,1,0,1,0,,,,,2,Trial (Quiet),e_subj78_m_peca_220.wav,none,e,,1,6-A,quiet,subj78,m,peca,220
1451,1669953485045,02/12/2022 03:58:05,1669953484696,-6,01/12/2022 21:58:04,92237,21,task-bsko,,25622444,BLIND,7588880,,complete,,638974fc642773387b0fa186,mobile,Apple iPhone,iOS 15.6.1,Mobile Safari 15.6.1,414x896,800x364,,Audio Naming Task,26,Block 6-A,soundCheckPassed,6-A,6-A,240,118,2,Screen 2,Zone5,response_button_text,1154.9999999999418,,,e,1,1,0,0,,,,,2,Trial (Quiet),e_subj78_m_peca_220.wav,none,e,,1,6-A,quiet,subj78,m,peca,220
1452,1669953485555,02/12/2022 03:58:05,1669953485089,-6,01/12/2022 21:58:05,92237,21,task-bsko,,25622444,BLIND,7588880,,complete,,638974fc642773387b0fa186,mobile,Apple iPhone,iOS 15.6.1,Mobile Safari 15.6.1,414x896,800x364,,Audio Naming Task,26,Block 6-A,soundCheckPassed,6-A,6-A,386,119,1,Screen 1,fixation,fixation,400,,,,,0,1,0,,,,,2,Trial (Quiet),u_subj12_f_supo_204.wav,none,u,,1,6-A,quiet,subj12,f,supo,204
1453,1669953485750,02/12/2022 03:58:05,1669953485107,-6,01/12/2022 21:58:05,92237,21,task-bsko,,25622444,BLIND,7588880,,complete,,638974fc642773387b0fa186,mobile,Apple iPhone,iOS 15.6.1,Mobile Safari 15.6.1,414x896,800x364,,Audio Naming Task,26,Block 6-A,soundCheckPassed,6-A,6-A,386,119,2,Screen 2,Zone6,content_web_audio,2,,,AUDIO PLAY REQUESTED,1,0,1,0,,,,,2,Trial (Quiet),u_subj12_f_supo_204.wav,none,u,,1,6-A,quiet,subj12,f,supo,204
1454,1669953485750,02/12/2022 03:58:05,1669953485109,-6,01/12/2022 21:58:05,92237,21,task-bsko,,25622444,BLIND,7588880,,complete,,638974fc642773387b0fa186,mobile,Apple iPhone,iOS 15.6.1,Mobile Safari 15.6.1,414x896,800x364,,Audio Naming Task,26,Block 6-A,soundCheckPassed,6-A,6-A,386,119,2,Screen 2,Zone7,content_web_audio,2.9999999999417923,,,AUDIO PLAY REQUESTED,1,0,1,0,,,,,2,Trial (Quiet),u_subj12_f_supo_204.wav,none,u,,1,6-A,quiet,subj12,f,supo,204
1455,1669953486927,02/12/2022 03:58:06,1669953486505,-6,01/12/2022 21:58:06,92237,21,task-bsko,,25622444,BLIND,7588880,,complete,,638974fc642773387b0fa186,mobile,Apple iPhone,iOS 15.6.1,Mobile Safari 15.6.1,414x896,800x364,,Audio Naming Task,26,Block 6-A,soundCheckPassed,6-A,6-A,386,119,2,Screen 2,Zone2,response_button_text,1396.9999999999418,,,u,1,1,0,0,,,,,2,Trial (Quiet),u_subj12_f_supo_204.wav,none,u,,1,6-A,quiet,subj12,f,supo,204
1456,1669953487319,02/12/2022 03:58:07,1669953486855,-6,01/12/2022 21:58:06,92237,21,task-bsko,,25622444,BLIND,7588880,,complete,,638974fc642773387b0fa186,mobile,Apple iPhone,iOS 15.6.1,Mobile Safari 15.6.1,414x896,800x364,,Audio Naming Task,26,Block 6-A,soundCheckPassed,6-A,6-A,234,120,1,Screen 1,fixation,fixation,366,,,,,0,1,0,,,,,2,Trial (Quiet),a_subj9_m_saco_203.wav,none,a,,1,6-A,quiet,subj9,m,saco,203
1457,1669953487575,02/12/2022 03:58:07,1669953486874,-6,01/12/2022 21:58:06,92237,21,task-bsko,,25622444,BLIND,7588880,,complete,,638974fc642773387b0fa186,mobile,Apple iPhone,iOS 15.6.1,Mobile Safari 15.6.1,414x896,800x364,,Audio Naming Task,26,Block 6-A,soundCheckPassed,6-A,6-A,234,120,2,Screen 2,Zone6,content_web_audio,1.0000000001164153,,,AUDIO PLAY REQUESTED,1,0,1,0,,,,,2,Trial (Quiet),a_subj9_m_saco_203.wav,none,a,,1,6-A,quiet,subj9,m,saco,203
1458,1669953487575,02/12/2022 03:58:07,1669953486876,-6,01/12/2022 21:58:06,92237,21,task-bsko,,25622444,BLIND,7588880,,complete,,638974fc642773387b0fa186,mobile,Apple iPhone,iOS 15.6.1,Mobile Safari 15.6.1,414x896,800x364,,Audio Naming Task,26,Block 6-A,soundCheckPassed,6-A,6-A,234,120,2,Screen 2,Zone7,content_web_audio,3.0000000000582077,,,AUDIO PLAY REQUESTED,1,0,1,0,,,,,2,Trial (Quiet),a_subj9_m_saco_203.wav,none,a,,1,6-A,quiet,subj9,m,saco,203
1459,1669953488696,02/12/2022 03:58:08,1669953488221,-6,01/12/2022 21:58:08,92237,21,task-bsko,,25622444,BLIND,7588880,,complete,,638974fc642773387b0fa186,mobile,Apple iPhone,iOS 15.6.1,Mobile Safari 15.6.1,414x896,800x364,,Audio Naming Task,26,Block 6-A,soundCheckPassed,6-A,6-A,234,120,2,Screen 2,Zone1,response_button_text,1347.0000000001164,,,a,1,1,0,0,,,,,2,Trial (Quiet),a_subj9_m_saco_203.wav,none,a,,1,6-A,quiet,subj9,m,saco,203
1460,1669953489081,02/12/2022 03:58:09,1669953488556,-6,01/12/2022 21:58:08,92237,21,task-bsko,,25622444,BLIND,7588880,,complete,,638974fc642773387b0fa186,mobile,Apple iPhone,iOS 15.6.1,Mobile Safari 15.6.1,414x896,800x364,,Audio Naming Task,26,Block 6-A,soundCheckPassed,6-A,6-A,312,121,1,Screen 1,fixation,fixation,367,,,,,0,1,0,,,,,2,Trial (Quiet),i_subj78_m_quite_242.wav,none,i,,1,6-A,quiet,subj78,m,quite,242
1461,1669953489081,02/12/2022 03:58:09,1669953488572,-6,01/12/2022 21:58:08,92237,21,task-bsko,,25622444,BLIND,7588880,,complete,,638974fc642773387b0fa186,mobile,Apple iPhone,iOS 15.6.1,Mobile Safari 15.6.1,414x896,800x364,,Audio Naming Task,26,Block 6-A,soundCheckPassed,6-A,6-A,312,121,2,Screen 2,Zone6,content_web_audio,1,,,AUDIO PLAY REQUESTED,1,0,1,0,,,,,2,Trial (Quiet),i_subj78_m_quite_242.wav,none,i,,1,6-A,quiet,subj78,m,quite,242
1462,1669953489081,02/12/2022 03:58:09,1669953488573,-6,01/12/2022 21:58:08,92237,21,task-bsko,,25622444,BLIND,7588880,,complete,,638974fc642773387b0fa186,mobile,Apple iPhone,iOS 15.6.1,Mobile Safari 15.6.1,414x896,800x364,,Audio Naming Task,26,Block 6-A,soundCheckPassed,6-A,6-A,312,121,2,Screen 2,Zone7,content_web_audio,2.9999999999417923,,,AUDIO PLAY REQUESTED,1,0,1,0,,,,,2,Trial (Quiet),i_subj78_m_quite_242.wav,none,i,,1,6-A,quiet,subj78,m,quite,242
1463,1669953490117,02/12/2022 03:58:10,1669953489604,-6,01/12/2022 21:58:09,92237,21,task-bsko,,25622444,BLIND,7588880,,complete,,638974fc642773387b0fa186,mobile,Apple iPhone,iOS 15.6.1,Mobile Safari 15.6.1,414x896,800x364,,Audio Naming Task,26,Block 6-A,soundCheckPassed,6-A,6-A,312,121,2,Screen 2,Zone4,response_button_text,1031.9999999999418,,,i,1,1,0,0,,,,,2,Trial (Quiet),i_subj78_m_quite_242.wav,none,i,,1,6-A,quiet,subj78,m,quite,242
1464,1669953490502,02/12/2022 03:58:10,1669953489956,-6,01/12/2022 21:58:09,92237,21,task-bsko,,25622444,BLIND,7588880,,complete,,638974fc642773387b0fa186,mobile,Apple iPhone,iOS 15.6.1,Mobile Safari 15.6.1,414x896,800x364,,Audio Naming Task,26,Block 6-A,soundCheckPassed,6-A,6-A,245,122,1,Screen 1,fixation,fixation,367,,,,,0,1,0,,,,,2,Trial (Quiet),e_subj11_m_seque_237.wav,none,e,,1,6-A,quiet,subj11,m,seque,237
1465,1669953490502,02/12/2022 03:58:10,1669953489973,-6,01/12/2022 21:58:09,92237,21,task-bsko,,25622444,BLIND,7588880,,complete,,638974fc642773387b0fa186,mobile,Apple iPhone,iOS 15.6.1,Mobile Safari 15.6.1,414x896,800x364,,Audio Naming Task,26,Block 6-A,soundCheckPassed,6-A,6-A,245,122,2,Screen 2,Zone6,content_web_audio,2,,,AUDIO PLAY REQUESTED,1,0,1,0,,,,,2,Trial (Quiet),e_subj11_m_seque_237.wav,none,e,,1,6-A,quiet,subj11,m,seque,237
1466,1669953490502,02/12/2022 03:58:10,1669953489974,-6,01/12/2022 21:58:09,92237,21,task-bsko,,25622444,BLIND,7588880,,complete,,638974fc642773387b0fa186,mobile,Apple iPhone,iOS 15.6.1,Mobile Safari 15.6.1,414x896,800x364,,Audio Naming Task,26,Block 6-A,soundCheckPassed,6-A,6-A,245,122,2,Screen 2,Zone7,content_web_audio,4,,,AUDIO PLAY REQUESTED,1,0,1,0,,,,,2,Trial (Quiet),e_subj11_m_seque_237.wav,none,e,,1,6-A,quiet,subj11,m,seque,237
1467,1669953491932,02/12/2022 03:58:11,1669953491654,-6,01/12/2022 21:58:11,92237,21,task-bsko,,25622444,BLIND,7588880,,complete,,638974fc642773387b0fa186,mobile,Apple iPhone,iOS 15.6.1,Mobile Safari 15.6.1,414x896,800x364,,Audio Naming Task,26,Block 6-A,soundCheckPassed,6-A,6-A,245,122,2,Screen 2,Zone5,response_button_text,1683,,,e,1,1,0,0,,,,,2,Trial (Quiet),e_subj11_m_seque_237.wav,none,e,,1,6-A,quiet,subj11,m,seque,237
1468,1669953492572,02/12/2022 03:58:12,1669953491988,-6,01/12/2022 21:58:11,92237,21,task-bsko,,25622444,BLIND,7588880,,complete,,638974fc642773387b0fa186,mobile,Apple iPhone,iOS 15.6.1,Mobile Safari 15.6.1,414x896,800x364,,Audio Naming Task,26,Block 6-A,soundCheckPassed,6-A,6-A,290,123,1,Screen 1,fixation,fixation,366,,,,,0,1,0,,,,,2,Trial (Quiet),i_subj23_f_pite_127.wav,none,i,,1,6-A,quiet,subj23,f,pite,127
1469,1669953492800,02/12/2022 03:58:12,1669953492007,-6,01/12/2022 21:58:12,92237,21,task-bsko,,25622444,BLIND,7588880,,complete,,638974fc642773387b0fa186,mobile,Apple iPhone,iOS 15.6.1,Mobile Safari 15.6.1,414x896,800x364,,Audio Naming Task,26,Block 6-A,soundCheckPassed,6-A,6-A,290,123,2,Screen 2,Zone6,content_web_audio,1,,,AUDIO PLAY REQUESTED,1,0,1,0,,,,,2,Trial (Quiet),i_subj23_f_pite_127.wav,none,i,,1,6-A,quiet,subj23,f,pite,127
1470,1669953492800,02/12/2022 03:58:12,1669953492008,-6,01/12/2022 21:58:12,92237,21,task-bsko,,25622444,BLIND,7588880,,complete,,638974fc642773387b0fa186,mobile,Apple iPhone,iOS 15.6.1,Mobile Safari 15.6.1,414x896,800x364,,Audio Naming Task,26,Block 6-A,soundCheckPassed,6-A,6-A,290,123,2,Screen 2,Zone7,content_web_audio,3,,,AUDIO PLAY REQUESTED,1,0,1,0,,,,,2,Trial (Quiet),i_subj23_f_pite_127.wav,none,i,,1,6-A,quiet,subj23,f,pite,127
1471,1669953493671,02/12/2022 03:58:13,1669953493205,-6,01/12/2022 21:58:13,92237,21,task-bsko,,25622444,BLIND,7588880,,complete,,638974fc642773387b0fa186,mobile,Apple iPhone,iOS 15.6.1,Mobile Safari 15.6.1,414x896,800x364,,Audio Naming Task,26,Block 6-A,soundCheckPassed,6-A,6-A,290,123,2,Screen 2,Zone4,response_button_text,1198,,,i,1,1,0,0,,,,,2,Trial (Quiet),i_subj23_f_pite_127.wav,none,i,,1,6-A,quiet,subj23,f,pite,127
1472,1669953494058,02/12/2022 03:58:14,1669953493556,-6,01/12/2022 21:58:13,92237,21,task-bsko,,25622444,BLIND,7588880,,complete,,638974fc642773387b0fa186,mobile,Apple iPhone,iOS 15.6.1,Mobile Safari 15.6.1,414x896,800x364,,Audio Naming Task,26,Block 6-A,soundCheckPassed,6-A,6-A,203,124,1,Screen 1,fixation,fixation,367,,,,,0,1,0,,,,,2,Trial (Quiet),a_subj21_f_vaso_113.wav,none,a,,1,6-A,quiet,subj21,f,vaso,113
1473,1669953494058,02/12/2022 03:58:14,1669953493573,-6,01/12/2022 21:58:13,92237,21,task-bsko,,25622444,BLIND,7588880,,complete,,638974fc642773387b0fa186,mobile,Apple iPhone,iOS 15.6.1,Mobile Safari 15.6.1,414x896,800x364,,Audio Naming Task,26,Block 6-A,soundCheckPassed,6-A,6-A,203,124,2,Screen 2,Zone6,content_web_audio,2,,,AUDIO PLAY REQUESTED,1,0,1,0,,,,,2,Trial (Quiet),a_subj21_f_vaso_113.wav,none,a,,1,6-A,quiet,subj21,f,vaso,113
1474,1669953494058,02/12/2022 03:58:14,1669953493574,-6,01/12/2022 21:58:13,92237,21,task-bsko,,25622444,BLIND,7588880,,complete,,638974fc642773387b0fa186,mobile,Apple iPhone,iOS 15.6.1,Mobile Safari 15.6.1,414x896,800x364,,Audio Naming Task,26,Block 6-A,soundCheckPassed,6-A,6-A,203,124,2,Screen 2,Zone7,content_web_audio,4,,,AUDIO PLAY REQUESTED,1,0,1,0,,,,,2,Trial (Quiet),a_subj21_f_vaso_113.wav,none,a,,1,6-A,quiet,subj21,f,vaso,113
1475,1669953495146,02/12/2022 03:58:15,1669953494690,-6,01/12/2022 21:58:14,92237,21,task-bsko,,25622444,BLIND,7588880,,complete,,638974fc642773387b0fa186,mobile,Apple iPhone,iOS 15.6.1,Mobile Safari 15.6.1,414x896,800x364,,Audio Naming Task,26,Block 6-A,soundCheckPassed,6-A,6-A,203,124,2,Screen 2,Zone1,response_button_text,1117,,,a,1,1,0,0,,,,,2,Trial (Quiet),a_subj21_f_vaso_113.wav,none,a,,1,6-A,quiet,subj21,f,vaso,113
1476,1669953495526,02/12/2022 03:58:15,1669953495024,-6,01/12/2022 21:58:15,92237,21,task-bsko,,25622444,BLIND,7588880,,complete,,638974fc642773387b0fa186,mobile,Apple iPhone,iOS 15.6.1,Mobile Safari 15.6.1,414x896,800x364,,Audio Naming Task,26,Block 6-A,soundCheckPassed,6-A,6-A,284,125,1,Screen 1,fixation,fixation,367,,,,,0,1,0,,,,,2,Trial (Quiet),i_subj6_f_quita_169.wav,none,i,,1,6-A,quiet,subj6,f,quita,169
1477,1669953495526,02/12/2022 03:58:15,1669953495038,-6,01/12/2022 21:58:15,92237,21,task-bsko,,25622444,BLIND,7588880,,complete,,638974fc642773387b0fa186,mobile,Apple iPhone,iOS 15.6.1,Mobile Safari 15.6.1,414x896,800x364,,Audio Naming Task,26,Block 6-A,soundCheckPassed,6-A,6-A,284,125,2,Screen 2,Zone6,content_web_audio,2,,,AUDIO PLAY REQUESTED,1,0,1,0,,,,,2,Trial (Quiet),i_subj6_f_quita_169.wav,none,i,,1,6-A,quiet,subj6,f,quita,169
1478,1669953495526,02/12/2022 03:58:15,1669953495039,-6,01/12/2022 21:58:15,92237,21,task-bsko,,25622444,BLIND,7588880,,complete,,638974fc642773387b0fa186,mobile,Apple iPhone,iOS 15.6.1,Mobile Safari 15.6.1,414x896,800x364,,Audio Naming Task,26,Block 6-A,soundCheckPassed,6-A,6-A,284,125,2,Screen 2,Zone7,content_web_audio,3.0000000001164153,,,AUDIO PLAY REQUESTED,1,0,1,0,,,,,2,Trial (Quiet),i_subj6_f_quita_169.wav,none,i,,1,6-A,quiet,subj6,f,quita,169
1479,1669953496589,02/12/2022 03:58:16,1669953496040,-6,01/12/2022 21:58:16,92237,21,task-bsko,,25622444,BLIND,7588880,,complete,,638974fc642773387b0fa186,mobile,Apple iPhone,iOS 15.6.1,Mobile Safari 15.6.1,414x896,800x364,,Audio Naming Task,26,Block 6-A,soundCheckPassed,6-A,6-A,284,125,2,Screen 2,Zone4,response_button_text,1002,,,i,1,1,0,0,,,,,2,Trial (Quiet),i_subj6_f_quita_169.wav,none,i,,1,6-A,quiet,subj6,f,quita,169
1480,1669953496971,02/12/2022 03:58:16,1669953496392,-6,01/12/2022 21:58:16,92237,21,task-bsko,,25622444,BLIND,7588880,,complete,,638974fc642773387b0fa186,mobile,Apple iPhone,iOS 15.6.1,Mobile Safari 15.6.1,414x896,800x364,,Audio Naming Task,26,Block 6-A,soundCheckPassed,6-A,6-A,291,126,1,Screen 1,fixation,fixation,366,,,,,0,1,0,,,,,2,Trial (Quiet),i_subj6_f_pico_192.wav,none,i,,1,6-A,quiet,subj6,f,pico,192
1481,1669953496971,02/12/2022 03:58:16,1669953496410,-6,01/12/2022 21:58:16,92237,21,task-bsko,,25622444,BLIND,7588880,,complete,,638974fc642773387b0fa186,mobile,Apple iPhone,iOS 15.6.1,Mobile Safari 15.6.1,414x896,800x364,,Audio Naming Task,26,Block 6-A,soundCheckPassed,6-A,6-A,291,126,2,Screen 2,Zone6,content_web_audio,1,,,AUDIO PLAY REQUESTED,1,0,1,0,,,,,2,Trial (Quiet),i_subj6_f_pico_192.wav,none,i,,1,6-A,quiet,subj6,f,pico,192
1482,1669953496971,02/12/2022 03:58:16,1669953496412,-6,01/12/2022 21:58:16,92237,21,task-bsko,,25622444,BLIND,7588880,,complete,,638974fc642773387b0fa186,mobile,Apple iPhone,iOS 15.6.1,Mobile Safari 15.6.1,414x896,800x364,,Audio Naming Task,26,Block 6-A,soundCheckPassed,6-A,6-A,291,126,2,Screen 2,Zone7,content_web_audio,3,,,AUDIO PLAY REQUESTED,1,0,1,0,,,,,2,Trial (Quiet),i_subj6_f_pico_192.wav,none,i,,1,6-A,quiet,subj6,f,pico,192
1483,1669953497901,02/12/2022 03:58:17,1669953497424,-6,01/12/2022 21:58:17,92237,21,task-bsko,,25622444,BLIND,7588880,,complete,,638974fc642773387b0fa186,mobile,Apple iPhone,iOS 15.6.1,Mobile Safari 15.6.1,414x896,800x364,,Audio Naming Task,26,Block 6-A,soundCheckPassed,6-A,6-A,291,126,2,Screen 2,Zone4,response_button_text,1014,,,i,1,1,0,0,,,,,2,Trial (Quiet),i_subj6_f_pico_192.wav,none,i,,1,6-A,quiet,subj6,f,pico,192
1484,1669953498289,02/12/2022 03:58:18,1669953497727,-6,01/12/2022 21:58:17,92237,21,task-bsko,,25622444,BLIND,7588880,,complete,,638974fc642773387b0fa186,mobile,Apple iPhone,iOS 15.6.1,Mobile Safari 15.6.1,414x896,800x364,,Audio Naming Task,26,Block 6-A,soundCheckPassed,6-A,6-A,204,127,1,Screen 1,fixation,fixation,335,,,,,0,1,0,,,,,2,Trial (Quiet),a_subj37_f_vate_197.wav,none,a,,1,6-A,quiet,subj37,f,vate,197
1485,1669953498289,02/12/2022 03:58:18,1669953497743,-6,01/12/2022 21:58:17,92237,21,task-bsko,,25622444,BLIND,7588880,,complete,,638974fc642773387b0fa186,mobile,Apple iPhone,iOS 15.6.1,Mobile Safari 15.6.1,414x896,800x364,,Audio Naming Task,26,Block 6-A,soundCheckPassed,6-A,6-A,204,127,2,Screen 2,Zone6,content_web_audio,2,,,AUDIO PLAY REQUESTED,1,0,1,0,,,,,2,Trial (Quiet),a_subj37_f_vate_197.wav,none,a,,1,6-A,quiet,subj37,f,vate,197
1486,1669953498289,02/12/2022 03:58:18,1669953497745,-6,01/12/2022 21:58:17,92237,21,task-bsko,,25622444,BLIND,7588880,,complete,,638974fc642773387b0fa186,mobile,Apple iPhone,iOS 15.6.1,Mobile Safari 15.6.1,414x896,800x364,,Audio Naming Task,26,Block 6-A,soundCheckPassed,6-A,6-A,204,127,2,Screen 2,Zone7,content_web_audio,3,,,AUDIO PLAY REQUESTED,1,0,1,0,,,,,2,Trial (Quiet),a_subj37_f_vate_197.wav,none,a,,1,6-A,quiet,subj37,f,vate,197
1487,1669953499434,02/12/2022 03:58:19,1669953498992,-6,01/12/2022 21:58:18,92237,21,task-bsko,,25622444,BLIND,7588880,,complete,,638974fc642773387b0fa186,mobile,Apple iPhone,iOS 15.6.1,Mobile Safari 15.6.1,414x896,800x364,,Audio Naming Task,26,Block 6-A,soundCheckPassed,6-A,6-A,204,127,2,Screen 2,Zone1,response_button_text,1248,,,a,1,1,0,0,,,,,2,Trial (Quiet),a_subj37_f_vate_197.wav,none,a,,1,6-A,quiet,subj37,f,vate,197
1488,1669953499851,02/12/2022 03:58:19,1669953499327,-6,01/12/2022 21:58:19,92237,21,task-bsko,,25622444,BLIND,7588880,,complete,,638974fc642773387b0fa186,mobile,Apple iPhone,iOS 15.6.1,Mobile Safari 15.6.1,414x896,800x364,,Audio Naming Task,26,Block 6-A,soundCheckPassed,6-A,6-A,253,128,1,Screen 1,fixation,fixation,367,,,,,0,1,0,,,,,2,Trial (Quiet),e_subj9_m_seca_72.wav,none,e,,1,6-A,quiet,subj9,m,seca,72
1489,1669953499851,02/12/2022 03:58:19,1669953499344,-6,01/12/2022 21:58:19,92237,21,task-bsko,,25622444,BLIND,7588880,,complete,,638974fc642773387b0fa186,mobile,Apple iPhone,iOS 15.6.1,Mobile Safari 15.6.1,414x896,800x364,,Audio Naming Task,26,Block 6-A,soundCheckPassed,6-A,6-A,253,128,2,Screen 2,Zone6,content_web_audio,1,,,AUDIO PLAY REQUESTED,1,0,1,0,,,,,2,Trial (Quiet),e_subj9_m_seca_72.wav,none,e,,1,6-A,quiet,subj9,m,seca,72
1490,1669953499851,02/12/2022 03:58:19,1669953499345,-6,01/12/2022 21:58:19,92237,21,task-bsko,,25622444,BLIND,7588880,,complete,,638974fc642773387b0fa186,mobile,Apple iPhone,iOS 15.6.1,Mobile Safari 15.6.1,414x896,800x364,,Audio Naming Task,26,Block 6-A,soundCheckPassed,6-A,6-A,253,128,2,Screen 2,Zone7,content_web_audio,3.0000000001164153,,,AUDIO PLAY REQUESTED,1,0,1,0,,,,,2,Trial (Quiet),e_subj9_m_seca_72.wav,none,e,,1,6-A,quiet,subj9,m,seca,72
1491,1669953500764,02/12/2022 03:58:20,1669953500460,-6,01/12/2022 21:58:20,92237,21,task-bsko,,25622444,BLIND,7588880,,complete,,638974fc642773387b0fa186,mobile,Apple iPhone,iOS 15.6.1,Mobile Safari 15.6.1,414x896,800x364,,Audio Naming Task,26,Block 6-A,soundCheckPassed,6-A,6-A,253,128,2,Screen 2,Zone5,response_button_text,1116,,,e,1,1,0,0,,,,,2,Trial (Quiet),e_subj9_m_seca_72.wav,none,e,,1,6-A,quiet,subj9,m,seca,72
1492,1669953501243,02/12/2022 03:58:21,1669953500762,-6,01/12/2022 21:58:20,92237,21,task-bsko,,25622444,BLIND,7588880,,complete,,638974fc642773387b0fa186,mobile,Apple iPhone,iOS 15.6.1,Mobile Safari 15.6.1,414x896,800x364,,Audio Naming Task,26,Block 6-A,soundCheckPassed,6-A,6-A,198,129,1,Screen 1,fixation,fixation,333,,,,,0,1,0,,,,,2,Trial (Quiet),a_subj28_f_saque_214.wav,none,a,,1,6-A,quiet,subj28,f,saque,214
1493,1669953501436,02/12/2022 03:58:21,1669953500780,-6,01/12/2022 21:58:20,92237,21,task-bsko,,25622444,BLIND,7588880,,complete,,638974fc642773387b0fa186,mobile,Apple iPhone,iOS 15.6.1,Mobile Safari 15.6.1,414x896,800x364,,Audio Naming Task,26,Block 6-A,soundCheckPassed,6-A,6-A,198,129,2,Screen 2,Zone6,content_web_audio,1,,,AUDIO PLAY REQUESTED,1,0,1,0,,,,,2,Trial (Quiet),a_subj28_f_saque_214.wav,none,a,,1,6-A,quiet,subj28,f,saque,214
1494,1669953501436,02/12/2022 03:58:21,1669953500782,-6,01/12/2022 21:58:20,92237,21,task-bsko,,25622444,BLIND,7588880,,complete,,638974fc642773387b0fa186,mobile,Apple iPhone,iOS 15.6.1,Mobile Safari 15.6.1,414x896,800x364,,Audio Naming Task,26,Block 6-A,soundCheckPassed,6-A,6-A,198,129,2,Screen 2,Zone7,content_web_audio,3,,,AUDIO PLAY REQUESTED,1,0,1,0,,,,,2,Trial (Quiet),a_subj28_f_saque_214.wav,none,a,,1,6-A,quiet,subj28,f,saque,214
1495,1669953502506,02/12/2022 03:58:22,1669953501994,-6,01/12/2022 21:58:21,92237,21,task-bsko,,25622444,BLIND,7588880,,complete,,638974fc642773387b0fa186,mobile,Apple iPhone,iOS 15.6.1,Mobile Safari 15.6.1,414x896,800x364,,Audio Naming Task,26,Block 6-A,soundCheckPassed,6-A,6-A,198,129,2,Screen 2,Zone5,response_button_text,1213,,,e,1,0,1,0,,,,,2,Trial (Quiet),a_subj28_f_saque_214.wav,none,a,,1,6-A,quiet,subj28,f,saque,214
1496,1669953502915,02/12/2022 03:58:22,1669953502329,-6,01/12/2022 21:58:22,92237,21,task-bsko,,25622444,BLIND,7588880,,complete,,638974fc642773387b0fa186,mobile,Apple iPhone,iOS 15.6.1,Mobile Safari 15.6.1,414x896,800x364,,Audio Naming Task,26,Block 6-A,soundCheckPassed,6-A,6-A,241,130,1,Screen 1,fixation,fixation,366,,,,,0,1,0,,,,,2,Trial (Quiet),e_subj9_m_beta_104.wav,none,e,,1,6-A,quiet,subj9,m,beta,104
1497,1669953502915,02/12/2022 03:58:22,1669953502347,-6,01/12/2022 21:58:22,92237,21,task-bsko,,25622444,BLIND,7588880,,complete,,638974fc642773387b0fa186,mobile,Apple iPhone,iOS 15.6.1,Mobile Safari 15.6.1,414x896,800x364,,Audio Naming Task,26,Block 6-A,soundCheckPassed,6-A,6-A,241,130,2,Screen 2,Zone6,content_web_audio,2.0000000001164153,,,AUDIO PLAY REQUESTED,1,0,1,0,,,,,2,Trial (Quiet),e_subj9_m_beta_104.wav,none,e,,1,6-A,quiet,subj9,m,beta,104
1498,1669953502915,02/12/2022 03:58:22,1669953502348,-6,01/12/2022 21:58:22,92237,21,task-bsko,,25622444,BLIND,7588880,,complete,,638974fc642773387b0fa186,mobile,Apple iPhone,iOS 15.6.1,Mobile Safari 15.6.1,414x896,800x364,,Audio Naming Task,26,Block 6-A,soundCheckPassed,6-A,6-A,241,130,2,Screen 2,Zone7,content_web_audio,3,,,AUDIO PLAY REQUESTED,1,0,1,0,,,,,2,Trial (Quiet),e_subj9_m_beta_104.wav,none,e,,1,6-A,quiet,subj9,m,beta,104
1499,1669953504152,02/12/2022 03:58:24,1669953503628,-6,01/12/2022 21:58:23,92237,21,task-bsko,,25622444,BLIND,7588880,,complete,,638974fc642773387b0fa186,mobile,Apple iPhone,iOS 15.6.1,Mobile Safari 15.6.1,414x896,800x364,,Audio Naming Task,26,Block 6-A,soundCheckPassed,6-A,6-A,241,130,2,Screen 2,Zone5,response_button_text,1282,,,e,1,1,0,0,,,,,2,Trial (Quiet),e_subj9_m_beta_104.wav,none,e,,1,6-A,quiet,subj9,m,beta,104
1500,1669953504521,02/12/2022 03:58:24,1669953503930,-6,01/12/2022 21:58:23,92237,21,task-bsko,,25622444,BLIND,7588880,,complete,,638974fc642773387b0fa186,mobile,Apple iPhone,iOS 15.6.1,Mobile Safari 15.6.1,414x896,800x364,,Audio Naming Task,26,Block 6-A,soundCheckPassed,6-A,6-A,230,131,1,Screen 1,fixation,fixation,334,,,,,0,1,0,,,,,2,Trial (Quiet),a_subj69_m_bata_105.wav,none,a,,1,6-A,quiet,subj69,m,bata,105
1501,1669953504521,02/12/2022 03:58:24,1669953503947,-6,01/12/2022 21:58:23,92237,21,task-bsko,,25622444,BLIND,7588880,,complete,,638974fc642773387b0fa186,mobile,Apple iPhone,iOS 15.6.1,Mobile Safari 15.6.1,414x896,800x364,,Audio Naming Task,26,Block 6-A,soundCheckPassed,6-A,6-A,230,131,2,Screen 2,Zone6,content_web_audio,1,,,AUDIO PLAY REQUESTED,1,0,1,0,,,,,2,Trial (Quiet),a_subj69_m_bata_105.wav,none,a,,1,6-A,quiet,subj69,m,bata,105
1502,1669953504521,02/12/2022 03:58:24,1669953503949,-6,01/12/2022 21:58:23,92237,21,task-bsko,,25622444,BLIND,7588880,,complete,,638974fc642773387b0fa186,mobile,Apple iPhone,iOS 15.6.1,Mobile Safari 15.6.1,414x896,800x364,,Audio Naming Task,26,Block 6-A,soundCheckPassed,6-A,6-A,230,131,2,Screen 2,Zone7,content_web_audio,3.0000000001164153,,,AUDIO PLAY REQUESTED,1,0,1,0,,,,,2,Trial (Quiet),a_subj69_m_bata_105.wav,none,a,,1,6-A,quiet,subj69,m,bata,105
1503,1669953505888,02/12/2022 03:58:25,1669953505438,-6,01/12/2022 21:58:25,92237,21,task-bsko,,25622444,BLIND,7588880,,complete,,638974fc642773387b0fa186,mobile,Apple iPhone,iOS 15.6.1,Mobile Safari 15.6.1,414x896,800x364,,Audio Naming Task,26,Block 6-A,soundCheckPassed,6-A,6-A,230,131,2,Screen 2,Zone1,response_button_text,1491,,,a,1,1,0,0,,,,,2,Trial (Quiet),a_subj69_m_bata_105.wav,none,a,,1,6-A,quiet,subj69,m,bata,105
1504,1669953506282,02/12/2022 03:58:26,1669953505764,-6,01/12/2022 21:58:25,92237,21,task-bsko,,25622444,BLIND,7588880,,complete,,638974fc642773387b0fa186,mobile,Apple iPhone,iOS 15.6.1,Mobile Safari 15.6.1,414x896,800x364,,Audio Naming Task,26,Block 6-A,soundCheckPassed,6-A,6-A,379,132,1,Screen 1,fixation,fixation,334,,,,,0,1,0,,,,,2,Trial (Quiet),u_subj19_f_supe_139.wav,none,u,,1,6-A,quiet,subj19,f,supe,139
1505,1669953506282,02/12/2022 03:58:26,1669953505781,-6,01/12/2022 21:58:25,92237,21,task-bsko,,25622444,BLIND,7588880,,complete,,638974fc642773387b0fa186,mobile,Apple iPhone,iOS 15.6.1,Mobile Safari 15.6.1,414x896,800x364,,Audio Naming Task,26,Block 6-A,soundCheckPassed,6-A,6-A,379,132,2,Screen 2,Zone6,content_web_audio,2,,,AUDIO PLAY REQUESTED,1,0,1,0,,,,,2,Trial (Quiet),u_subj19_f_supe_139.wav,none,u,,1,6-A,quiet,subj19,f,supe,139
1506,1669953506282,02/12/2022 03:58:26,1669953505782,-6,01/12/2022 21:58:25,92237,21,task-bsko,,25622444,BLIND,7588880,,complete,,638974fc642773387b0fa186,mobile,Apple iPhone,iOS 15.6.1,Mobile Safari 15.6.1,414x896,800x364,,Audio Naming Task,26,Block 6-A,soundCheckPassed,6-A,6-A,379,132,2,Screen 2,Zone7,content_web_audio,4,,,AUDIO PLAY REQUESTED,1,0,1,0,,,,,2,Trial (Quiet),u_subj19_f_supe_139.wav,none,u,,1,6-A,quiet,subj19,f,supe,139
1507,1669953507548,02/12/2022 03:58:27,1669953507088,-6,01/12/2022 21:58:27,92237,21,task-bsko,,25622444,BLIND,7588880,,complete,,638974fc642773387b0fa186,mobile,Apple iPhone,iOS 15.6.1,Mobile Safari 15.6.1,414x896,800x364,,Audio Naming Task,26,Block 6-A,soundCheckPassed,6-A,6-A,379,132,2,Screen 2,Zone2,response_button_text,1308,,,u,1,1,0,0,,,,,2,Trial (Quiet),u_subj19_f_supe_139.wav,none,u,,1,6-A,quiet,subj19,f,supe,139
1508,1669953507929,02/12/2022 03:58:27,1669953507431,-6,01/12/2022 21:58:27,92237,21,task-bsko,,25622444,BLIND,7588880,,complete,,638974fc642773387b0fa186,mobile,Apple iPhone,iOS 15.6.1,Mobile Safari 15.6.1,414x896,800x364,,Audio Naming Task,26,Block 6-A,soundCheckPassed,6-A,6-A,255,133,1,Screen 1,fixation,fixation,366,,,,,0,1,0,,,,,2,Trial (Quiet),e_subj39_f_peca_179.wav,none,e,,1,6-A,quiet,subj39,f,peca,179
1509,1669953507929,02/12/2022 03:58:27,1669953507447,-6,01/12/2022 21:58:27,92237,21,task-bsko,,25622444,BLIND,7588880,,complete,,638974fc642773387b0fa186,mobile,Apple iPhone,iOS 15.6.1,Mobile Safari 15.6.1,414x896,800x364,,Audio Naming Task,26,Block 6-A,soundCheckPassed,6-A,6-A,255,133,2,Screen 2,Zone6,content_web_audio,1,,,AUDIO PLAY REQUESTED,1,0,1,0,,,,,2,Trial (Quiet),e_subj39_f_peca_179.wav,none,e,,1,6-A,quiet,subj39,f,peca,179
1510,1669953507929,02/12/2022 03:58:27,1669953507449,-6,01/12/2022 21:58:27,92237,21,task-bsko,,25622444,BLIND,7588880,,complete,,638974fc642773387b0fa186,mobile,Apple iPhone,iOS 15.6.1,Mobile Safari 15.6.1,414x896,800x364,,Audio Naming Task,26,Block 6-A,soundCheckPassed,6-A,6-A,255,133,2,Screen 2,Zone7,content_web_audio,2,,,AUDIO PLAY REQUESTED,1,0,1,0,,,,,2,Trial (Quiet),e_subj39_f_peca_179.wav,none,e,,1,6-A,quiet,subj39,f,peca,179
1511,1669953509079,02/12/2022 03:58:29,1669953508622,-6,01/12/2022 21:58:28,92237,21,task-bsko,,25622444,BLIND,7588880,,complete,,638974fc642773387b0fa186,mobile,Apple iPhone,iOS 15.6.1,Mobile Safari 15.6.1,414x896,800x364,,Audio Naming Task,26,Block 6-A,soundCheckPassed,6-A,6-A,255,133,2,Screen 2,Zone5,response_button_text,1174,,,e,1,1,0,0,,,,,2,Trial (Quiet),e_subj39_f_peca_179.wav,none,e,,1,6-A,quiet,subj39,f,peca,179
1512,1669953509446,02/12/2022 03:58:29,1669953508965,-6,01/12/2022 21:58:28,92237,21,task-bsko,,25622444,BLIND,7588880,,complete,,638974fc642773387b0fa186,mobile,Apple iPhone,iOS 15.6.1,Mobile Safari 15.6.1,414x896,800x364,,Audio Naming Task,26,Block 6-A,soundCheckPassed,6-A,6-A,213,134,1,Screen 1,fixation,fixation,366,,,,,0,1,0,,,,,2,Trial (Quiet),a_subj16_f_vato_225.wav,none,a,,1,6-A,quiet,subj16,f,vato,225
1513,1669953509446,02/12/2022 03:58:29,1669953508982,-6,01/12/2022 21:58:28,92237,21,task-bsko,,25622444,BLIND,7588880,,complete,,638974fc642773387b0fa186,mobile,Apple iPhone,iOS 15.6.1,Mobile Safari 15.6.1,414x896,800x364,,Audio Naming Task,26,Block 6-A,soundCheckPassed,6-A,6-A,213,134,2,Screen 2,Zone6,content_web_audio,2,,,AUDIO PLAY REQUESTED,1,0,1,0,,,,,2,Trial (Quiet),a_subj16_f_vato_225.wav,none,a,,1,6-A,quiet,subj16,f,vato,225
1514,1669953509446,02/12/2022 03:58:29,1669953508983,-6,01/12/2022 21:58:28,92237,21,task-bsko,,25622444,BLIND,7588880,,complete,,638974fc642773387b0fa186,mobile,Apple iPhone,iOS 15.6.1,Mobile Safari 15.6.1,414x896,800x364,,Audio Naming Task,26,Block 6-A,soundCheckPassed,6-A,6-A,213,134,2,Screen 2,Zone7,content_web_audio,3,,,AUDIO PLAY REQUESTED,1,0,1,0,,,,,2,Trial (Quiet),a_subj16_f_vato_225.wav,none,a,,1,6-A,quiet,subj16,f,vato,225
1515,1669953510813,02/12/2022 03:58:30,1669953510307,-6,01/12/2022 21:58:30,92237,21,task-bsko,,25622444,BLIND,7588880,,complete,,638974fc642773387b0fa186,mobile,Apple iPhone,iOS 15.6.1,Mobile Safari 15.6.1,414x896,800x364,,Audio Naming Task,26,Block 6-A,soundCheckPassed,6-A,6-A,213,134,2,Screen 2,Zone1,response_button_text,1325,,,a,1,1,0,0,,,,,2,Trial (Quiet),a_subj16_f_vato_225.wav,none,a,,1,6-A,quiet,subj16,f,vato,225
1516,1669953511198,02/12/2022 03:58:31,1669953510666,-6,01/12/2022 21:58:30,92237,21,task-bsko,,25622444,BLIND,7588880,,complete,,638974fc642773387b0fa186,mobile,Apple iPhone,iOS 15.6.1,Mobile Safari 15.6.1,414x896,800x364,,Audio Naming Task,26,Block 6-A,soundCheckPassed,6-A,6-A,313,135,1,Screen 1,fixation,fixation,367,,,,,0,1,0,,,,,2,Trial (Quiet),i_subj70_m_viso_336.wav,none,i,,1,6-A,quiet,subj70,m,viso,336
1517,1669953511198,02/12/2022 03:58:31,1669953510682,-6,01/12/2022 21:58:30,92237,21,task-bsko,,25622444,BLIND,7588880,,complete,,638974fc642773387b0fa186,mobile,Apple iPhone,iOS 15.6.1,Mobile Safari 15.6.1,414x896,800x364,,Audio Naming Task,26,Block 6-A,soundCheckPassed,6-A,6-A,313,135,2,Screen 2,Zone6,content_web_audio,1,,,AUDIO PLAY REQUESTED,1,0,1,0,,,,,2,Trial (Quiet),i_subj70_m_viso_336.wav,none,i,,1,6-A,quiet,subj70,m,viso,336
1518,1669953511198,02/12/2022 03:58:31,1669953510684,-6,01/12/2022 21:58:30,92237,21,task-bsko,,25622444,BLIND,7588880,,complete,,638974fc642773387b0fa186,mobile,Apple iPhone,iOS 15.6.1,Mobile Safari 15.6.1,414x896,800x364,,Audio Naming Task,26,Block 6-A,soundCheckPassed,6-A,6-A,313,135,2,Screen 2,Zone7,content_web_audio,3,,,AUDIO PLAY REQUESTED,1,0,1,0,,,,,2,Trial (Quiet),i_subj70_m_viso_336.wav,none,i,,1,6-A,quiet,subj70,m,viso,336
1519,1669953512575,02/12/2022 03:58:32,1669953512116,-6,01/12/2022 21:58:32,92237,21,task-bsko,,25622444,BLIND,7588880,,complete,,638974fc642773387b0fa186,mobile,Apple iPhone,iOS 15.6.1,Mobile Safari 15.6.1,414x896,800x364,,Audio Naming Task,26,Block 6-A,soundCheckPassed,6-A,6-A,313,135,2,Screen 2,Zone4,response_button_text,1434,,,i,1,1,0,0,,,,,2,Trial (Quiet),i_subj70_m_viso_336.wav,none,i,,1,6-A,quiet,subj70,m,viso,336
1520,1669953512954,02/12/2022 03:58:32,1669953512466,-6,01/12/2022 21:58:32,92237,21,task-bsko,,25622444,BLIND,7588880,,complete,,638974fc642773387b0fa186,mobile,Apple iPhone,iOS 15.6.1,Mobile Safari 15.6.1,414x896,800x364,,Audio Naming Task,26,Block 6-A,soundCheckPassed,6-A,6-A,261,136,1,Screen 1,fixation,fixation,367,,,,,0,1,0,,,,,2,Trial (Quiet),e_subj34_f_seco_84.wav,none,e,,1,6-A,quiet,subj34,f,seco,84
1521,1669953512954,02/12/2022 03:58:32,1669953512484,-6,01/12/2022 21:58:32,92237,21,task-bsko,,25622444,BLIND,7588880,,complete,,638974fc642773387b0fa186,mobile,Apple iPhone,iOS 15.6.1,Mobile Safari 15.6.1,414x896,800x364,,Audio Naming Task,26,Block 6-A,soundCheckPassed,6-A,6-A,261,136,2,Screen 2,Zone6,content_web_audio,2,,,AUDIO PLAY REQUESTED,1,0,1,0,,,,,2,Trial (Quiet),e_subj34_f_seco_84.wav,none,e,,1,6-A,quiet,subj34,f,seco,84
1522,1669953512954,02/12/2022 03:58:32,1669953512486,-6,01/12/2022 21:58:32,92237,21,task-bsko,,25622444,BLIND,7588880,,complete,,638974fc642773387b0fa186,mobile,Apple iPhone,iOS 15.6.1,Mobile Safari 15.6.1,414x896,800x364,,Audio Naming Task,26,Block 6-A,soundCheckPassed,6-A,6-A,261,136,2,Screen 2,Zone7,content_web_audio,4,,,AUDIO PLAY REQUESTED,1,0,1,0,,,,,2,Trial (Quiet),e_subj34_f_seco_84.wav,none,e,,1,6-A,quiet,subj34,f,seco,84
1523,1669953514185,02/12/2022 03:58:34,1669953513673,-6,01/12/2022 21:58:33,92237,21,task-bsko,,25622444,BLIND,7588880,,complete,,638974fc642773387b0fa186,mobile,Apple iPhone,iOS 15.6.1,Mobile Safari 15.6.1,414x896,800x364,,Audio Naming Task,26,Block 6-A,soundCheckPassed,6-A,6-A,261,136,2,Screen 2,Zone5,response_button_text,1190,,,e,1,1,0,0,,,,,2,Trial (Quiet),e_subj34_f_seco_84.wav,none,e,,1,6-A,quiet,subj34,f,seco,84
1524,1669953514578,02/12/2022 03:58:34,1669953514000,-6,01/12/2022 21:58:34,92237,21,task-bsko,,25622444,BLIND,7588880,,complete,,638974fc642773387b0fa186,mobile,Apple iPhone,iOS 15.6.1,Mobile Safari 15.6.1,414x896,800x364,,Audio Naming Task,26,Block 6-A,soundCheckPassed,6-A,6-A,199,137,1,Screen 1,fixation,fixation,334,,,,,0,1,0,,,,,2,Trial (Quiet),a_subj21_f_saca_116.wav,none,a,,1,6-A,quiet,subj21,f,saca,116
1525,1669953514578,02/12/2022 03:58:34,1669953514019,-6,01/12/2022 21:58:34,92237,21,task-bsko,,25622444,BLIND,7588880,,complete,,638974fc642773387b0fa186,mobile,Apple iPhone,iOS 15.6.1,Mobile Safari 15.6.1,414x896,800x364,,Audio Naming Task,26,Block 6-A,soundCheckPassed,6-A,6-A,199,137,2,Screen 2,Zone6,content_web_audio,2,,,AUDIO PLAY REQUESTED,1,0,1,0,,,,,2,Trial (Quiet),a_subj21_f_saca_116.wav,none,a,,1,6-A,quiet,subj21,f,saca,116
1526,1669953514578,02/12/2022 03:58:34,1669953514021,-6,01/12/2022 21:58:34,92237,21,task-bsko,,25622444,BLIND,7588880,,complete,,638974fc642773387b0fa186,mobile,Apple iPhone,iOS 15.6.1,Mobile Safari 15.6.1,414x896,800x364,,Audio Naming Task,26,Block 6-A,soundCheckPassed,6-A,6-A,199,137,2,Screen 2,Zone7,content_web_audio,3,,,AUDIO PLAY REQUESTED,1,0,1,0,,,,,2,Trial (Quiet),a_subj21_f_saca_116.wav,none,a,,1,6-A,quiet,subj21,f,saca,116
1527,1669953515503,02/12/2022 03:58:35,1669953515207,-6,01/12/2022 21:58:35,92237,21,task-bsko,,25622444,BLIND,7588880,,complete,,638974fc642773387b0fa186,mobile,Apple iPhone,iOS 15.6.1,Mobile Safari 15.6.1,414x896,800x364,,Audio Naming Task,26,Block 6-A,soundCheckPassed,6-A,6-A,199,137,2,Screen 2,Zone1,response_button_text,1188,,,a,1,1,0,0,,,,,2,Trial (Quiet),a_subj21_f_saca_116.wav,none,a,,1,6-A,quiet,subj21,f,saca,116
1528,1669953516034,02/12/2022 03:58:36,1669953515567,-6,01/12/2022 21:58:35,92237,21,task-bsko,,25622444,BLIND,7588880,,complete,,638974fc642773387b0fa186,mobile,Apple iPhone,iOS 15.6.1,Mobile Safari 15.6.1,414x896,800x364,,Audio Naming Task,26,Block 6-A,soundCheckPassed,6-A,6-A,344,138,1,Screen 1,fixation,fixation,366,,,,,0,1,0,,,,,2,Trial (Quiet),o_subj11_m_boco_177.wav,none,o,,1,6-A,quiet,subj11,m,boco,177
1529,1669953516225,02/12/2022 03:58:36,1669953515584,-6,01/12/2022 21:58:35,92237,21,task-bsko,,25622444,BLIND,7588880,,complete,,638974fc642773387b0fa186,mobile,Apple iPhone,iOS 15.6.1,Mobile Safari 15.6.1,414x896,800x364,,Audio Naming Task,26,Block 6-A,soundCheckPassed,6-A,6-A,344,138,2,Screen 2,Zone6,content_web_audio,1,,,AUDIO PLAY REQUESTED,1,0,1,0,,,,,2,Trial (Quiet),o_subj11_m_boco_177.wav,none,o,,1,6-A,quiet,subj11,m,boco,177
1530,1669953516225,02/12/2022 03:58:36,1669953515585,-6,01/12/2022 21:58:35,92237,21,task-bsko,,25622444,BLIND,7588880,,complete,,638974fc642773387b0fa186,mobile,Apple iPhone,iOS 15.6.1,Mobile Safari 15.6.1,414x896,800x364,,Audio Naming Task,26,Block 6-A,soundCheckPassed,6-A,6-A,344,138,2,Screen 2,Zone7,content_web_audio,2,,,AUDIO PLAY REQUESTED,1,0,1,0,,,,,2,Trial (Quiet),o_subj11_m_boco_177.wav,none,o,,1,6-A,quiet,subj11,m,boco,177
1531,1669953517108,02/12/2022 03:58:37,1669953516800,-6,01/12/2022 21:58:36,92237,21,task-bsko,,25622444,BLIND,7588880,,complete,,638974fc642773387b0fa186,mobile,Apple iPhone,iOS 15.6.1,Mobile Safari 15.6.1,414x896,800x364,,Audio Naming Task,26,Block 6-A,soundCheckPassed,6-A,6-A,344,138,2,Screen 2,Zone3,response_button_text,1216.0000000001164,,,o,1,1,0,0,,,,,2,Trial (Quiet),o_subj11_m_boco_177.wav,none,o,,1,6-A,quiet,subj11,m,boco,177
1532,1669953517607,02/12/2022 03:58:37,1669953517101,-6,01/12/2022 21:58:37,92237,21,task-bsko,,25622444,BLIND,7588880,,complete,,638974fc642773387b0fa186,mobile,Apple iPhone,iOS 15.6.1,Mobile Safari 15.6.1,414x896,800x364,,Audio Naming Task,26,Block 6-A,soundCheckPassed,6-A,6-A,371,139,1,Screen 1,fixation,fixation,334,,,,,0,1,0,,,,,2,Trial (Quiet),u_subj71_m_cura_356.wav,none,u,,1,6-A,quiet,subj71,m,cura,356
1533,1669953517607,02/12/2022 03:58:37,1669953517118,-6,01/12/2022 21:58:37,92237,21,task-bsko,,25622444,BLIND,7588880,,complete,,638974fc642773387b0fa186,mobile,Apple iPhone,iOS 15.6.1,Mobile Safari 15.6.1,414x896,800x364,,Audio Naming Task,26,Block 6-A,soundCheckPassed,6-A,6-A,371,139,2,Screen 2,Zone6,content_web_audio,2,,,AUDIO PLAY REQUESTED,1,0,1,0,,,,,2,Trial (Quiet),u_subj71_m_cura_356.wav,none,u,,1,6-A,quiet,subj71,m,cura,356
1534,1669953517607,02/12/2022 03:58:37,1669953517120,-6,01/12/2022 21:58:37,92237,21,task-bsko,,25622444,BLIND,7588880,,complete,,638974fc642773387b0fa186,mobile,Apple iPhone,iOS 15.6.1,Mobile Safari 15.6.1,414x896,800x364,,Audio Naming Task,26,Block 6-A,soundCheckPassed,6-A,6-A,371,139,2,Screen 2,Zone7,content_web_audio,4,,,AUDIO PLAY REQUESTED,1,0,1,0,,,,,2,Trial (Quiet),u_subj71_m_cura_356.wav,none,u,,1,6-A,quiet,subj71,m,cura,356
1535,1669953518841,02/12/2022 03:58:38,1669953518391,-6,01/12/2022 21:58:38,92237,21,task-bsko,,25622444,BLIND,7588880,,complete,,638974fc642773387b0fa186,mobile,Apple iPhone,iOS 15.6.1,Mobile Safari 15.6.1,414x896,800x364,,Audio Naming Task,26,Block 6-A,soundCheckPassed,6-A,6-A,371,139,2,Screen 2,Zone2,response_button_text,1274,,,u,1,1,0,0,,,,,2,Trial (Quiet),u_subj71_m_cura_356.wav,none,u,,1,6-A,quiet,subj71,m,cura,356
1536,1669953519219,02/12/2022 03:58:39,1669953518701,-6,01/12/2022 21:58:38,92237,21,task-bsko,,25622444,BLIND,7588880,,complete,,638974fc642773387b0fa186,mobile,Apple iPhone,iOS 15.6.1,Mobile Safari 15.6.1,414x896,800x364,,Audio Naming Task,26,Block 6-A,soundCheckPassed,6-A,6-A,372,140,1,Screen 1,fixation,fixation,334,,,,,0,1,0,,,,,2,Trial (Quiet),u_subj76_m_puso_407.wav,none,u,,1,6-A,quiet,subj76,m,puso,407
1537,1669953519219,02/12/2022 03:58:39,1669953518719,-6,01/12/2022 21:58:38,92237,21,task-bsko,,25622444,BLIND,7588880,,complete,,638974fc642773387b0fa186,mobile,Apple iPhone,iOS 15.6.1,Mobile Safari 15.6.1,414x896,800x364,,Audio Naming Task,26,Block 6-A,soundCheckPassed,6-A,6-A,372,140,2,Screen 2,Zone6,content_web_audio,2,,,AUDIO PLAY REQUESTED,1,0,1,0,,,,,2,Trial (Quiet),u_subj76_m_puso_407.wav,none,u,,1,6-A,quiet,subj76,m,puso,407
1538,1669953519219,02/12/2022 03:58:39,1669953518720,-6,01/12/2022 21:58:38,92237,21,task-bsko,,25622444,BLIND,7588880,,complete,,638974fc642773387b0fa186,mobile,Apple iPhone,iOS 15.6.1,Mobile Safari 15.6.1,414x896,800x364,,Audio Naming Task,26,Block 6-A,soundCheckPassed,6-A,6-A,372,140,2,Screen 2,Zone7,content_web_audio,4,,,AUDIO PLAY REQUESTED,1,0,1,0,,,,,2,Trial (Quiet),u_subj76_m_puso_407.wav,none,u,,1,6-A,quiet,subj76,m,puso,407
1539,1669953520357,02/12/2022 03:58:40,1669953519925,-6,01/12/2022 21:58:39,92237,21,task-bsko,,25622444,BLIND,7588880,,complete,,638974fc642773387b0fa186,mobile,Apple iPhone,iOS 15.6.1,Mobile Safari 15.6.1,414x896,800x364,,Audio Naming Task,26,Block 6-A,soundCheckPassed,6-A,6-A,372,140,2,Screen 2,Zone2,response_button_text,1207,,,u,1,1,0,0,,,,,2,Trial (Quiet),u_subj76_m_puso_407.wav,none,u,,1,6-A,quiet,subj76,m,puso,407
1540,1669953520783,02/12/2022 03:58:40,1669953520267,-6,01/12/2022 21:58:40,92237,21,task-bsko,,25622444,BLIND,7588880,,complete,,638974fc642773387b0fa186,mobile,Apple iPhone,iOS 15.6.1,Mobile Safari 15.6.1,414x896,800x364,,Audio Naming Task,26,Block 6-A,soundCheckPassed,6-A,6-A,294,141,1,Screen 1,fixation,fixation,366,,,,,0,1,0,,,,,2,Trial (Quiet),i_subj18_f_quita_400.wav,none,i,,1,6-A,quiet,subj18,f,quita,400
1541,1669953520783,02/12/2022 03:58:40,1669953520285,-6,01/12/2022 21:58:40,92237,21,task-bsko,,25622444,BLIND,7588880,,complete,,638974fc642773387b0fa186,mobile,Apple iPhone,iOS 15.6.1,Mobile Safari 15.6.1,414x896,800x364,,Audio Naming Task,26,Block 6-A,soundCheckPassed,6-A,6-A,294,141,2,Screen 2,Zone6,content_web_audio,2,,,AUDIO PLAY REQUESTED,1,0,1,0,,,,,2,Trial (Quiet),i_subj18_f_quita_400.wav,none,i,,1,6-A,quiet,subj18,f,quita,400
1542,1669953520783,02/12/2022 03:58:40,1669953520287,-6,01/12/2022 21:58:40,92237,21,task-bsko,,25622444,BLIND,7588880,,complete,,638974fc642773387b0fa186,mobile,Apple iPhone,iOS 15.6.1,Mobile Safari 15.6.1,414x896,800x364,,Audio Naming Task,26,Block 6-A,soundCheckPassed,6-A,6-A,294,141,2,Screen 2,Zone7,content_web_audio,4,,,AUDIO PLAY REQUESTED,1,0,1,0,,,,,2,Trial (Quiet),i_subj18_f_quita_400.wav,none,i,,1,6-A,quiet,subj18,f,quita,400
1543,1669953522073,02/12/2022 03:58:42,1669953521600,-6,01/12/2022 21:58:41,92237,21,task-bsko,,25622444,BLIND,7588880,,complete,,638974fc642773387b0fa186,mobile,Apple iPhone,iOS 15.6.1,Mobile Safari 15.6.1,414x896,800x364,,Audio Naming Task,26,Block 6-A,soundCheckPassed,6-A,6-A,294,141,2,Screen 2,Zone4,response_button_text,1316,,,i,1,1,0,0,,,,,2,Trial (Quiet),i_subj18_f_quita_400.wav,none,i,,1,6-A,quiet,subj18,f,quita,400
1544,1669953522465,02/12/2022 03:58:42,1669953521901,-6,01/12/2022 21:58:41,92237,21,task-bsko,,25622444,BLIND,7588880,,complete,,638974fc642773387b0fa186,mobile,Apple iPhone,iOS 15.6.1,Mobile Safari 15.6.1,414x896,800x364,,Audio Naming Task,26,Block 6-A,soundCheckPassed,6-A,6-A,381,142,1,Screen 1,fixation,fixation,334,,,,,0,1,0,,,,,2,Trial (Quiet),u_subj4_f_pura_160.wav,none,u,,1,6-A,quiet,subj4,f,pura,160
1545,1669953522465,02/12/2022 03:58:42,1669953521919,-6,01/12/2022 21:58:41,92237,21,task-bsko,,25622444,BLIND,7588880,,complete,,638974fc642773387b0fa186,mobile,Apple iPhone,iOS 15.6.1,Mobile Safari 15.6.1,414x896,800x364,,Audio Naming Task,26,Block 6-A,soundCheckPassed,6-A,6-A,381,142,2,Screen 2,Zone6,content_web_audio,2,,,AUDIO PLAY REQUESTED,1,0,1,0,,,,,2,Trial (Quiet),u_subj4_f_pura_160.wav,none,u,,1,6-A,quiet,subj4,f,pura,160
1546,1669953522465,02/12/2022 03:58:42,1669953521921,-6,01/12/2022 21:58:41,92237,21,task-bsko,,25622444,BLIND,7588880,,complete,,638974fc642773387b0fa186,mobile,Apple iPhone,iOS 15.6.1,Mobile Safari 15.6.1,414x896,800x364,,Audio Naming Task,26,Block 6-A,soundCheckPassed,6-A,6-A,381,142,2,Screen 2,Zone7,content_web_audio,3,,,AUDIO PLAY REQUESTED,1,0,1,0,,,,,2,Trial (Quiet),u_subj4_f_pura_160.wav,none,u,,1,6-A,quiet,subj4,f,pura,160
1547,1669953523894,02/12/2022 03:58:43,1669953523625,-6,01/12/2022 21:58:43,92237,21,task-bsko,,25622444,BLIND,7588880,,complete,,638974fc642773387b0fa186,mobile,Apple iPhone,iOS 15.6.1,Mobile Safari 15.6.1,414x896,800x364,,Audio Naming Task,26,Block 6-A,soundCheckPassed,6-A,6-A,381,142,2,Screen 2,Zone2,response_button_text,1707,,,u,1,1,0,0,,,,,2,Trial (Quiet),u_subj4_f_pura_160.wav,none,u,,1,6-A,quiet,subj4,f,pura,160
1548,1669953524383,02/12/2022 03:58:44,1669953523935,-6,01/12/2022 21:58:43,92237,21,task-bsko,,25622444,BLIND,7588880,,complete,,638974fc642773387b0fa186,mobile,Apple iPhone,iOS 15.6.1,Mobile Safari 15.6.1,414x896,800x364,,Audio Naming Task,26,Block 6-A,soundCheckPassed,6-A,6-A,308,143,1,Screen 1,fixation,fixation,333,,,,,0,1,0,,,,,2,Trial (Quiet),i_subj3_m_pisa_237.wav,none,i,,1,6-A,quiet,subj3,m,pisa,237
1549,1669953524573,02/12/2022 03:58:44,1669953523956,-6,01/12/2022 21:58:43,92237,21,task-bsko,,25622444,BLIND,7588880,,complete,,638974fc642773387b0fa186,mobile,Apple iPhone,iOS 15.6.1,Mobile Safari 15.6.1,414x896,800x364,,Audio Naming Task,26,Block 6-A,soundCheckPassed,6-A,6-A,308,143,2,Screen 2,Zone6,content_web_audio,1.9999999998835847,,,AUDIO PLAY REQUESTED,1,0,1,0,,,,,2,Trial (Quiet),i_subj3_m_pisa_237.wav,none,i,,1,6-A,quiet,subj3,m,pisa,237
1550,1669953524573,02/12/2022 03:58:44,1669953523958,-6,01/12/2022 21:58:43,92237,21,task-bsko,,25622444,BLIND,7588880,,complete,,638974fc642773387b0fa186,mobile,Apple iPhone,iOS 15.6.1,Mobile Safari 15.6.1,414x896,800x364,,Audio Naming Task,26,Block 6-A,soundCheckPassed,6-A,6-A,308,143,2,Screen 2,Zone7,content_web_audio,3.9999999998835847,,,AUDIO PLAY REQUESTED,1,0,1,0,,,,,2,Trial (Quiet),i_subj3_m_pisa_237.wav,none,i,,1,6-A,quiet,subj3,m,pisa,237
1551,1669953525648,02/12/2022 03:58:45,1669953525150,-6,01/12/2022 21:58:45,92237,21,task-bsko,,25622444,BLIND,7588880,,complete,,638974fc642773387b0fa186,mobile,Apple iPhone,iOS 15.6.1,Mobile Safari 15.6.1,414x896,800x364,,Audio Naming Task,26,Block 6-A,soundCheckPassed,6-A,6-A,308,143,2,Screen 2,Zone4,response_button_text,1194.9999999998836,,,i,1,1,0,0,,,,,2,Trial (Quiet),i_subj3_m_pisa_237.wav,none,i,,1,6-A,quiet,subj3,m,pisa,237
1552,1669953526056,02/12/2022 03:58:46,1669953525501,-6,01/12/2022 21:58:45,92237,21,task-bsko,,25622444,BLIND,7588880,,complete,,638974fc642773387b0fa186,mobile,Apple iPhone,iOS 15.6.1,Mobile Safari 15.6.1,414x896,800x364,,Audio Naming Task,26,Block 6-A,soundCheckPassed,6-A,6-A,229,144,1,Screen 1,fixation,fixation,366,,,,,0,1,0,,,,,2,Trial (Quiet),a_subj72_m_vara_108.wav,none,a,,1,6-A,quiet,subj72,m,vara,108
1553,1669953526056,02/12/2022 03:58:46,1669953525518,-6,01/12/2022 21:58:45,92237,21,task-bsko,,25622444,BLIND,7588880,,complete,,638974fc642773387b0fa186,mobile,Apple iPhone,iOS 15.6.1,Mobile Safari 15.6.1,414x896,800x364,,Audio Naming Task,26,Block 6-A,soundCheckPassed,6-A,6-A,229,144,2,Screen 2,Zone6,content_web_audio,2,,,AUDIO PLAY REQUESTED,1,0,1,0,,,,,2,Trial (Quiet),a_subj72_m_vara_108.wav,none,a,,1,6-A,quiet,subj72,m,vara,108
1554,1669953526056,02/12/2022 03:58:46,1669953525520,-6,01/12/2022 21:58:45,92237,21,task-bsko,,25622444,BLIND,7588880,,complete,,638974fc642773387b0fa186,mobile,Apple iPhone,iOS 15.6.1,Mobile Safari 15.6.1,414x896,800x364,,Audio Naming Task,26,Block 6-A,soundCheckPassed,6-A,6-A,229,144,2,Screen 2,Zone7,content_web_audio,3,,,AUDIO PLAY REQUESTED,1,0,1,0,,,,,2,Trial (Quiet),a_subj72_m_vara_108.wav,none,a,,1,6-A,quiet,subj72,m,vara,108
1555,1669953527091,02/12/2022 03:58:47,1669953526633,-6,01/12/2022 21:58:46,92237,21,task-bsko,,25622444,BLIND,7588880,,complete,,638974fc642773387b0fa186,mobile,Apple iPhone,iOS 15.6.1,Mobile Safari 15.6.1,414x896,800x364,,Audio Naming Task,26,Block 6-A,soundCheckPassed,6-A,6-A,229,144,2,Screen 2,Zone1,response_button_text,1116.0000000001164,,,a,1,1,0,0,,,,,2,Trial (Quiet),a_subj72_m_vara_108.wav,none,a,,1,6-A,quiet,subj72,m,vara,108
1556,1669953527460,02/12/2022 03:58:47,1669953526935,-6,01/12/2022 21:58:46,92237,21,task-bsko,,25622444,BLIND,7588880,,complete,,638974fc642773387b0fa186,mobile,Apple iPhone,iOS 15.6.1,Mobile Safari 15.6.1,414x896,800x364,,Audio Naming Task,26,Block 6-A,soundCheckPassed,6-A,6-A,219,145,1,Screen 1,fixation,fixation,333,,,,,0,1,0,,,,,2,Trial (Quiet),a_subj41_f_bato_260.wav,none,a,,1,6-A,quiet,subj41,f,bato,260
1557,1669953527460,02/12/2022 03:58:47,1669953526954,-6,01/12/2022 21:58:46,92237,21,task-bsko,,25622444,BLIND,7588880,,complete,,638974fc642773387b0fa186,mobile,Apple iPhone,iOS 15.6.1,Mobile Safari 15.6.1,414x896,800x364,,Audio Naming Task,26,Block 6-A,soundCheckPassed,6-A,6-A,219,145,2,Screen 2,Zone6,content_web_audio,2,,,AUDIO PLAY REQUESTED,1,0,1,0,,,,,2,Trial (Quiet),a_subj41_f_bato_260.wav,none,a,,1,6-A,quiet,subj41,f,bato,260
1558,1669953527460,02/12/2022 03:58:47,1669953526955,-6,01/12/2022 21:58:46,92237,21,task-bsko,,25622444,BLIND,7588880,,complete,,638974fc642773387b0fa186,mobile,Apple iPhone,iOS 15.6.1,Mobile Safari 15.6.1,414x896,800x364,,Audio Naming Task,26,Block 6-A,soundCheckPassed,6-A,6-A,219,145,2,Screen 2,Zone7,content_web_audio,3.0000000001164153,,,AUDIO PLAY REQUESTED,1,0,1,0,,,,,2,Trial (Quiet),a_subj41_f_bato_260.wav,none,a,,1,6-A,quiet,subj41,f,bato,260
1559,1669953528717,02/12/2022 03:58:48,1669953528275,-6,01/12/2022 21:58:48,92237,21,task-bsko,,25622444,BLIND,7588880,,complete,,638974fc642773387b0fa186,mobile,Apple iPhone,iOS 15.6.1,Mobile Safari 15.6.1,414x896,800x364,,Audio Naming Task,26,Block 6-A,soundCheckPassed,6-A,6-A,219,145,2,Screen 2,Zone1,response_button_text,1322,,,a,1,1,0,0,,,,,2,Trial (Quiet),a_subj41_f_bato_260.wav,none,a,,1,6-A,quiet,subj41,f,bato,260
1560,1669953529136,02/12/2022 03:58:49,1669953528635,-6,01/12/2022 21:58:48,92237,21,task-bsko,,25622444,BLIND,7588880,,complete,,638974fc642773387b0fa186,mobile,Apple iPhone,iOS 15.6.1,Mobile Safari 15.6.1,414x896,800x364,,Audio Naming Task,26,Block 6-A,soundCheckPassed,6-A,6-A,339,146,1,Screen 1,fixation,fixation,367,,,,,0,1,0,,,,,2,Trial (Quiet),o_subj28_f_toca_202.wav,none,o,,1,6-A,quiet,subj28,f,toca,202
1561,1669953529136,02/12/2022 03:58:49,1669953528652,-6,01/12/2022 21:58:48,92237,21,task-bsko,,25622444,BLIND,7588880,,complete,,638974fc642773387b0fa186,mobile,Apple iPhone,iOS 15.6.1,Mobile Safari 15.6.1,414x896,800x364,,Audio Naming Task,26,Block 6-A,soundCheckPassed,6-A,6-A,339,146,2,Screen 2,Zone6,content_web_audio,2.0000000001164153,,,AUDIO PLAY REQUESTED,1,0,1,0,,,,,2,Trial (Quiet),o_subj28_f_toca_202.wav,none,o,,1,6-A,quiet,subj28,f,toca,202
1562,1669953529136,02/12/2022 03:58:49,1669953528654,-6,01/12/2022 21:58:48,92237,21,task-bsko,,25622444,BLIND,7588880,,complete,,638974fc642773387b0fa186,mobile,Apple iPhone,iOS 15.6.1,Mobile Safari 15.6.1,414x896,800x364,,Audio Naming Task,26,Block 6-A,soundCheckPassed,6-A,6-A,339,146,2,Screen 2,Zone7,content_web_audio,4,,,AUDIO PLAY REQUESTED,1,0,1,0,,,,,2,Trial (Quiet),o_subj28_f_toca_202.wav,none,o,,1,6-A,quiet,subj28,f,toca,202
1563,1669953530458,02/12/2022 03:58:50,1669953530033,-6,01/12/2022 21:58:50,92237,21,task-bsko,,25622444,BLIND,7588880,,complete,,638974fc642773387b0fa186,mobile,Apple iPhone,iOS 15.6.1,Mobile Safari 15.6.1,414x896,800x364,,Audio Naming Task,26,Block 6-A,soundCheckPassed,6-A,6-A,339,146,2,Screen 2,Zone3,response_button_text,1383,,,o,1,1,0,0,,,,,2,Trial (Quiet),o_subj28_f_toca_202.wav,none,o,,1,6-A,quiet,subj28,f,toca,202
1564,1669953530873,02/12/2022 03:58:50,1669953530335,-6,01/12/2022 21:58:50,92237,21,task-bsko,,25622444,BLIND,7588880,,complete,,638974fc642773387b0fa186,mobile,Apple iPhone,iOS 15.6.1,Mobile Safari 15.6.1,414x896,800x364,,Audio Naming Task,26,Block 6-A,soundCheckPassed,6-A,6-A,375,147,1,Screen 1,fixation,fixation,334,,,,,0,1,0,,,,,2,Trial (Quiet),u_subj29_m_buque_100.wav,none,u,,1,6-A,quiet,subj29,m,buque,100
1565,1669953530873,02/12/2022 03:58:50,1669953530354,-6,01/12/2022 21:58:50,92237,21,task-bsko,,25622444,BLIND,7588880,,complete,,638974fc642773387b0fa186,mobile,Apple iPhone,iOS 15.6.1,Mobile Safari 15.6.1,414x896,800x364,,Audio Naming Task,26,Block 6-A,soundCheckPassed,6-A,6-A,375,147,2,Screen 2,Zone6,content_web_audio,2.0000000001164153,,,AUDIO PLAY REQUESTED,1,0,1,0,,,,,2,Trial (Quiet),u_subj29_m_buque_100.wav,none,u,,1,6-A,quiet,subj29,m,buque,100
1566,1669953530873,02/12/2022 03:58:50,1669953530356,-6,01/12/2022 21:58:50,92237,21,task-bsko,,25622444,BLIND,7588880,,complete,,638974fc642773387b0fa186,mobile,Apple iPhone,iOS 15.6.1,Mobile Safari 15.6.1,414x896,800x364,,Audio Naming Task,26,Block 6-A,soundCheckPassed,6-A,6-A,375,147,2,Screen 2,Zone7,content_web_audio,4,,,AUDIO PLAY REQUESTED,1,0,1,0,,,,,2,Trial (Quiet),u_subj29_m_buque_100.wav,none,u,,1,6-A,quiet,subj29,m,buque,100
1567,1669953531996,02/12/2022 03:58:51,1669953531551,-6,01/12/2022 21:58:51,92237,21,task-bsko,,25622444,BLIND,7588880,,complete,,638974fc642773387b0fa186,mobile,Apple iPhone,iOS 15.6.1,Mobile Safari 15.6.1,414x896,800x364,,Audio Naming Task,26,Block 6-A,soundCheckPassed,6-A,6-A,375,147,2,Screen 2,Zone2,response_button_text,1198,,,u,1,1,0,0,,,,,2,Trial (Quiet),u_subj29_m_buque_100.wav,none,u,,1,6-A,quiet,subj29,m,buque,100
1568,1669953532405,02/12/2022 03:58:52,1669953531902,-6,01/12/2022 21:58:51,92237,21,task-bsko,,25622444,BLIND,7588880,,complete,,638974fc642773387b0fa186,mobile,Apple iPhone,iOS 15.6.1,Mobile Safari 15.6.1,414x896,800x364,,Audio Naming Task,26,Block 6-A,soundCheckPassed,6-A,6-A,366,148,1,Screen 1,fixation,fixation,366,,,,,0,1,0,,,,,2,Trial (Quiet),u_subj75_m_buque_242.wav,none,u,,1,6-A,quiet,subj75,m,buque,242
1569,1669953532405,02/12/2022 03:58:52,1669953531919,-6,01/12/2022 21:58:51,92237,21,task-bsko,,25622444,BLIND,7588880,,complete,,638974fc642773387b0fa186,mobile,Apple iPhone,iOS 15.6.1,Mobile Safari 15.6.1,414x896,800x364,,Audio Naming Task,26,Block 6-A,soundCheckPassed,6-A,6-A,366,148,2,Screen 2,Zone6,content_web_audio,2,,,AUDIO PLAY REQUESTED,1,0,1,0,,,,,2,Trial (Quiet),u_subj75_m_buque_242.wav,none,u,,1,6-A,quiet,subj75,m,buque,242
1570,1669953532405,02/12/2022 03:58:52,1669953531921,-6,01/12/2022 21:58:51,92237,21,task-bsko,,25622444,BLIND,7588880,,complete,,638974fc642773387b0fa186,mobile,Apple iPhone,iOS 15.6.1,Mobile Safari 15.6.1,414x896,800x364,,Audio Naming Task,26,Block 6-A,soundCheckPassed,6-A,6-A,366,148,2,Screen 2,Zone7,content_web_audio,4,,,AUDIO PLAY REQUESTED,1,0,1,0,,,,,2,Trial (Quiet),u_subj75_m_buque_242.wav,none,u,,1,6-A,quiet,subj75,m,buque,242
1571,1669953533429,02/12/2022 03:58:53,1669953532901,-6,01/12/2022 21:58:52,92237,21,task-bsko,,25622444,BLIND,7588880,,complete,,638974fc642773387b0fa186,mobile,Apple iPhone,iOS 15.6.1,Mobile Safari 15.6.1,414x896,800x364,,Audio Naming Task,26,Block 6-A,soundCheckPassed,6-A,6-A,366,148,2,Screen 2,Zone2,response_button_text,983,,,u,1,1,0,0,,,,,2,Trial (Quiet),u_subj75_m_buque_242.wav,none,u,,1,6-A,quiet,subj75,m,buque,242
1572,1669953533816,02/12/2022 03:58:53,1669953533235,-6,01/12/2022 21:58:53,92237,21,task-bsko,,25622444,BLIND,7588880,,complete,,638974fc642773387b0fa186,mobile,Apple iPhone,iOS 15.6.1,Mobile Safari 15.6.1,414x896,800x364,,Audio Naming Task,26,Block 6-A,soundCheckPassed,6-A,6-A,238,149,1,Screen 1,fixation,fixation,367,,,,,0,1,0,,,,,2,Trial (Quiet),e_subj78_m_veto_128.wav,none,e,,1,6-A,quiet,subj78,m,veto,128
1573,1669953533816,02/12/2022 03:58:53,1669953533254,-6,01/12/2022 21:58:53,92237,21,task-bsko,,25622444,BLIND,7588880,,complete,,638974fc642773387b0fa186,mobile,Apple iPhone,iOS 15.6.1,Mobile Safari 15.6.1,414x896,800x364,,Audio Naming Task,26,Block 6-A,soundCheckPassed,6-A,6-A,238,149,2,Screen 2,Zone6,content_web_audio,2,,,AUDIO PLAY REQUESTED,1,0,1,0,,,,,2,Trial (Quiet),e_subj78_m_veto_128.wav,none,e,,1,6-A,quiet,subj78,m,veto,128
1574,1669953533816,02/12/2022 03:58:53,1669953533256,-6,01/12/2022 21:58:53,92237,21,task-bsko,,25622444,BLIND,7588880,,complete,,638974fc642773387b0fa186,mobile,Apple iPhone,iOS 15.6.1,Mobile Safari 15.6.1,414x896,800x364,,Audio Naming Task,26,Block 6-A,soundCheckPassed,6-A,6-A,238,149,2,Screen 2,Zone7,content_web_audio,4,,,AUDIO PLAY REQUESTED,1,0,1,0,,,,,2,Trial (Quiet),e_subj78_m_veto_128.wav,none,e,,1,6-A,quiet,subj78,m,veto,128
1575,1669953534785,02/12/2022 03:58:54,1669953534450,-6,01/12/2022 21:58:54,92237,21,task-bsko,,25622444,BLIND,7588880,,complete,,638974fc642773387b0fa186,mobile,Apple iPhone,iOS 15.6.1,Mobile Safari 15.6.1,414x896,800x364,,Audio Naming Task,26,Block 6-A,soundCheckPassed,6-A,6-A,238,149,2,Screen 2,Zone5,response_button_text,1197,,,e,1,1,0,0,,,,,2,Trial (Quiet),e_subj78_m_veto_128.wav,none,e,,1,6-A,quiet,subj78,m,veto,128
1576,1669953535228,02/12/2022 03:58:55,1669953534768,-6,01/12/2022 21:58:54,92237,21,task-bsko,,25622444,BLIND,7588880,,complete,,638974fc642773387b0fa186,mobile,Apple iPhone,iOS 15.6.1,Mobile Safari 15.6.1,414x896,800x364,,Audio Naming Task,26,Block 6-A,soundCheckPassed,6-A,6-A,287,150,1,Screen 1,fixation,fixation,334,,,,,0,1,0,,,,,2,Trial (Quiet),i_subj23_f_quito_255.wav,none,i,,1,6-A,quiet,subj23,f,quito,255
1577,1669953535491,02/12/2022 03:58:55,1669953534789,-6,01/12/2022 21:58:54,92237,21,task-bsko,,25622444,BLIND,7588880,,complete,,638974fc642773387b0fa186,mobile,Apple iPhone,iOS 15.6.1,Mobile Safari 15.6.1,414x896,800x364,,Audio Naming Task,26,Block 6-A,soundCheckPassed,6-A,6-A,287,150,2,Screen 2,Zone6,content_web_audio,1,,,AUDIO PLAY REQUESTED,1,0,1,0,,,,,2,Trial (Quiet),i_subj23_f_quito_255.wav,none,i,,1,6-A,quiet,subj23,f,quito,255
1578,1669953535491,02/12/2022 03:58:55,1669953534790,-6,01/12/2022 21:58:54,92237,21,task-bsko,,25622444,BLIND,7588880,,complete,,638974fc642773387b0fa186,mobile,Apple iPhone,iOS 15.6.1,Mobile Safari 15.6.1,414x896,800x364,,Audio Naming Task,26,Block 6-A,soundCheckPassed,6-A,6-A,287,150,2,Screen 2,Zone7,content_web_audio,3,,,AUDIO PLAY REQUESTED,1,0,1,0,,,,,2,Trial (Quiet),i_subj23_f_quito_255.wav,none,i,,1,6-A,quiet,subj23,f,quito,255
1579,1669953536294,02/12/2022 03:58:56,1669953535817,-6,01/12/2022 21:58:55,92237,21,task-bsko,,25622444,BLIND,7588880,,complete,,638974fc642773387b0fa186,mobile,Apple iPhone,iOS 15.6.1,Mobile Safari 15.6.1,414x896,800x364,,Audio Naming Task,26,Block 6-A,soundCheckPassed,6-A,6-A,287,150,2,Screen 2,Zone4,response_button_text,1029,,,i,1,1,0,0,,,,,2,Trial (Quiet),i_subj23_f_quito_255.wav,none,i,,1,6-A,quiet,subj23,f,quito,255
1580,1669953536680,02/12/2022 03:58:56,1669953536168,-6,01/12/2022 21:58:56,92237,21,task-bsko,,25622444,BLIND,7588880,,complete,,638974fc642773387b0fa186,mobile,Apple iPhone,iOS 15.6.1,Mobile Safari 15.6.1,414x896,800x364,,Audio Naming Task,26,Block 6-A,soundCheckPassed,6-A,6-A,202,151,1,Screen 1,fixation,fixation,367,,,,,0,1,0,,,,,2,Trial (Quiet),a_subj7_f_pate_257.wav,none,a,,1,6-A,quiet,subj7,f,pate,257
1581,1669953536680,02/12/2022 03:58:56,1669953536186,-6,01/12/2022 21:58:56,92237,21,task-bsko,,25622444,BLIND,7588880,,complete,,638974fc642773387b0fa186,mobile,Apple iPhone,iOS 15.6.1,Mobile Safari 15.6.1,414x896,800x364,,Audio Naming Task,26,Block 6-A,soundCheckPassed,6-A,6-A,202,151,2,Screen 2,Zone6,content_web_audio,1,,,AUDIO PLAY REQUESTED,1,0,1,0,,,,,2,Trial (Quiet),a_subj7_f_pate_257.wav,none,a,,1,6-A,quiet,subj7,f,pate,257
1582,1669953536680,02/12/2022 03:58:56,1669953536187,-6,01/12/2022 21:58:56,92237,21,task-bsko,,25622444,BLIND,7588880,,complete,,638974fc642773387b0fa186,mobile,Apple iPhone,iOS 15.6.1,Mobile Safari 15.6.1,414x896,800x364,,Audio Naming Task,26,Block 6-A,soundCheckPassed,6-A,6-A,202,151,2,Screen 2,Zone7,content_web_audio,3,,,AUDIO PLAY REQUESTED,1,0,1,0,,,,,2,Trial (Quiet),a_subj7_f_pate_257.wav,none,a,,1,6-A,quiet,subj7,f,pate,257
1583,1669953537833,02/12/2022 03:58:57,1669953537292,-6,01/12/2022 21:58:57,92237,21,task-bsko,,25622444,BLIND,7588880,,complete,,638974fc642773387b0fa186,mobile,Apple iPhone,iOS 15.6.1,Mobile Safari 15.6.1,414x896,800x364,,Audio Naming Task,26,Block 6-A,soundCheckPassed,6-A,6-A,202,151,2,Screen 2,Zone1,response_button_text,1107,,,a,1,1,0,0,,,,,2,Trial (Quiet),a_subj7_f_pate_257.wav,none,a,,1,6-A,quiet,subj7,f,pate,257
1584,1669953538226,02/12/2022 03:58:58,1669953537644,-6,01/12/2022 21:58:57,92237,21,task-bsko,,25622444,BLIND,7588880,,complete,,638974fc642773387b0fa186,mobile,Apple iPhone,iOS 15.6.1,Mobile Safari 15.6.1,414x896,800x364,,Audio Naming Task,26,Block 6-A,soundCheckPassed,6-A,6-A,207,152,1,Screen 1,fixation,fixation,366,,,,,0,1,0,,,,,2,Trial (Quiet),a_subj41_f_vate_172.wav,none,a,,1,6-A,quiet,subj41,f,vate,172
1585,1669953538226,02/12/2022 03:58:58,1669953537661,-6,01/12/2022 21:58:57,92237,21,task-bsko,,25622444,BLIND,7588880,,complete,,638974fc642773387b0fa186,mobile,Apple iPhone,iOS 15.6.1,Mobile Safari 15.6.1,414x896,800x364,,Audio Naming Task,26,Block 6-A,soundCheckPassed,6-A,6-A,207,152,2,Screen 2,Zone6,content_web_audio,2,,,AUDIO PLAY REQUESTED,1,0,1,0,,,,,2,Trial (Quiet),a_subj41_f_vate_172.wav,none,a,,1,6-A,quiet,subj41,f,vate,172
1586,1669953538226,02/12/2022 03:58:58,1669953537663,-6,01/12/2022 21:58:57,92237,21,task-bsko,,25622444,BLIND,7588880,,complete,,638974fc642773387b0fa186,mobile,Apple iPhone,iOS 15.6.1,Mobile Safari 15.6.1,414x896,800x364,,Audio Naming Task,26,Block 6-A,soundCheckPassed,6-A,6-A,207,152,2,Screen 2,Zone7,content_web_audio,3,,,AUDIO PLAY REQUESTED,1,0,1,0,,,,,2,Trial (Quiet),a_subj41_f_vate_172.wav,none,a,,1,6-A,quiet,subj41,f,vate,172
1587,1669953539388,02/12/2022 03:58:59,1669953538834,-6,01/12/2022 21:58:58,92237,21,task-bsko,,25622444,BLIND,7588880,,complete,,638974fc642773387b0fa186,mobile,Apple iPhone,iOS 15.6.1,Mobile Safari 15.6.1,414x896,800x364,,Audio Naming Task,26,Block 6-A,soundCheckPassed,6-A,6-A,207,152,2,Screen 2,Zone1,response_button_text,1174,,,a,1,1,0,0,,,,,2,Trial (Quiet),a_subj41_f_vate_172.wav,none,a,,1,6-A,quiet,subj41,f,vate,172
1588,1669953539782,02/12/2022 03:58:59,1669953539169,-6,01/12/2022 21:58:59,92237,21,task-bsko,,25622444,BLIND,7588880,,complete,,638974fc642773387b0fa186,mobile,Apple iPhone,iOS 15.6.1,Mobile Safari 15.6.1,414x896,800x364,,Audio Naming Task,26,Block 6-A,soundCheckPassed,6-A,6-A,389,153,1,Screen 1,fixation,fixation,367,,,,,0,1,0,,,,,2,Trial (Quiet),u_subj8_f_cuco_154.wav,none,u,,1,6-A,quiet,subj8,f,cuco,154
1589,1669953539782,02/12/2022 03:58:59,1669953539187,-6,01/12/2022 21:58:59,92237,21,task-bsko,,25622444,BLIND,7588880,,complete,,638974fc642773387b0fa186,mobile,Apple iPhone,iOS 15.6.1,Mobile Safari 15.6.1,414x896,800x364,,Audio Naming Task,26,Block 6-A,soundCheckPassed,6-A,6-A,389,153,2,Screen 2,Zone6,content_web_audio,2,,,AUDIO PLAY REQUESTED,1,0,1,0,,,,,2,Trial (Quiet),u_subj8_f_cuco_154.wav,none,u,,1,6-A,quiet,subj8,f,cuco,154
1590,1669953539782,02/12/2022 03:58:59,1669953539189,-6,01/12/2022 21:58:59,92237,21,task-bsko,,25622444,BLIND,7588880,,complete,,638974fc642773387b0fa186,mobile,Apple iPhone,iOS 15.6.1,Mobile Safari 15.6.1,414x896,800x364,,Audio Naming Task,26,Block 6-A,soundCheckPassed,6-A,6-A,389,153,2,Screen 2,Zone7,content_web_audio,3,,,AUDIO PLAY REQUESTED,1,0,1,0,,,,,2,Trial (Quiet),u_subj8_f_cuco_154.wav,none,u,,1,6-A,quiet,subj8,f,cuco,154
1591,1669953540803,02/12/2022 03:59:00,1669953540375,-6,01/12/2022 21:59:00,92237,21,task-bsko,,25622444,BLIND,7588880,,complete,,638974fc642773387b0fa186,mobile,Apple iPhone,iOS 15.6.1,Mobile Safari 15.6.1,414x896,800x364,,Audio Naming Task,26,Block 6-A,soundCheckPassed,6-A,6-A,389,153,2,Screen 2,Zone2,response_button_text,1189,,,u,1,1,0,0,,,,,2,Trial (Quiet),u_subj8_f_cuco_154.wav,none,u,,1,6-A,quiet,subj8,f,cuco,154
1592,1669953541193,02/12/2022 03:59:01,1669953540735,-6,01/12/2022 21:59:00,92237,21,task-bsko,,25622444,BLIND,7588880,,complete,,638974fc642773387b0fa186,mobile,Apple iPhone,iOS 15.6.1,Mobile Safari 15.6.1,414x896,800x364,,Audio Naming Task,26,Block 6-A,soundCheckPassed,6-A,6-A,274,154,1,Screen 1,fixation,fixation,366,,,,,0,1,0,,,,,2,Trial (Quiet),e_subj16_f_seque_275.wav,none,e,,1,6-A,quiet,subj16,f,seque,275
1593,1669953541372,02/12/2022 03:59:01,1669953540754,-6,01/12/2022 21:59:00,92237,21,task-bsko,,25622444,BLIND,7588880,,complete,,638974fc642773387b0fa186,mobile,Apple iPhone,iOS 15.6.1,Mobile Safari 15.6.1,414x896,800x364,,Audio Naming Task,26,Block 6-A,soundCheckPassed,6-A,6-A,274,154,2,Screen 2,Zone6,content_web_audio,1.0000000001164153,,,AUDIO PLAY REQUESTED,1,0,1,0,,,,,2,Trial (Quiet),e_subj16_f_seque_275.wav,none,e,,1,6-A,quiet,subj16,f,seque,275
1594,1669953541372,02/12/2022 03:59:01,1669953540755,-6,01/12/2022 21:59:00,92237,21,task-bsko,,25622444,BLIND,7588880,,complete,,638974fc642773387b0fa186,mobile,Apple iPhone,iOS 15.6.1,Mobile Safari 15.6.1,414x896,800x364,,Audio Naming Task,26,Block 6-A,soundCheckPassed,6-A,6-A,274,154,2,Screen 2,Zone7,content_web_audio,3,,,AUDIO PLAY REQUESTED,1,0,1,0,,,,,2,Trial (Quiet),e_subj16_f_seque_275.wav,none,e,,1,6-A,quiet,subj16,f,seque,275
1595,1669953542333,02/12/2022 03:59:02,1669953541859,-6,01/12/2022 21:59:01,92237,21,task-bsko,,25622444,BLIND,7588880,,complete,,638974fc642773387b0fa186,mobile,Apple iPhone,iOS 15.6.1,Mobile Safari 15.6.1,414x896,800x364,,Audio Naming Task,26,Block 6-A,soundCheckPassed,6-A,6-A,274,154,2,Screen 2,Zone5,response_button_text,1106,,,e,1,1,0,0,,,,,2,Trial (Quiet),e_subj16_f_seque_275.wav,none,e,,1,6-A,quiet,subj16,f,seque,275
1596,1669953542728,02/12/2022 03:59:02,1669953542202,-6,01/12/2022 21:59:02,92237,21,task-bsko,,25622444,BLIND,7588880,,complete,,638974fc642773387b0fa186,mobile,Apple iPhone,iOS 15.6.1,Mobile Safari 15.6.1,414x896,800x364,,Audio Naming Task,26,Block 6-A,soundCheckPassed,6-A,6-A,264,155,1,Screen 1,fixation,fixation,367,,,,,0,1,0,,,,,2,Trial (Quiet),e_subj37_f_seso_224.wav,none,e,,1,6-A,quiet,subj37,f,seso,224
1597,1669953542728,02/12/2022 03:59:02,1669953542219,-6,01/12/2022 21:59:02,92237,21,task-bsko,,25622444,BLIND,7588880,,complete,,638974fc642773387b0fa186,mobile,Apple iPhone,iOS 15.6.1,Mobile Safari 15.6.1,414x896,800x364,,Audio Naming Task,26,Block 6-A,soundCheckPassed,6-A,6-A,264,155,2,Screen 2,Zone6,content_web_audio,2,,,AUDIO PLAY REQUESTED,1,0,1,0,,,,,2,Trial (Quiet),e_subj37_f_seso_224.wav,none,e,,1,6-A,quiet,subj37,f,seso,224
1598,1669953542728,02/12/2022 03:59:02,1669953542220,-6,01/12/2022 21:59:02,92237,21,task-bsko,,25622444,BLIND,7588880,,complete,,638974fc642773387b0fa186,mobile,Apple iPhone,iOS 15.6.1,Mobile Safari 15.6.1,414x896,800x364,,Audio Naming Task,26,Block 6-A,soundCheckPassed,6-A,6-A,264,155,2,Screen 2,Zone7,content_web_audio,3,,,AUDIO PLAY REQUESTED,1,0,1,0,,,,,2,Trial (Quiet),e_subj37_f_seso_224.wav,none,e,,1,6-A,quiet,subj37,f,seso,224
1599,1669953543874,02/12/2022 03:59:03,1669953543442,-6,01/12/2022 21:59:03,92237,21,task-bsko,,25622444,BLIND,7588880,,complete,,638974fc642773387b0fa186,mobile,Apple iPhone,iOS 15.6.1,Mobile Safari 15.6.1,414x896,800x364,,Audio Naming Task,26,Block 6-A,soundCheckPassed,6-A,6-A,264,155,2,Screen 2,Zone5,response_button_text,1225,,,e,1,1,0,0,,,,,2,Trial (Quiet),e_subj37_f_seso_224.wav,none,e,,1,6-A,quiet,subj37,f,seso,224
1600,1669953544246,02/12/2022 03:59:04,1669953543802,-6,01/12/2022 21:59:03,92237,21,task-bsko,,25622444,BLIND,7588880,,complete,,638974fc642773387b0fa186,mobile,Apple iPhone,iOS 15.6.1,Mobile Safari 15.6.1,414x896,800x364,,Audio Naming Task,26,Block 6-A,soundCheckPassed,6-A,6-A,373,156,1,Screen 1,fixation,fixation,367,,,,,0,1,0,,,,,2,Trial (Quiet),u_subj70_m_tusa_313.wav,none,u,,1,6-A,quiet,subj70,m,tusa,313
1601,1669953544442,02/12/2022 03:59:04,1669953543821,-6,01/12/2022 21:59:03,92237,21,task-bsko,,25622444,BLIND,7588880,,complete,,638974fc642773387b0fa186,mobile,Apple iPhone,iOS 15.6.1,Mobile Safari 15.6.1,414x896,800x364,,Audio Naming Task,26,Block 6-A,soundCheckPassed,6-A,6-A,373,156,2,Screen 2,Zone6,content_web_audio,1,,,AUDIO PLAY REQUESTED,1,0,1,0,,,,,2,Trial (Quiet),u_subj70_m_tusa_313.wav,none,u,,1,6-A,quiet,subj70,m,tusa,313
1602,1669953544442,02/12/2022 03:59:04,1669953543822,-6,01/12/2022 21:59:03,92237,21,task-bsko,,25622444,BLIND,7588880,,complete,,638974fc642773387b0fa186,mobile,Apple iPhone,iOS 15.6.1,Mobile Safari 15.6.1,414x896,800x364,,Audio Naming Task,26,Block 6-A,soundCheckPassed,6-A,6-A,373,156,2,Screen 2,Zone7,content_web_audio,3,,,AUDIO PLAY REQUESTED,1,0,1,0,,,,,2,Trial (Quiet),u_subj70_m_tusa_313.wav,none,u,,1,6-A,quiet,subj70,m,tusa,313
1603,1669953545726,02/12/2022 03:59:05,1669953545209,-6,01/12/2022 21:59:05,92237,21,task-bsko,,25622444,BLIND,7588880,,complete,,638974fc642773387b0fa186,mobile,Apple iPhone,iOS 15.6.1,Mobile Safari 15.6.1,414x896,800x364,,Audio Naming Task,26,Block 6-A,soundCheckPassed,6-A,6-A,373,156,2,Screen 2,Zone2,response_button_text,1388,,,u,1,1,0,0,,,,,2,Trial (Quiet),u_subj70_m_tusa_313.wav,none,u,,1,6-A,quiet,subj70,m,tusa,313
1604,1669953546112,02/12/2022 03:59:06,1669953545569,-6,01/12/2022 21:59:05,92237,21,task-bsko,,25622444,BLIND,7588880,,complete,,638974fc642773387b0fa186,mobile,Apple iPhone,iOS 15.6.1,Mobile Safari 15.6.1,414x896,800x364,,Audio Naming Task,26,Block 6-A,soundCheckPassed,6-A,6-A,342,157,1,Screen 1,fixation,fixation,367,,,,,0,1,0,,,,,2,Trial (Quiet),o_subj70_m_bota_148.wav,none,o,,1,6-A,quiet,subj70,m,bota,148
1605,1669953546112,02/12/2022 03:59:06,1669953545586,-6,01/12/2022 21:59:05,92237,21,task-bsko,,25622444,BLIND,7588880,,complete,,638974fc642773387b0fa186,mobile,Apple iPhone,iOS 15.6.1,Mobile Safari 15.6.1,414x896,800x364,,Audio Naming Task,26,Block 6-A,soundCheckPassed,6-A,6-A,342,157,2,Screen 2,Zone6,content_web_audio,2,,,AUDIO PLAY REQUESTED,1,0,1,0,,,,,2,Trial (Quiet),o_subj70_m_bota_148.wav,none,o,,1,6-A,quiet,subj70,m,bota,148
1606,1669953546112,02/12/2022 03:59:06,1669953545587,-6,01/12/2022 21:59:05,92237,21,task-bsko,,25622444,BLIND,7588880,,complete,,638974fc642773387b0fa186,mobile,Apple iPhone,iOS 15.6.1,Mobile Safari 15.6.1,414x896,800x364,,Audio Naming Task,26,Block 6-A,soundCheckPassed,6-A,6-A,342,157,2,Screen 2,Zone7,content_web_audio,4,,,AUDIO PLAY REQUESTED,1,0,1,0,,,,,2,Trial (Quiet),o_subj70_m_bota_148.wav,none,o,,1,6-A,quiet,subj70,m,bota,148
1607,1669953547459,02/12/2022 03:59:07,1669953546909,-6,01/12/2022 21:59:06,92237,21,task-bsko,,25622444,BLIND,7588880,,complete,,638974fc642773387b0fa186,mobile,Apple iPhone,iOS 15.6.1,Mobile Safari 15.6.1,414x896,800x364,,Audio Naming Task,26,Block 6-A,soundCheckPassed,6-A,6-A,342,157,2,Screen 2,Zone3,response_button_text,1324.0000000001164,,,o,1,1,0,0,,,,,2,Trial (Quiet),o_subj70_m_bota_148.wav,none,o,,1,6-A,quiet,subj70,m,bota,148
1608,1669953547822,02/12/2022 03:59:07,1669953547268,-6,01/12/2022 21:59:07,92237,21,task-bsko,,25622444,BLIND,7588880,,complete,,638974fc642773387b0fa186,mobile,Apple iPhone,iOS 15.6.1,Mobile Safari 15.6.1,414x896,800x364,,Audio Naming Task,26,Block 6-A,soundCheckPassed,6-A,6-A,286,158,1,Screen 1,fixation,fixation,366,,,,,0,1,0,,,,,2,Trial (Quiet),i_subj48_f_quita_176.wav,none,i,,1,6-A,quiet,subj48,f,quita,176
1609,1669953547822,02/12/2022 03:59:07,1669953547285,-6,01/12/2022 21:59:07,92237,21,task-bsko,,25622444,BLIND,7588880,,complete,,638974fc642773387b0fa186,mobile,Apple iPhone,iOS 15.6.1,Mobile Safari 15.6.1,414x896,800x364,,Audio Naming Task,26,Block 6-A,soundCheckPassed,6-A,6-A,286,158,2,Screen 2,Zone6,content_web_audio,2,,,AUDIO PLAY REQUESTED,1,0,1,0,,,,,2,Trial (Quiet),i_subj48_f_quita_176.wav,none,i,,1,6-A,quiet,subj48,f,quita,176
1610,1669953547822,02/12/2022 03:59:07,1669953547287,-6,01/12/2022 21:59:07,92237,21,task-bsko,,25622444,BLIND,7588880,,complete,,638974fc642773387b0fa186,mobile,Apple iPhone,iOS 15.6.1,Mobile Safari 15.6.1,414x896,800x364,,Audio Naming Task,26,Block 6-A,soundCheckPassed,6-A,6-A,286,158,2,Screen 2,Zone7,content_web_audio,3,,,AUDIO PLAY REQUESTED,1,0,1,0,,,,,2,Trial (Quiet),i_subj48_f_quita_176.wav,none,i,,1,6-A,quiet,subj48,f,quita,176
1611,1669953548685,02/12/2022 03:59:08,1669953548217,-6,01/12/2022 21:59:08,92237,21,task-bsko,,25622444,BLIND,7588880,,complete,,638974fc642773387b0fa186,mobile,Apple iPhone,iOS 15.6.1,Mobile Safari 15.6.1,414x896,800x364,,Audio Naming Task,26,Block 6-A,soundCheckPassed,6-A,6-A,286,158,2,Screen 2,Zone4,response_button_text,932,,,i,1,1,0,0,,,,,2,Trial (Quiet),i_subj48_f_quita_176.wav,none,i,,1,6-A,quiet,subj48,f,quita,176
1612,1669953549077,02/12/2022 03:59:09,1669953548568,-6,01/12/2022 21:59:08,92237,21,task-bsko,,25622444,BLIND,7588880,,complete,,638974fc642773387b0fa186,mobile,Apple iPhone,iOS 15.6.1,Mobile Safari 15.6.1,414x896,800x364,,Audio Naming Task,26,Block 6-A,soundCheckPassed,6-A,6-A,315,159,1,Screen 1,fixation,fixation,366,,,,,0,1,0,,,,,2,Trial (Quiet),i_subj3_m_pico_250.wav,none,i,,1,6-A,quiet,subj3,m,pico,250
1613,1669953549077,02/12/2022 03:59:09,1669953548587,-6,01/12/2022 21:59:08,92237,21,task-bsko,,25622444,BLIND,7588880,,complete,,638974fc642773387b0fa186,mobile,Apple iPhone,iOS 15.6.1,Mobile Safari 15.6.1,414x896,800x364,,Audio Naming Task,26,Block 6-A,soundCheckPassed,6-A,6-A,315,159,2,Screen 2,Zone6,content_web_audio,2,,,AUDIO PLAY REQUESTED,1,0,1,0,,,,,2,Trial (Quiet),i_subj3_m_pico_250.wav,none,i,,1,6-A,quiet,subj3,m,pico,250
1614,1669953549077,02/12/2022 03:59:09,1669953548588,-6,01/12/2022 21:59:08,92237,21,task-bsko,,25622444,BLIND,7588880,,complete,,638974fc642773387b0fa186,mobile,Apple iPhone,iOS 15.6.1,Mobile Safari 15.6.1,414x896,800x364,,Audio Naming Task,26,Block 6-A,soundCheckPassed,6-A,6-A,315,159,2,Screen 2,Zone7,content_web_audio,3,,,AUDIO PLAY REQUESTED,1,0,1,0,,,,,2,Trial (Quiet),i_subj3_m_pico_250.wav,none,i,,1,6-A,quiet,subj3,m,pico,250
1615,1669953550122,02/12/2022 03:59:10,1669953549734,-6,01/12/2022 21:59:09,92237,21,task-bsko,,25622444,BLIND,7588880,,complete,,638974fc642773387b0fa186,mobile,Apple iPhone,iOS 15.6.1,Mobile Safari 15.6.1,414x896,800x364,,Audio Naming Task,26,Block 6-A,soundCheckPassed,6-A,6-A,315,159,2,Screen 2,Zone4,response_button_text,1148,,,i,1,1,0,0,,,,,2,Trial (Quiet),i_subj3_m_pico_250.wav,none,i,,1,6-A,quiet,subj3,m,pico,250
1616,1669953550512,02/12/2022 03:59:10,1669953550068,-6,01/12/2022 21:59:10,92237,21,task-bsko,,25622444,BLIND,7588880,,complete,,638974fc642773387b0fa186,mobile,Apple iPhone,iOS 15.6.1,Mobile Safari 15.6.1,414x896,800x364,,Audio Naming Task,26,Block 6-A,soundCheckPassed,6-A,6-A,226,160,1,Screen 1,fixation,fixation,366,,,,,0,1,0,,,,,2,Trial (Quiet),a_subj11_m_saque_61.wav,none,a,,1,6-A,quiet,subj11,m,saque,61
1617,1669953550741,02/12/2022 03:59:10,1669953550088,-6,01/12/2022 21:59:10,92237,21,task-bsko,,25622444,BLIND,7588880,,complete,,638974fc642773387b0fa186,mobile,Apple iPhone,iOS 15.6.1,Mobile Safari 15.6.1,414x896,800x364,,Audio Naming Task,26,Block 6-A,soundCheckPassed,6-A,6-A,226,160,2,Screen 2,Zone6,content_web_audio,1,,,AUDIO PLAY REQUESTED,1,0,1,0,,,,,2,Trial (Quiet),a_subj11_m_saque_61.wav,none,a,,1,6-A,quiet,subj11,m,saque,61
1618,1669953550741,02/12/2022 03:59:10,1669953550089,-6,01/12/2022 21:59:10,92237,21,task-bsko,,25622444,BLIND,7588880,,complete,,638974fc642773387b0fa186,mobile,Apple iPhone,iOS 15.6.1,Mobile Safari 15.6.1,414x896,800x364,,Audio Naming Task,26,Block 6-A,soundCheckPassed,6-A,6-A,226,160,2,Screen 2,Zone7,content_web_audio,3,,,AUDIO PLAY REQUESTED,1,0,1,0,,,,,2,Trial (Quiet),a_subj11_m_saque_61.wav,none,a,,1,6-A,quiet,subj11,m,saque,61
1619,1669953551622,02/12/2022 03:59:11,1669953551350,-6,01/12/2022 21:59:11,92237,21,task-bsko,,25622444,BLIND,7588880,,complete,,638974fc642773387b0fa186,mobile,Apple iPhone,iOS 15.6.1,Mobile Safari 15.6.1,414x896,800x364,,Audio Naming Task,26,Block 6-A,soundCheckPassed,6-A,6-A,226,160,2,Screen 2,Zone1,response_button_text,1263.0000000001164,,,a,1,1,0,0,,,,,2,Trial (Quiet),a_subj11_m_saque_61.wav,none,a,,1,6-A,quiet,subj11,m,saque,61
1620,1669953552161,02/12/2022 03:59:12,1669953551702,-6,01/12/2022 21:59:11,92237,21,task-bsko,,25622444,BLIND,7588880,,complete,,638974fc642773387b0fa186,mobile,Apple iPhone,iOS 15.6.1,Mobile Safari 15.6.1,414x896,800x364,,Audio Naming Task,26,Block 6-A,soundCheckPassed,6-A,6-A,330,161,1,Screen 1,fixation,fixation,367,,,,,0,1,0,,,,,2,Trial (Quiet),o_subj46_f_cosa_114.wav,none,o,,1,6-A,quiet,subj46,f,cosa,114
1621,1669953552345,02/12/2022 03:59:12,1669953551722,-6,01/12/2022 21:59:11,92237,21,task-bsko,,25622444,BLIND,7588880,,complete,,638974fc642773387b0fa186,mobile,Apple iPhone,iOS 15.6.1,Mobile Safari 15.6.1,414x896,800x364,,Audio Naming Task,26,Block 6-A,soundCheckPassed,6-A,6-A,330,161,2,Screen 2,Zone6,content_web_audio,2,,,AUDIO PLAY REQUESTED,1,0,1,0,,,,,2,Trial (Quiet),o_subj46_f_cosa_114.wav,none,o,,1,6-A,quiet,subj46,f,cosa,114
1622,1669953552345,02/12/2022 03:59:12,1669953551723,-6,01/12/2022 21:59:11,92237,21,task-bsko,,25622444,BLIND,7588880,,complete,,638974fc642773387b0fa186,mobile,Apple iPhone,iOS 15.6.1,Mobile Safari 15.6.1,414x896,800x364,,Audio Naming Task,26,Block 6-A,soundCheckPassed,6-A,6-A,330,161,2,Screen 2,Zone7,content_web_audio,4,,,AUDIO PLAY REQUESTED,1,0,1,0,,,,,2,Trial (Quiet),o_subj46_f_cosa_114.wav,none,o,,1,6-A,quiet,subj46,f,cosa,114
1623,1669953553299,02/12/2022 03:59:13,1669953552858,-6,01/12/2022 21:59:12,92237,21,task-bsko,,25622444,BLIND,7588880,,complete,,638974fc642773387b0fa186,mobile,Apple iPhone,iOS 15.6.1,Mobile Safari 15.6.1,414x896,800x364,,Audio Naming Task,26,Block 6-A,soundCheckPassed,6-A,6-A,330,161,2,Screen 2,Zone3,response_button_text,1138,,,o,1,1,0,0,,,,,2,Trial (Quiet),o_subj46_f_cosa_114.wav,none,o,,1,6-A,quiet,subj46,f,cosa,114
1624,1669953553684,02/12/2022 03:59:13,1669953553201,-6,01/12/2022 21:59:13,92237,21,task-bsko,,25622444,BLIND,7588880,,complete,,638974fc642773387b0fa186,mobile,Apple iPhone,iOS 15.6.1,Mobile Safari 15.6.1,414x896,800x364,,Audio Naming Task,26,Block 6-A,soundCheckPassed,6-A,6-A,387,162,1,Screen 1,fixation,fixation,367,,,,,0,1,0,,,,,2,Trial (Quiet),u_subj41_f_puso_164.wav,none,u,,1,6-A,quiet,subj41,f,puso,164
1625,1669953553684,02/12/2022 03:59:13,1669953553219,-6,01/12/2022 21:59:13,92237,21,task-bsko,,25622444,BLIND,7588880,,complete,,638974fc642773387b0fa186,mobile,Apple iPhone,iOS 15.6.1,Mobile Safari 15.6.1,414x896,800x364,,Audio Naming Task,26,Block 6-A,soundCheckPassed,6-A,6-A,387,162,2,Screen 2,Zone6,content_web_audio,2,,,AUDIO PLAY REQUESTED,1,0,1,0,,,,,2,Trial (Quiet),u_subj41_f_puso_164.wav,none,u,,1,6-A,quiet,subj41,f,puso,164
1626,1669953553684,02/12/2022 03:59:13,1669953553220,-6,01/12/2022 21:59:13,92237,21,task-bsko,,25622444,BLIND,7588880,,complete,,638974fc642773387b0fa186,mobile,Apple iPhone,iOS 15.6.1,Mobile Safari 15.6.1,414x896,800x364,,Audio Naming Task,26,Block 6-A,soundCheckPassed,6-A,6-A,387,162,2,Screen 2,Zone7,content_web_audio,3,,,AUDIO PLAY REQUESTED,1,0,1,0,,,,,2,Trial (Quiet),u_subj41_f_puso_164.wav,none,u,,1,6-A,quiet,subj41,f,puso,164
1627,1669953555072,02/12/2022 03:59:15,1669953554575,-6,01/12/2022 21:59:14,92237,21,task-bsko,,25622444,BLIND,7588880,,complete,,638974fc642773387b0fa186,mobile,Apple iPhone,iOS 15.6.1,Mobile Safari 15.6.1,414x896,800x364,,Audio Naming Task,26,Block 6-A,soundCheckPassed,6-A,6-A,387,162,2,Screen 2,Zone2,response_button_text,1358,,,u,1,1,0,0,,,,,2,Trial (Quiet),u_subj41_f_puso_164.wav,none,u,,1,6-A,quiet,subj41,f,puso,164
1628,1669953555479,02/12/2022 03:59:15,1669953554935,-6,01/12/2022 21:59:14,92237,21,task-bsko,,25622444,BLIND,7588880,,complete,,638974fc642773387b0fa186,mobile,Apple iPhone,iOS 15.6.1,Mobile Safari 15.6.1,414x896,800x364,,Audio Naming Task,26,Block 6-A,soundCheckPassed,6-A,6-A,382,163,1,Screen 1,fixation,fixation,367,,,,,0,1,0,,,,,2,Trial (Quiet),u_subj17_f_pura_195.wav,none,u,,1,6-A,quiet,subj17,f,pura,195
1629,1669953555479,02/12/2022 03:59:15,1669953554952,-6,01/12/2022 21:59:14,92237,21,task-bsko,,25622444,BLIND,7588880,,complete,,638974fc642773387b0fa186,mobile,Apple iPhone,iOS 15.6.1,Mobile Safari 15.6.1,414x896,800x364,,Audio Naming Task,26,Block 6-A,soundCheckPassed,6-A,6-A,382,163,2,Screen 2,Zone6,content_web_audio,1.9999999998835847,,,AUDIO PLAY REQUESTED,1,0,1,0,,,,,2,Trial (Quiet),u_subj17_f_pura_195.wav,none,u,,1,6-A,quiet,subj17,f,pura,195
1630,1669953555479,02/12/2022 03:59:15,1669953554954,-6,01/12/2022 21:59:14,92237,21,task-bsko,,25622444,BLIND,7588880,,complete,,638974fc642773387b0fa186,mobile,Apple iPhone,iOS 15.6.1,Mobile Safari 15.6.1,414x896,800x364,,Audio Naming Task,26,Block 6-A,soundCheckPassed,6-A,6-A,382,163,2,Screen 2,Zone7,content_web_audio,2.9999999998835847,,,AUDIO PLAY REQUESTED,1,0,1,0,,,,,2,Trial (Quiet),u_subj17_f_pura_195.wav,none,u,,1,6-A,quiet,subj17,f,pura,195
1631,1669953556876,02/12/2022 03:59:16,1669953556325,-6,01/12/2022 21:59:16,92237,21,task-bsko,,25622444,BLIND,7588880,,complete,,638974fc642773387b0fa186,mobile,Apple iPhone,iOS 15.6.1,Mobile Safari 15.6.1,414x896,800x364,,Audio Naming Task,26,Block 6-A,soundCheckPassed,6-A,6-A,382,163,2,Screen 2,Zone2,response_button_text,1372.9999999998836,,,u,1,1,0,0,,,,,2,Trial (Quiet),u_subj17_f_pura_195.wav,none,u,,1,6-A,quiet,subj17,f,pura,195
1632,1669953557251,02/12/2022 03:59:17,1669953556637,-6,01/12/2022 21:59:16,92237,21,task-bsko,,25622444,BLIND,7588880,,complete,,638974fc642773387b0fa186,mobile,Apple iPhone,iOS 15.6.1,Mobile Safari 15.6.1,414x896,800x364,,Audio Naming Task,26,Block 6-A,soundCheckPassed,6-A,6-A,343,164,1,Screen 1,fixation,fixation,336,,,,,0,1,0,,,,,2,Trial (Quiet),o_subj29_m_bota_87.wav,none,o,,1,6-A,quiet,subj29,m,bota,87
1633,1669953557251,02/12/2022 03:59:17,1669953556655,-6,01/12/2022 21:59:16,92237,21,task-bsko,,25622444,BLIND,7588880,,complete,,638974fc642773387b0fa186,mobile,Apple iPhone,iOS 15.6.1,Mobile Safari 15.6.1,414x896,800x364,,Audio Naming Task,26,Block 6-A,soundCheckPassed,6-A,6-A,343,164,2,Screen 2,Zone6,content_web_audio,1.9999999998835847,,,AUDIO PLAY REQUESTED,1,0,1,0,,,,,2,Trial (Quiet),o_subj29_m_bota_87.wav,none,o,,1,6-A,quiet,subj29,m,bota,87
1634,1669953557251,02/12/2022 03:59:17,1669953556656,-6,01/12/2022 21:59:16,92237,21,task-bsko,,25622444,BLIND,7588880,,complete,,638974fc642773387b0fa186,mobile,Apple iPhone,iOS 15.6.1,Mobile Safari 15.6.1,414x896,800x364,,Audio Naming Task,26,Block 6-A,soundCheckPassed,6-A,6-A,343,164,2,Screen 2,Zone7,content_web_audio,2.9999999998835847,,,AUDIO PLAY REQUESTED,1,0,1,0,,,,,2,Trial (Quiet),o_subj29_m_bota_87.wav,none,o,,1,6-A,quiet,subj29,m,bota,87
1635,1669953558424,02/12/2022 03:59:18,1669953557958,-6,01/12/2022 21:59:17,92237,21,task-bsko,,25622444,BLIND,7588880,,complete,,638974fc642773387b0fa186,mobile,Apple iPhone,iOS 15.6.1,Mobile Safari 15.6.1,414x896,800x364,,Audio Naming Task,26,Block 6-A,soundCheckPassed,6-A,6-A,343,164,2,Screen 2,Zone3,response_button_text,1304.9999999998836,,,o,1,1,0,0,,,,,2,Trial (Quiet),o_subj29_m_bota_87.wav,none,o,,1,6-A,quiet,subj29,m,bota,87
1636,1669953558816,02/12/2022 03:59:18,1669953558301,-6,01/12/2022 21:59:18,92237,21,task-bsko,,25622444,BLIND,7588880,,complete,,638974fc642773387b0fa186,mobile,Apple iPhone,iOS 15.6.1,Mobile Safari 15.6.1,414x896,800x364,,Audio Naming Task,26,Block 6-A,soundCheckPassed,6-A,6-A,218,165,1,Screen 1,fixation,fixation,366,,,,,0,1,0,,,,,2,Trial (Quiet),a_subj41_f_saca_202.wav,none,a,,1,6-A,quiet,subj41,f,saca,202
1637,1669953558816,02/12/2022 03:59:18,1669953558319,-6,01/12/2022 21:59:18,92237,21,task-bsko,,25622444,BLIND,7588880,,complete,,638974fc642773387b0fa186,mobile,Apple iPhone,iOS 15.6.1,Mobile Safari 15.6.1,414x896,800x364,,Audio Naming Task,26,Block 6-A,soundCheckPassed,6-A,6-A,218,165,2,Screen 2,Zone6,content_web_audio,2,,,AUDIO PLAY REQUESTED,1,0,1,0,,,,,2,Trial (Quiet),a_subj41_f_saca_202.wav,none,a,,1,6-A,quiet,subj41,f,saca,202
1638,1669953558816,02/12/2022 03:59:18,1669953558321,-6,01/12/2022 21:59:18,92237,21,task-bsko,,25622444,BLIND,7588880,,complete,,638974fc642773387b0fa186,mobile,Apple iPhone,iOS 15.6.1,Mobile Safari 15.6.1,414x896,800x364,,Audio Naming Task,26,Block 6-A,soundCheckPassed,6-A,6-A,218,165,2,Screen 2,Zone7,content_web_audio,3,,,AUDIO PLAY REQUESTED,1,0,1,0,,,,,2,Trial (Quiet),a_subj41_f_saca_202.wav,none,a,,1,6-A,quiet,subj41,f,saca,202
1639,1669953560280,02/12/2022 03:59:20,1669953559608,-6,01/12/2022 21:59:19,92237,21,task-bsko,,25622444,BLIND,7588880,,complete,,638974fc642773387b0fa186,mobile,Apple iPhone,iOS 15.6.1,Mobile Safari 15.6.1,414x896,800x364,,Audio Naming Task,26,Block 6-A,soundCheckPassed,6-A,6-A,218,165,2,Screen 2,Zone1,response_button_text,1289,,,a,1,1,0,0,,,,,2,Trial (Quiet),a_subj41_f_saca_202.wav,none,a,,1,6-A,quiet,subj41,f,saca,202
1640,1669953560664,02/12/2022 03:59:20,1669953559935,-6,01/12/2022 21:59:19,92237,21,task-bsko,,25622444,BLIND,7588880,,complete,,638974fc642773387b0fa186,mobile,Apple iPhone,iOS 15.6.1,Mobile Safari 15.6.1,414x896,800x364,,Audio Naming Task,26,Block 6-A,soundCheckPassed,6-A,6-A,259,166,1,Screen 1,fixation,fixation,334,,,,,0,1,0,,,,,2,Trial (Quiet),e_subj48_f_seso_210.wav,none,e,,1,6-A,quiet,subj48,f,seso,210
1641,1669953560664,02/12/2022 03:59:20,1669953559951,-6,01/12/2022 21:59:19,92237,21,task-bsko,,25622444,BLIND,7588880,,complete,,638974fc642773387b0fa186,mobile,Apple iPhone,iOS 15.6.1,Mobile Safari 15.6.1,414x896,800x364,,Audio Naming Task,26,Block 6-A,soundCheckPassed,6-A,6-A,259,166,2,Screen 2,Zone6,content_web_audio,2,,,AUDIO PLAY REQUESTED,1,0,1,0,,,,,2,Trial (Quiet),e_subj48_f_seso_210.wav,none,e,,1,6-A,quiet,subj48,f,seso,210
1642,1669953560664,02/12/2022 03:59:20,1669953559953,-6,01/12/2022 21:59:19,92237,21,task-bsko,,25622444,BLIND,7588880,,complete,,638974fc642773387b0fa186,mobile,Apple iPhone,iOS 15.6.1,Mobile Safari 15.6.1,414x896,800x364,,Audio Naming Task,26,Block 6-A,soundCheckPassed,6-A,6-A,259,166,2,Screen 2,Zone7,content_web_audio,3,,,AUDIO PLAY REQUESTED,1,0,1,0,,,,,2,Trial (Quiet),e_subj48_f_seso_210.wav,none,e,,1,6-A,quiet,subj48,f,seso,210
1643,1669953561507,02/12/2022 03:59:21,1669953560950,-6,01/12/2022 21:59:20,92237,21,task-bsko,,25622444,BLIND,7588880,,complete,,638974fc642773387b0fa186,mobile,Apple iPhone,iOS 15.6.1,Mobile Safari 15.6.1,414x896,800x364,,Audio Naming Task,26,Block 6-A,soundCheckPassed,6-A,6-A,259,166,2,Screen 2,Zone5,response_button_text,999,,,e,1,1,0,0,,,,,2,Trial (Quiet),e_subj48_f_seso_210.wav,none,e,,1,6-A,quiet,subj48,f,seso,210
1644,1669953561884,02/12/2022 03:59:21,1669953561301,-6,01/12/2022 21:59:21,92237,21,task-bsko,,25622444,BLIND,7588880,,complete,,638974fc642773387b0fa186,mobile,Apple iPhone,iOS 15.6.1,Mobile Safari 15.6.1,414x896,800x364,,Audio Naming Task,26,Block 6-A,soundCheckPassed,6-A,6-A,235,167,1,Screen 1,fixation,fixation,366,,,,,0,1,0,,,,,2,Trial (Quiet),a_subj71_m_saque_144.wav,none,a,,1,6-A,quiet,subj71,m,saque,144
1645,1669953561884,02/12/2022 03:59:21,1669953561320,-6,01/12/2022 21:59:21,92237,21,task-bsko,,25622444,BLIND,7588880,,complete,,638974fc642773387b0fa186,mobile,Apple iPhone,iOS 15.6.1,Mobile Safari 15.6.1,414x896,800x364,,Audio Naming Task,26,Block 6-A,soundCheckPassed,6-A,6-A,235,167,2,Screen 2,Zone6,content_web_audio,1,,,AUDIO PLAY REQUESTED,1,0,1,0,,,,,2,Trial (Quiet),a_subj71_m_saque_144.wav,none,a,,1,6-A,quiet,subj71,m,saque,144
1646,1669953561884,02/12/2022 03:59:21,1669953561321,-6,01/12/2022 21:59:21,92237,21,task-bsko,,25622444,BLIND,7588880,,complete,,638974fc642773387b0fa186,mobile,Apple iPhone,iOS 15.6.1,Mobile Safari 15.6.1,414x896,800x364,,Audio Naming Task,26,Block 6-A,soundCheckPassed,6-A,6-A,235,167,2,Screen 2,Zone7,content_web_audio,3,,,AUDIO PLAY REQUESTED,1,0,1,0,,,,,2,Trial (Quiet),a_subj71_m_saque_144.wav,none,a,,1,6-A,quiet,subj71,m,saque,144
1647,1669953563077,02/12/2022 03:59:23,1669953562659,-6,01/12/2022 21:59:22,92237,21,task-bsko,,25622444,BLIND,7588880,,complete,,638974fc642773387b0fa186,mobile,Apple iPhone,iOS 15.6.1,Mobile Safari 15.6.1,414x896,800x364,,Audio Naming Task,26,Block 6-A,soundCheckPassed,6-A,6-A,235,167,2,Screen 2,Zone1,response_button_text,1340,,,a,1,1,0,0,,,,,2,Trial (Quiet),a_subj71_m_saque_144.wav,none,a,,1,6-A,quiet,subj71,m,saque,144
1648,1669953563448,02/12/2022 03:59:23,1669953562968,-6,01/12/2022 21:59:22,92237,21,task-bsko,,25622444,BLIND,7588880,,complete,,638974fc642773387b0fa186,mobile,Apple iPhone,iOS 15.6.1,Mobile Safari 15.6.1,414x896,800x364,,Audio Naming Task,26,Block 6-A,soundCheckPassed,6-A,6-A,254,168,1,Screen 1,fixation,fixation,333,,,,,0,1,0,,,,,2,Trial (Quiet),e_subj75_m_seque_64.wav,none,e,,1,6-A,quiet,subj75,m,seque,64
1649,1669953563448,02/12/2022 03:59:23,1669953562987,-6,01/12/2022 21:59:22,92237,21,task-bsko,,25622444,BLIND,7588880,,complete,,638974fc642773387b0fa186,mobile,Apple iPhone,iOS 15.6.1,Mobile Safari 15.6.1,414x896,800x364,,Audio Naming Task,26,Block 6-A,soundCheckPassed,6-A,6-A,254,168,2,Screen 2,Zone6,content_web_audio,2,,,AUDIO PLAY REQUESTED,1,0,1,0,,,,,2,Trial (Quiet),e_subj75_m_seque_64.wav,none,e,,1,6-A,quiet,subj75,m,seque,64
1650,1669953563448,02/12/2022 03:59:23,1669953562988,-6,01/12/2022 21:59:22,92237,21,task-bsko,,25622444,BLIND,7588880,,complete,,638974fc642773387b0fa186,mobile,Apple iPhone,iOS 15.6.1,Mobile Safari 15.6.1,414x896,800x364,,Audio Naming Task,26,Block 6-A,soundCheckPassed,6-A,6-A,254,168,2,Screen 2,Zone7,content_web_audio,4,,,AUDIO PLAY REQUESTED,1,0,1,0,,,,,2,Trial (Quiet),e_subj75_m_seque_64.wav,none,e,,1,6-A,quiet,subj75,m,seque,64
1651,1669953564564,02/12/2022 03:59:24,1669953564109,-6,01/12/2022 21:59:24,92237,21,task-bsko,,25622444,BLIND,7588880,,complete,,638974fc642773387b0fa186,mobile,Apple iPhone,iOS 15.6.1,Mobile Safari 15.6.1,414x896,800x364,,Audio Naming Task,26,Block 6-A,soundCheckPassed,6-A,6-A,254,168,2,Screen 2,Zone5,response_button_text,1123,,,e,1,1,0,0,,,,,2,Trial (Quiet),e_subj75_m_seque_64.wav,none,e,,1,6-A,quiet,subj75,m,seque,64
1652,1669953564954,02/12/2022 03:59:24,1669953564468,-6,01/12/2022 21:59:24,92237,21,task-bsko,,25622444,BLIND,7588880,,complete,,638974fc642773387b0fa186,mobile,Apple iPhone,iOS 15.6.1,Mobile Safari 15.6.1,414x896,800x364,,Audio Naming Task,26,Block 6-A,soundCheckPassed,6-A,6-A,273,169,1,Screen 1,fixation,fixation,367,,,,,0,1,0,,,,,2,Trial (Quiet),e_subj6_f_seca_231.wav,none,e,,1,6-A,quiet,subj6,f,seca,231
1653,1669953564954,02/12/2022 03:59:24,1669953564485,-6,01/12/2022 21:59:24,92237,21,task-bsko,,25622444,BLIND,7588880,,complete,,638974fc642773387b0fa186,mobile,Apple iPhone,iOS 15.6.1,Mobile Safari 15.6.1,414x896,800x364,,Audio Naming Task,26,Block 6-A,soundCheckPassed,6-A,6-A,273,169,2,Screen 2,Zone6,content_web_audio,2,,,AUDIO PLAY REQUESTED,1,0,1,0,,,,,2,Trial (Quiet),e_subj6_f_seca_231.wav,none,e,,1,6-A,quiet,subj6,f,seca,231
1654,1669953564954,02/12/2022 03:59:24,1669953564487,-6,01/12/2022 21:59:24,92237,21,task-bsko,,25622444,BLIND,7588880,,complete,,638974fc642773387b0fa186,mobile,Apple iPhone,iOS 15.6.1,Mobile Safari 15.6.1,414x896,800x364,,Audio Naming Task,26,Block 6-A,soundCheckPassed,6-A,6-A,273,169,2,Screen 2,Zone7,content_web_audio,3,,,AUDIO PLAY REQUESTED,1,0,1,0,,,,,2,Trial (Quiet),e_subj6_f_seca_231.wav,none,e,,1,6-A,quiet,subj6,f,seca,231
1655,1669953565993,02/12/2022 03:59:25,1669953565542,-6,01/12/2022 21:59:25,92237,21,task-bsko,,25622444,BLIND,7588880,,complete,,638974fc642773387b0fa186,mobile,Apple iPhone,iOS 15.6.1,Mobile Safari 15.6.1,414x896,800x364,,Audio Naming Task,26,Block 6-A,soundCheckPassed,6-A,6-A,273,169,2,Screen 2,Zone5,response_button_text,1057,,,e,1,1,0,0,,,,,2,Trial (Quiet),e_subj6_f_seca_231.wav,none,e,,1,6-A,quiet,subj6,f,seca,231
1656,1669953566396,02/12/2022 03:59:26,1669953565868,-6,01/12/2022 21:59:25,92237,21,task-bsko,,25622444,BLIND,7588880,,complete,,638974fc642773387b0fa186,mobile,Apple iPhone,iOS 15.6.1,Mobile Safari 15.6.1,414x896,800x364,,Audio Naming Task,26,Block 6-A,soundCheckPassed,6-A,6-A,250,170,1,Screen 1,fixation,fixation,334,,,,,0,1,0,,,,,2,Trial (Quiet),e_subj70_m_seso_140.wav,none,e,,1,6-A,quiet,subj70,m,seso,140
1657,1669953566396,02/12/2022 03:59:26,1669953565885,-6,01/12/2022 21:59:25,92237,21,task-bsko,,25622444,BLIND,7588880,,complete,,638974fc642773387b0fa186,mobile,Apple iPhone,iOS 15.6.1,Mobile Safari 15.6.1,414x896,800x364,,Audio Naming Task,26,Block 6-A,soundCheckPassed,6-A,6-A,250,170,2,Screen 2,Zone6,content_web_audio,1.9999999998835847,,,AUDIO PLAY REQUESTED,1,0,1,0,,,,,2,Trial (Quiet),e_subj70_m_seso_140.wav,none,e,,1,6-A,quiet,subj70,m,seso,140
1658,1669953566396,02/12/2022 03:59:26,1669953565887,-6,01/12/2022 21:59:25,92237,21,task-bsko,,25622444,BLIND,7588880,,complete,,638974fc642773387b0fa186,mobile,Apple iPhone,iOS 15.6.1,Mobile Safari 15.6.1,414x896,800x364,,Audio Naming Task,26,Block 6-A,soundCheckPassed,6-A,6-A,250,170,2,Screen 2,Zone7,content_web_audio,2.9999999998835847,,,AUDIO PLAY REQUESTED,1,0,1,0,,,,,2,Trial (Quiet),e_subj70_m_seso_140.wav,none,e,,1,6-A,quiet,subj70,m,seso,140
1659,1669953568964,02/12/2022 03:59:28,1669953568433,-6,01/12/2022 21:59:28,92237,21,task-bsko,,25622444,BLIND,7588880,,complete,,638974fc642773387b0fa186,mobile,Apple iPhone,iOS 15.6.1,Mobile Safari 15.6.1,414x896,800x364,,Audio Naming Task,26,Block 6-A,soundCheckPassed,6-A,6-A,250,170,2,Screen 2,Zone3,response_button_text,2548.9999999998836,,,o,1,0,1,0,,,,,2,Trial (Quiet),e_subj70_m_seso_140.wav,none,e,,1,6-A,quiet,subj70,m,seso,140
1660,1669953569344,02/12/2022 03:59:29,1669953568768,-6,01/12/2022 21:59:28,92237,21,task-bsko,,25622444,BLIND,7588880,,complete,,638974fc642773387b0fa186,mobile,Apple iPhone,iOS 15.6.1,Mobile Safari 15.6.1,414x896,800x364,,Audio Naming Task,26,Block 6-A,soundCheckPassed,6-A,6-A,228,171,1,Screen 1,fixation,fixation,367,,,,,0,1,0,,,,,2,Trial (Quiet),a_subj76_m_saca_246.wav,none,a,,1,6-A,quiet,subj76,m,saca,246
1661,1669953569344,02/12/2022 03:59:29,1669953568784,-6,01/12/2022 21:59:28,92237,21,task-bsko,,25622444,BLIND,7588880,,complete,,638974fc642773387b0fa186,mobile,Apple iPhone,iOS 15.6.1,Mobile Safari 15.6.1,414x896,800x364,,Audio Naming Task,26,Block 6-A,soundCheckPassed,6-A,6-A,228,171,2,Screen 2,Zone6,content_web_audio,1.9999999998835847,,,AUDIO PLAY REQUESTED,1,0,1,0,,,,,2,Trial (Quiet),a_subj76_m_saca_246.wav,none,a,,1,6-A,quiet,subj76,m,saca,246
1662,1669953569344,02/12/2022 03:59:29,1669953568786,-6,01/12/2022 21:59:28,92237,21,task-bsko,,25622444,BLIND,7588880,,complete,,638974fc642773387b0fa186,mobile,Apple iPhone,iOS 15.6.1,Mobile Safari 15.6.1,414x896,800x364,,Audio Naming Task,26,Block 6-A,soundCheckPassed,6-A,6-A,228,171,2,Screen 2,Zone7,content_web_audio,2.9999999998835847,,,AUDIO PLAY REQUESTED,1,0,1,0,,,,,2,Trial (Quiet),a_subj76_m_saca_246.wav,none,a,,1,6-A,quiet,subj76,m,saca,246
1663,1669953570418,02/12/2022 03:59:30,1669953570025,-6,01/12/2022 21:59:30,92237,21,task-bsko,,25622444,BLIND,7588880,,complete,,638974fc642773387b0fa186,mobile,Apple iPhone,iOS 15.6.1,Mobile Safari 15.6.1,414x896,800x364,,Audio Naming Task,26,Block 6-A,soundCheckPassed,6-A,6-A,228,171,2,Screen 2,Zone1,response_button_text,1240.9999999998836,,,a,1,1,0,0,,,,,2,Trial (Quiet),a_subj76_m_saca_246.wav,none,a,,1,6-A,quiet,subj76,m,saca,246
1664,1669953570837,02/12/2022 03:59:30,1669953570368,-6,01/12/2022 21:59:30,92237,21,task-bsko,,25622444,BLIND,7588880,,complete,,638974fc642773387b0fa186,mobile,Apple iPhone,iOS 15.6.1,Mobile Safari 15.6.1,414x896,800x364,,Audio Naming Task,26,Block 6-A,soundCheckPassed,6-A,6-A,298,172,1,Screen 1,fixation,fixation,367,,,,,0,1,0,,,,,2,Trial (Quiet),i_subj27_f_pica_77.wav,none,i,,1,6-A,quiet,subj27,f,pica,77
1665,1669953571019,02/12/2022 03:59:31,1669953570387,-6,01/12/2022 21:59:30,92237,21,task-bsko,,25622444,BLIND,7588880,,complete,,638974fc642773387b0fa186,mobile,Apple iPhone,iOS 15.6.1,Mobile Safari 15.6.1,414x896,800x364,,Audio Naming Task,26,Block 6-A,soundCheckPassed,6-A,6-A,298,172,2,Screen 2,Zone6,content_web_audio,2,,,AUDIO PLAY REQUESTED,1,0,1,0,,,,,2,Trial (Quiet),i_subj27_f_pica_77.wav,none,i,,1,6-A,quiet,subj27,f,pica,77
1666,1669953571019,02/12/2022 03:59:31,1669953570388,-6,01/12/2022 21:59:30,92237,21,task-bsko,,25622444,BLIND,7588880,,complete,,638974fc642773387b0fa186,mobile,Apple iPhone,iOS 15.6.1,Mobile Safari 15.6.1,414x896,800x364,,Audio Naming Task,26,Block 6-A,soundCheckPassed,6-A,6-A,298,172,2,Screen 2,Zone7,content_web_audio,4,,,AUDIO PLAY REQUESTED,1,0,1,0,,,,,2,Trial (Quiet),i_subj27_f_pica_77.wav,none,i,,1,6-A,quiet,subj27,f,pica,77
1667,1669953571831,02/12/2022 03:59:31,1669953571374,-6,01/12/2022 21:59:31,92237,21,task-bsko,,25622444,BLIND,7588880,,complete,,638974fc642773387b0fa186,mobile,Apple iPhone,iOS 15.6.1,Mobile Safari 15.6.1,414x896,800x364,,Audio Naming Task,26,Block 6-A,soundCheckPassed,6-A,6-A,298,172,2,Screen 2,Zone4,response_button_text,989.0000000001164,,,i,1,1,0,0,,,,,2,Trial (Quiet),i_subj27_f_pica_77.wav,none,i,,1,6-A,quiet,subj27,f,pica,77
1668,1669953572269,02/12/2022 03:59:32,1669953571734,-6,01/12/2022 21:59:31,92237,21,task-bsko,,25622444,BLIND,7588880,,complete,,638974fc642773387b0fa186,mobile,Apple iPhone,iOS 15.6.1,Mobile Safari 15.6.1,414x896,800x364,,Audio Naming Task,26,Block 6-A,soundCheckPassed,6-A,6-A,300,173,1,Screen 1,fixation,fixation,366,,,,,0,1,0,,,,,2,Trial (Quiet),i_subj7_f_quito_209.wav,none,i,,1,6-A,quiet,subj7,f,quito,209
1669,1669953572269,02/12/2022 03:59:32,1669953571753,-6,01/12/2022 21:59:31,92237,21,task-bsko,,25622444,BLIND,7588880,,complete,,638974fc642773387b0fa186,mobile,Apple iPhone,iOS 15.6.1,Mobile Safari 15.6.1,414x896,800x364,,Audio Naming Task,26,Block 6-A,soundCheckPassed,6-A,6-A,300,173,2,Screen 2,Zone6,content_web_audio,2.0000000001164153,,,AUDIO PLAY REQUESTED,1,0,1,0,,,,,2,Trial (Quiet),i_subj7_f_quito_209.wav,none,i,,1,6-A,quiet,subj7,f,quito,209
1670,1669953572269,02/12/2022 03:59:32,1669953571755,-6,01/12/2022 21:59:31,92237,21,task-bsko,,25622444,BLIND,7588880,,complete,,638974fc642773387b0fa186,mobile,Apple iPhone,iOS 15.6.1,Mobile Safari 15.6.1,414x896,800x364,,Audio Naming Task,26,Block 6-A,soundCheckPassed,6-A,6-A,300,173,2,Screen 2,Zone7,content_web_audio,3,,,AUDIO PLAY REQUESTED,1,0,1,0,,,,,2,Trial (Quiet),i_subj7_f_quito_209.wav,none,i,,1,6-A,quiet,subj7,f,quito,209
1671,1669953573266,02/12/2022 03:59:33,1669953572749,-6,01/12/2022 21:59:32,92237,21,task-bsko,,25622444,BLIND,7588880,,complete,,638974fc642773387b0fa186,mobile,Apple iPhone,iOS 15.6.1,Mobile Safari 15.6.1,414x896,800x364,,Audio Naming Task,26,Block 6-A,soundCheckPassed,6-A,6-A,300,173,2,Screen 2,Zone4,response_button_text,997.0000000001164,,,i,1,1,0,0,,,,,2,Trial (Quiet),i_subj7_f_quito_209.wav,none,i,,1,6-A,quiet,subj7,f,quito,209
1672,1669953573664,02/12/2022 03:59:33,1669953573067,-6,01/12/2022 21:59:33,92237,21,task-bsko,,25622444,BLIND,7588880,,complete,,638974fc642773387b0fa186,mobile,Apple iPhone,iOS 15.6.1,Mobile Safari 15.6.1,414x896,800x364,,Audio Naming Task,26,Block 6-A,soundCheckPassed,6-A,6-A,325,174,1,Screen 1,fixation,fixation,334,,,,,0,1,0,,,,,2,Trial (Quiet),o_subj18_f_coro_166.wav,none,o,,1,6-A,quiet,subj18,f,coro,166
1673,1669953573664,02/12/2022 03:59:33,1669953573085,-6,01/12/2022 21:59:33,92237,21,task-bsko,,25622444,BLIND,7588880,,complete,,638974fc642773387b0fa186,mobile,Apple iPhone,iOS 15.6.1,Mobile Safari 15.6.1,414x896,800x364,,Audio Naming Task,26,Block 6-A,soundCheckPassed,6-A,6-A,325,174,2,Screen 2,Zone6,content_web_audio,2,,,AUDIO PLAY REQUESTED,1,0,1,0,,,,,2,Trial (Quiet),o_subj18_f_coro_166.wav,none,o,,1,6-A,quiet,subj18,f,coro,166
1674,1669953573664,02/12/2022 03:59:33,1669953573086,-6,01/12/2022 21:59:33,92237,21,task-bsko,,25622444,BLIND,7588880,,complete,,638974fc642773387b0fa186,mobile,Apple iPhone,iOS 15.6.1,Mobile Safari 15.6.1,414x896,800x364,,Audio Naming Task,26,Block 6-A,soundCheckPassed,6-A,6-A,325,174,2,Screen 2,Zone7,content_web_audio,4,,,AUDIO PLAY REQUESTED,1,0,1,0,,,,,2,Trial (Quiet),o_subj18_f_coro_166.wav,none,o,,1,6-A,quiet,subj18,f,coro,166
1675,1669953574734,02/12/2022 03:59:34,1669953574416,-6,01/12/2022 21:59:34,92237,21,task-bsko,,25622444,BLIND,7588880,,complete,,638974fc642773387b0fa186,mobile,Apple iPhone,iOS 15.6.1,Mobile Safari 15.6.1,414x896,800x364,,Audio Naming Task,26,Block 6-A,soundCheckPassed,6-A,6-A,325,174,2,Screen 2,Zone3,response_button_text,1332,,,o,1,1,0,0,,,,,2,Trial (Quiet),o_subj18_f_coro_166.wav,none,o,,1,6-A,quiet,subj18,f,coro,166
1676,1669953575213,02/12/2022 03:59:35,1669953574767,-6,01/12/2022 21:59:34,92237,21,task-bsko,,25622444,BLIND,7588880,,complete,,638974fc642773387b0fa186,mobile,Apple iPhone,iOS 15.6.1,Mobile Safari 15.6.1,414x896,800x364,,Audio Naming Task,26,Block 6-A,soundCheckPassed,6-A,6-A,338,175,1,Screen 1,fixation,fixation,366,,,,,0,1,0,,,,,2,Trial (Quiet),o_subj32_f_toque_332.wav,none,o,,1,6-A,quiet,subj32,f,toque,332
1677,1669953575406,02/12/2022 03:59:35,1669953574785,-6,01/12/2022 21:59:34,92237,21,task-bsko,,25622444,BLIND,7588880,,complete,,638974fc642773387b0fa186,mobile,Apple iPhone,iOS 15.6.1,Mobile Safari 15.6.1,414x896,800x364,,Audio Naming Task,26,Block 6-A,soundCheckPassed,6-A,6-A,338,175,2,Screen 2,Zone6,content_web_audio,2,,,AUDIO PLAY REQUESTED,1,0,1,0,,,,,2,Trial (Quiet),o_subj32_f_toque_332.wav,none,o,,1,6-A,quiet,subj32,f,toque,332
1678,1669953575406,02/12/2022 03:59:35,1669953574787,-6,01/12/2022 21:59:34,92237,21,task-bsko,,25622444,BLIND,7588880,,complete,,638974fc642773387b0fa186,mobile,Apple iPhone,iOS 15.6.1,Mobile Safari 15.6.1,414x896,800x364,,Audio Naming Task,26,Block 6-A,soundCheckPassed,6-A,6-A,338,175,2,Screen 2,Zone7,content_web_audio,3,,,AUDIO PLAY REQUESTED,1,0,1,0,,,,,2,Trial (Quiet),o_subj32_f_toque_332.wav,none,o,,1,6-A,quiet,subj32,f,toque,332
1679,1669953576371,02/12/2022 03:59:36,1669953575908,-6,01/12/2022 21:59:35,92237,21,task-bsko,,25622444,BLIND,7588880,,complete,,638974fc642773387b0fa186,mobile,Apple iPhone,iOS 15.6.1,Mobile Safari 15.6.1,414x896,800x364,,Audio Naming Task,26,Block 6-A,soundCheckPassed,6-A,6-A,338,175,2,Screen 2,Zone2,response_button_text,1124.0000000001164,,,u,1,0,1,0,,,,,2,Trial (Quiet),o_subj32_f_toque_332.wav,none,o,,1,6-A,quiet,subj32,f,toque,332
1680,1669953576805,02/12/2022 03:59:36,1669953576301,-6,01/12/2022 21:59:36,92237,21,task-bsko,,25622444,BLIND,7588880,,complete,,638974fc642773387b0fa186,mobile,Apple iPhone,iOS 15.6.1,Mobile Safari 15.6.1,414x896,800x364,,Audio Naming Task,26,Block 6-A,soundCheckPassed,6-A,6-A,227,176,1,Screen 1,fixation,fixation,400,,,,,0,1,0,,,,,2,Trial (Quiet),a_subj72_m_bate_281.wav,none,a,,1,6-A,quiet,subj72,m,bate,281
1681,1669953576805,02/12/2022 03:59:36,1669953576317,-6,01/12/2022 21:59:36,92237,21,task-bsko,,25622444,BLIND,7588880,,complete,,638974fc642773387b0fa186,mobile,Apple iPhone,iOS 15.6.1,Mobile Safari 15.6.1,414x896,800x364,,Audio Naming Task,26,Block 6-A,soundCheckPassed,6-A,6-A,227,176,2,Screen 2,Zone6,content_web_audio,2,,,AUDIO PLAY REQUESTED,1,0,1,0,,,,,2,Trial (Quiet),a_subj72_m_bate_281.wav,none,a,,1,6-A,quiet,subj72,m,bate,281
1682,1669953576805,02/12/2022 03:59:36,1669953576319,-6,01/12/2022 21:59:36,92237,21,task-bsko,,25622444,BLIND,7588880,,complete,,638974fc642773387b0fa186,mobile,Apple iPhone,iOS 15.6.1,Mobile Safari 15.6.1,414x896,800x364,,Audio Naming Task,26,Block 6-A,soundCheckPassed,6-A,6-A,227,176,2,Screen 2,Zone7,content_web_audio,3,,,AUDIO PLAY REQUESTED,1,0,1,0,,,,,2,Trial (Quiet),a_subj72_m_bate_281.wav,none,a,,1,6-A,quiet,subj72,m,bate,281
1683,1669953577802,02/12/2022 03:59:37,1669953577499,-6,01/12/2022 21:59:37,92237,21,task-bsko,,25622444,BLIND,7588880,,complete,,638974fc642773387b0fa186,mobile,Apple iPhone,iOS 15.6.1,Mobile Safari 15.6.1,414x896,800x364,,Audio Naming Task,26,Block 6-A,soundCheckPassed,6-A,6-A,227,176,2,Screen 2,Zone1,response_button_text,1183.0000000001164,,,a,1,1,0,0,,,,,2,Trial (Quiet),a_subj72_m_bate_281.wav,none,a,,1,6-A,quiet,subj72,m,bate,281
1684,1669953578245,02/12/2022 03:59:38,1669953577801,-6,01/12/2022 21:59:37,92237,21,task-bsko,,25622444,BLIND,7588880,,complete,,638974fc642773387b0fa186,mobile,Apple iPhone,iOS 15.6.1,Mobile Safari 15.6.1,414x896,800x364,,Audio Naming Task,26,Block 6-A,soundCheckPassed,6-A,6-A,281,177,1,Screen 1,fixation,fixation,334,,,,,0,1,0,,,,,2,Trial (Quiet),i_subj16_f_pica_176.wav,none,i,,1,6-A,quiet,subj16,f,pica,176
1685,1669953578440,02/12/2022 03:59:38,1669953577821,-6,01/12/2022 21:59:37,92237,21,task-bsko,,25622444,BLIND,7588880,,complete,,638974fc642773387b0fa186,mobile,Apple iPhone,iOS 15.6.1,Mobile Safari 15.6.1,414x896,800x364,,Audio Naming Task,26,Block 6-A,soundCheckPassed,6-A,6-A,281,177,2,Screen 2,Zone6,content_web_audio,1,,,AUDIO PLAY REQUESTED,1,0,1,0,,,,,2,Trial (Quiet),i_subj16_f_pica_176.wav,none,i,,1,6-A,quiet,subj16,f,pica,176
1686,1669953578440,02/12/2022 03:59:38,1669953577822,-6,01/12/2022 21:59:37,92237,21,task-bsko,,25622444,BLIND,7588880,,complete,,638974fc642773387b0fa186,mobile,Apple iPhone,iOS 15.6.1,Mobile Safari 15.6.1,414x896,800x364,,Audio Naming Task,26,Block 6-A,soundCheckPassed,6-A,6-A,281,177,2,Screen 2,Zone7,content_web_audio,3,,,AUDIO PLAY REQUESTED,1,0,1,0,,,,,2,Trial (Quiet),i_subj16_f_pica_176.wav,none,i,,1,6-A,quiet,subj16,f,pica,176
1687,1669953579190,02/12/2022 03:59:39,1669953578682,-6,01/12/2022 21:59:38,92237,21,task-bsko,,25622444,BLIND,7588880,,complete,,638974fc642773387b0fa186,mobile,Apple iPhone,iOS 15.6.1,Mobile Safari 15.6.1,414x896,800x364,,Audio Naming Task,26,Block 6-A,soundCheckPassed,6-A,6-A,281,177,2,Screen 2,Zone4,response_button_text,862.0000000001164,,,i,1,1,0,0,,,,,2,Trial (Quiet),i_subj16_f_pica_176.wav,none,i,,1,6-A,quiet,subj16,f,pica,176
1688,1669953579630,02/12/2022 03:59:39,1669953579000,-6,01/12/2022 21:59:39,92237,21,task-bsko,,25622444,BLIND,7588880,,complete,,638974fc642773387b0fa186,mobile,Apple iPhone,iOS 15.6.1,Mobile Safari 15.6.1,414x896,800x364,,Audio Naming Task,26,Block 6-A,soundCheckPassed,6-A,6-A,377,178,1,Screen 1,fixation,fixation,334,,,,,0,1,0,,,,,2,Trial (Quiet),u_subj18_f_cura_151.wav,none,u,,1,6-A,quiet,subj18,f,cura,151
1689,1669953579630,02/12/2022 03:59:39,1669953579017,-6,01/12/2022 21:59:39,92237,21,task-bsko,,25622444,BLIND,7588880,,complete,,638974fc642773387b0fa186,mobile,Apple iPhone,iOS 15.6.1,Mobile Safari 15.6.1,414x896,800x364,,Audio Naming Task,26,Block 6-A,soundCheckPassed,6-A,6-A,377,178,2,Screen 2,Zone6,content_web_audio,2,,,AUDIO PLAY REQUESTED,1,0,1,0,,,,,2,Trial (Quiet),u_subj18_f_cura_151.wav,none,u,,1,6-A,quiet,subj18,f,cura,151
1690,1669953579630,02/12/2022 03:59:39,1669953579019,-6,01/12/2022 21:59:39,92237,21,task-bsko,,25622444,BLIND,7588880,,complete,,638974fc642773387b0fa186,mobile,Apple iPhone,iOS 15.6.1,Mobile Safari 15.6.1,414x896,800x364,,Audio Naming Task,26,Block 6-A,soundCheckPassed,6-A,6-A,377,178,2,Screen 2,Zone7,content_web_audio,4,,,AUDIO PLAY REQUESTED,1,0,1,0,,,,,2,Trial (Quiet),u_subj18_f_cura_151.wav,none,u,,1,6-A,quiet,subj18,f,cura,151
1691,1669953580925,02/12/2022 03:59:40,1669953580483,-6,01/12/2022 21:59:40,92237,21,task-bsko,,25622444,BLIND,7588880,,complete,,638974fc642773387b0fa186,mobile,Apple iPhone,iOS 15.6.1,Mobile Safari 15.6.1,414x896,800x364,,Audio Naming Task,26,Block 6-A,soundCheckPassed,6-A,6-A,377,178,2,Screen 2,Zone2,response_button_text,1466,,,u,1,1,0,0,,,,,2,Trial (Quiet),u_subj18_f_cura_151.wav,none,u,,1,6-A,quiet,subj18,f,cura,151
1692,1669953581360,02/12/2022 03:59:41,1669953580800,-6,01/12/2022 21:59:40,92237,21,task-bsko,,25622444,BLIND,7588880,,complete,,638974fc642773387b0fa186,mobile,Apple iPhone,iOS 15.6.1,Mobile Safari 15.6.1,414x896,800x364,,Audio Naming Task,26,Block 6-A,soundCheckPassed,6-A,6-A,347,179,1,Screen 1,fixation,fixation,334,,,,,0,1,0,,,,,2,Trial (Quiet),o_subj76_m_foto_311.wav,none,o,,1,6-A,quiet,subj76,m,foto,311
1693,1669953581360,02/12/2022 03:59:41,1669953580818,-6,01/12/2022 21:59:40,92237,21,task-bsko,,25622444,BLIND,7588880,,complete,,638974fc642773387b0fa186,mobile,Apple iPhone,iOS 15.6.1,Mobile Safari 15.6.1,414x896,800x364,,Audio Naming Task,26,Block 6-A,soundCheckPassed,6-A,6-A,347,179,2,Screen 2,Zone6,content_web_audio,2,,,AUDIO PLAY REQUESTED,1,0,1,0,,,,,2,Trial (Quiet),o_subj76_m_foto_311.wav,none,o,,1,6-A,quiet,subj76,m,foto,311
1694,1669953581360,02/12/2022 03:59:41,1669953580820,-6,01/12/2022 21:59:40,92237,21,task-bsko,,25622444,BLIND,7588880,,complete,,638974fc642773387b0fa186,mobile,Apple iPhone,iOS 15.6.1,Mobile Safari 15.6.1,414x896,800x364,,Audio Naming Task,26,Block 6-A,soundCheckPassed,6-A,6-A,347,179,2,Screen 2,Zone7,content_web_audio,3,,,AUDIO PLAY REQUESTED,1,0,1,0,,,,,2,Trial (Quiet),o_subj76_m_foto_311.wav,none,o,,1,6-A,quiet,subj76,m,foto,311
1695,1669953582476,02/12/2022 03:59:42,1669953581965,-6,01/12/2022 21:59:41,92237,21,task-bsko,,25622444,BLIND,7588880,,complete,,638974fc642773387b0fa186,mobile,Apple iPhone,iOS 15.6.1,Mobile Safari 15.6.1,414x896,800x364,,Audio Naming Task,26,Block 6-A,soundCheckPassed,6-A,6-A,347,179,2,Screen 2,Zone3,response_button_text,1148,,,o,1,1,0,0,,,,,2,Trial (Quiet),o_subj76_m_foto_311.wav,none,o,,1,6-A,quiet,subj76,m,foto,311
1696,1669953582893,02/12/2022 03:59:42,1669953582300,-6,01/12/2022 21:59:42,92237,21,task-bsko,,25622444,BLIND,7588880,,complete,,638974fc642773387b0fa186,mobile,Apple iPhone,iOS 15.6.1,Mobile Safari 15.6.1,414x896,800x364,,Audio Naming Task,26,Block 6-A,soundCheckPassed,6-A,6-A,278,180,1,Screen 1,fixation,fixation,367,,,,,0,1,0,,,,,2,Trial (Quiet),i_subj42_f_quite_76.wav,none,i,,1,6-A,quiet,subj42,f,quite,76
1697,1669953582893,02/12/2022 03:59:42,1669953582317,-6,01/12/2022 21:59:42,92237,21,task-bsko,,25622444,BLIND,7588880,,complete,,638974fc642773387b0fa186,mobile,Apple iPhone,iOS 15.6.1,Mobile Safari 15.6.1,414x896,800x364,,Audio Naming Task,26,Block 6-A,soundCheckPassed,6-A,6-A,278,180,2,Screen 2,Zone6,content_web_audio,2,,,AUDIO PLAY REQUESTED,1,0,1,0,,,,,2,Trial (Quiet),i_subj42_f_quite_76.wav,none,i,,1,6-A,quiet,subj42,f,quite,76
1698,1669953582893,02/12/2022 03:59:42,1669953582319,-6,01/12/2022 21:59:42,92237,21,task-bsko,,25622444,BLIND,7588880,,complete,,638974fc642773387b0fa186,mobile,Apple iPhone,iOS 15.6.1,Mobile Safari 15.6.1,414x896,800x364,,Audio Naming Task,26,Block 6-A,soundCheckPassed,6-A,6-A,278,180,2,Screen 2,Zone7,content_web_audio,4,,,AUDIO PLAY REQUESTED,1,0,1,0,,,,,2,Trial (Quiet),i_subj42_f_quite_76.wav,none,i,,1,6-A,quiet,subj42,f,quite,76
1699,1669953584119,02/12/2022 03:59:44,1669953583524,-6,01/12/2022 21:59:43,92237,21,task-bsko,,25622444,BLIND,7588880,,complete,,638974fc642773387b0fa186,mobile,Apple iPhone,iOS 15.6.1,Mobile Safari 15.6.1,414x896,800x364,,Audio Naming Task,26,Block 6-A,soundCheckPassed,6-A,6-A,278,180,2,Screen 2,Zone4,response_button_text,1208,,,i,1,1,0,0,,,,,2,Trial (Quiet),i_subj42_f_quite_76.wav,none,i,,1,6-A,quiet,subj42,f,quite,76
1700,1669953584507,02/12/2022 03:59:44,1669953583834,-6,01/12/2022 21:59:43,92237,21,task-bsko,,25622444,BLIND,7588880,,complete,,638974fc642773387b0fa186,mobile,Apple iPhone,iOS 15.6.1,Mobile Safari 15.6.1,414x896,800x364,,Audio Naming Task,26,Block 6-A,soundCheckPassed,6-A,6-A,295,181,1,Screen 1,fixation,fixation,334,,,,,0,1,0,,,,,2,Trial (Quiet),i_subj19_f_pica_87.wav,none,i,,1,6-A,quiet,subj19,f,pica,87
1701,1669953584507,02/12/2022 03:59:44,1669953583851,-6,01/12/2022 21:59:43,92237,21,task-bsko,,25622444,BLIND,7588880,,complete,,638974fc642773387b0fa186,mobile,Apple iPhone,iOS 15.6.1,Mobile Safari 15.6.1,414x896,800x364,,Audio Naming Task,26,Block 6-A,soundCheckPassed,6-A,6-A,295,181,2,Screen 2,Zone6,content_web_audio,1.9999999998835847,,,AUDIO PLAY REQUESTED,1,0,1,0,,,,,2,Trial (Quiet),i_subj19_f_pica_87.wav,none,i,,1,6-A,quiet,subj19,f,pica,87
1702,1669953584507,02/12/2022 03:59:44,1669953583853,-6,01/12/2022 21:59:43,92237,21,task-bsko,,25622444,BLIND,7588880,,complete,,638974fc642773387b0fa186,mobile,Apple iPhone,iOS 15.6.1,Mobile Safari 15.6.1,414x896,800x364,,Audio Naming Task,26,Block 6-A,soundCheckPassed,6-A,6-A,295,181,2,Screen 2,Zone7,content_web_audio,2.9999999998835847,,,AUDIO PLAY REQUESTED,1,0,1,0,,,,,2,Trial (Quiet),i_subj19_f_pica_87.wav,none,i,,1,6-A,quiet,subj19,f,pica,87
1703,1669953585423,02/12/2022 03:59:45,1669953584866,-6,01/12/2022 21:59:44,92237,21,task-bsko,,25622444,BLIND,7588880,,complete,,638974fc642773387b0fa186,mobile,Apple iPhone,iOS 15.6.1,Mobile Safari 15.6.1,414x896,800x364,,Audio Naming Task,26,Block 6-A,soundCheckPassed,6-A,6-A,295,181,2,Screen 2,Zone4,response_button_text,1015.9999999998836,,,i,1,1,0,0,,,,,2,Trial (Quiet),i_subj19_f_pica_87.wav,none,i,,1,6-A,quiet,subj19,f,pica,87
1704,1669953585861,02/12/2022 03:59:45,1669953585200,-6,01/12/2022 21:59:45,92237,21,task-bsko,,25622444,BLIND,7588880,,complete,,638974fc642773387b0fa186,mobile,Apple iPhone,iOS 15.6.1,Mobile Safari 15.6.1,414x896,800x364,,Audio Naming Task,26,Block 6-A,soundCheckPassed,6-A,6-A,337,182,1,Screen 1,fixation,fixation,366,,,,,0,1,0,,,,,2,Trial (Quiet),o_subj38_f_voto_103.wav,none,o,,1,6-A,quiet,subj38,f,voto,103
1705,1669953585861,02/12/2022 03:59:45,1669953585218,-6,01/12/2022 21:59:45,92237,21,task-bsko,,25622444,BLIND,7588880,,complete,,638974fc642773387b0fa186,mobile,Apple iPhone,iOS 15.6.1,Mobile Safari 15.6.1,414x896,800x364,,Audio Naming Task,26,Block 6-A,soundCheckPassed,6-A,6-A,337,182,2,Screen 2,Zone6,content_web_audio,1,,,AUDIO PLAY REQUESTED,1,0,1,0,,,,,2,Trial (Quiet),o_subj38_f_voto_103.wav,none,o,,1,6-A,quiet,subj38,f,voto,103
1706,1669953585861,02/12/2022 03:59:45,1669953585220,-6,01/12/2022 21:59:45,92237,21,task-bsko,,25622444,BLIND,7588880,,complete,,638974fc642773387b0fa186,mobile,Apple iPhone,iOS 15.6.1,Mobile Safari 15.6.1,414x896,800x364,,Audio Naming Task,26,Block 6-A,soundCheckPassed,6-A,6-A,337,182,2,Screen 2,Zone7,content_web_audio,3,,,AUDIO PLAY REQUESTED,1,0,1,0,,,,,2,Trial (Quiet),o_subj38_f_voto_103.wav,none,o,,1,6-A,quiet,subj38,f,voto,103
1707,1669953586885,02/12/2022 03:59:46,1669953586408,-6,01/12/2022 21:59:46,92237,21,task-bsko,,25622444,BLIND,7588880,,complete,,638974fc642773387b0fa186,mobile,Apple iPhone,iOS 15.6.1,Mobile Safari 15.6.1,414x896,800x364,,Audio Naming Task,26,Block 6-A,soundCheckPassed,6-A,6-A,337,182,2,Screen 2,Zone3,response_button_text,1189,,,o,1,1,0,0,,,,,2,Trial (Quiet),o_subj38_f_voto_103.wav,none,o,,1,6-A,quiet,subj38,f,voto,103
1708,1669953587238,02/12/2022 03:59:47,1669953586800,-6,01/12/2022 21:59:46,92237,21,task-bsko,,25622444,BLIND,7588880,,complete,,638974fc642773387b0fa186,mobile,Apple iPhone,iOS 15.6.1,Mobile Safari 15.6.1,414x896,800x364,,Audio Naming Task,26,Block 6-A,soundCheckPassed,6-A,6-A,358,183,1,Screen 1,fixation,fixation,399,,,,,0,1,0,,,,,2,Trial (Quiet),u_subj70_m_buque_80.wav,none,u,,1,6-A,quiet,subj70,m,buque,80
1709,1669953587430,02/12/2022 03:59:47,1669953586818,-6,01/12/2022 21:59:46,92237,21,task-bsko,,25622444,BLIND,7588880,,complete,,638974fc642773387b0fa186,mobile,Apple iPhone,iOS 15.6.1,Mobile Safari 15.6.1,414x896,800x364,,Audio Naming Task,26,Block 6-A,soundCheckPassed,6-A,6-A,358,183,2,Screen 2,Zone6,content_web_audio,2,,,AUDIO PLAY REQUESTED,1,0,1,0,,,,,2,Trial (Quiet),u_subj70_m_buque_80.wav,none,u,,1,6-A,quiet,subj70,m,buque,80
1710,1669953587430,02/12/2022 03:59:47,1669953586819,-6,01/12/2022 21:59:46,92237,21,task-bsko,,25622444,BLIND,7588880,,complete,,638974fc642773387b0fa186,mobile,Apple iPhone,iOS 15.6.1,Mobile Safari 15.6.1,414x896,800x364,,Audio Naming Task,26,Block 6-A,soundCheckPassed,6-A,6-A,358,183,2,Screen 2,Zone7,content_web_audio,3,,,AUDIO PLAY REQUESTED,1,0,1,0,,,,,2,Trial (Quiet),u_subj70_m_buque_80.wav,none,u,,1,6-A,quiet,subj70,m,buque,80
1711,1669953588389,02/12/2022 03:59:48,1669953588074,-6,01/12/2022 21:59:48,92237,21,task-bsko,,25622444,BLIND,7588880,,complete,,638974fc642773387b0fa186,mobile,Apple iPhone,iOS 15.6.1,Mobile Safari 15.6.1,414x896,800x364,,Audio Naming Task,26,Block 6-A,soundCheckPassed,6-A,6-A,358,183,2,Screen 2,Zone2,response_button_text,1257,,,u,1,1,0,0,,,,,2,Trial (Quiet),u_subj70_m_buque_80.wav,none,u,,1,6-A,quiet,subj70,m,buque,80
1712,1669953588895,02/12/2022 03:59:48,1669953588434,-6,01/12/2022 21:59:48,92237,21,task-bsko,,25622444,BLIND,7588880,,complete,,638974fc642773387b0fa186,mobile,Apple iPhone,iOS 15.6.1,Mobile Safari 15.6.1,414x896,800x364,,Audio Naming Task,26,Block 6-A,soundCheckPassed,6-A,6-A,271,184,1,Screen 1,fixation,fixation,367,,,,,0,1,0,,,,,2,Trial (Quiet),e_subj27_f_peca_118.wav,none,e,,1,6-A,quiet,subj27,f,peca,118
1713,1669953589105,02/12/2022 03:59:49,1669953588454,-6,01/12/2022 21:59:48,92237,21,task-bsko,,25622444,BLIND,7588880,,complete,,638974fc642773387b0fa186,mobile,Apple iPhone,iOS 15.6.1,Mobile Safari 15.6.1,414x896,800x364,,Audio Naming Task,26,Block 6-A,soundCheckPassed,6-A,6-A,271,184,2,Screen 2,Zone6,content_web_audio,2,,,AUDIO PLAY REQUESTED,1,0,1,0,,,,,2,Trial (Quiet),e_subj27_f_peca_118.wav,none,e,,1,6-A,quiet,subj27,f,peca,118
1714,1669953589105,02/12/2022 03:59:49,1669953588456,-6,01/12/2022 21:59:48,92237,21,task-bsko,,25622444,BLIND,7588880,,complete,,638974fc642773387b0fa186,mobile,Apple iPhone,iOS 15.6.1,Mobile Safari 15.6.1,414x896,800x364,,Audio Naming Task,26,Block 6-A,soundCheckPassed,6-A,6-A,271,184,2,Screen 2,Zone7,content_web_audio,3.0000000001164153,,,AUDIO PLAY REQUESTED,1,0,1,0,,,,,2,Trial (Quiet),e_subj27_f_peca_118.wav,none,e,,1,6-A,quiet,subj27,f,peca,118
1715,1669953590059,02/12/2022 03:59:50,1669953589540,-6,01/12/2022 21:59:49,92237,21,task-bsko,,25622444,BLIND,7588880,,complete,,638974fc642773387b0fa186,mobile,Apple iPhone,iOS 15.6.1,Mobile Safari 15.6.1,414x896,800x364,,Audio Naming Task,26,Block 6-A,soundCheckPassed,6-A,6-A,271,184,2,Screen 2,Zone5,response_button_text,1087,,,e,1,1,0,0,,,,,2,Trial (Quiet),e_subj27_f_peca_118.wav,none,e,,1,6-A,quiet,subj27,f,peca,118
1716,1669953590433,02/12/2022 03:59:50,1669953589900,-6,01/12/2022 21:59:49,92237,21,task-bsko,,25622444,BLIND,7588880,,complete,,638974fc642773387b0fa186,mobile,Apple iPhone,iOS 15.6.1,Mobile Safari 15.6.1,414x896,800x364,,Audio Naming Task,26,Block 6-A,soundCheckPassed,6-A,6-A,374,185,1,Screen 1,fixation,fixation,366,,,,,0,1,0,,,,,2,Trial (Quiet),u_subj77_m_buque_257.wav,none,u,,1,6-A,quiet,subj77,m,buque,257
1717,1669953590433,02/12/2022 03:59:50,1669953589918,-6,01/12/2022 21:59:49,92237,21,task-bsko,,25622444,BLIND,7588880,,complete,,638974fc642773387b0fa186,mobile,Apple iPhone,iOS 15.6.1,Mobile Safari 15.6.1,414x896,800x364,,Audio Naming Task,26,Block 6-A,soundCheckPassed,6-A,6-A,374,185,2,Screen 2,Zone6,content_web_audio,1,,,AUDIO PLAY REQUESTED,1,0,1,0,,,,,2,Trial (Quiet),u_subj77_m_buque_257.wav,none,u,,1,6-A,quiet,subj77,m,buque,257
1718,1669953590433,02/12/2022 03:59:50,1669953589920,-6,01/12/2022 21:59:49,92237,21,task-bsko,,25622444,BLIND,7588880,,complete,,638974fc642773387b0fa186,mobile,Apple iPhone,iOS 15.6.1,Mobile Safari 15.6.1,414x896,800x364,,Audio Naming Task,26,Block 6-A,soundCheckPassed,6-A,6-A,374,185,2,Screen 2,Zone7,content_web_audio,3,,,AUDIO PLAY REQUESTED,1,0,1,0,,,,,2,Trial (Quiet),u_subj77_m_buque_257.wav,none,u,,1,6-A,quiet,subj77,m,buque,257
1719,1669953591327,02/12/2022 03:59:51,1669953591040,-6,01/12/2022 21:59:51,92237,21,task-bsko,,25622444,BLIND,7588880,,complete,,638974fc642773387b0fa186,mobile,Apple iPhone,iOS 15.6.1,Mobile Safari 15.6.1,414x896,800x364,,Audio Naming Task,26,Block 6-A,soundCheckPassed,6-A,6-A,374,185,2,Screen 2,Zone2,response_button_text,1123,,,u,1,1,0,0,,,,,2,Trial (Quiet),u_subj77_m_buque_257.wav,none,u,,1,6-A,quiet,subj77,m,buque,257
1720,1669953591852,02/12/2022 03:59:51,1669953591400,-6,01/12/2022 21:59:51,92237,21,task-bsko,,25622444,BLIND,7588880,,complete,,638974fc642773387b0fa186,mobile,Apple iPhone,iOS 15.6.1,Mobile Safari 15.6.1,414x896,800x364,,Audio Naming Task,26,Block 6-A,soundCheckPassed,6-A,6-A,394,186,1,Screen 1,fixation,fixation,366,,,,,0,1,0,,,,,2,Trial (Quiet),u_subj21_f_cura_194.wav,none,u,,1,6-A,quiet,subj21,f,cura,194
1721,1669953592045,02/12/2022 03:59:52,1669953591419,-6,01/12/2022 21:59:51,92237,21,task-bsko,,25622444,BLIND,7588880,,complete,,638974fc642773387b0fa186,mobile,Apple iPhone,iOS 15.6.1,Mobile Safari 15.6.1,414x896,800x364,,Audio Naming Task,26,Block 6-A,soundCheckPassed,6-A,6-A,394,186,2,Screen 2,Zone6,content_web_audio,2,,,AUDIO PLAY REQUESTED,1,0,1,0,,,,,2,Trial (Quiet),u_subj21_f_cura_194.wav,none,u,,1,6-A,quiet,subj21,f,cura,194
1722,1669953592045,02/12/2022 03:59:52,1669953591420,-6,01/12/2022 21:59:51,92237,21,task-bsko,,25622444,BLIND,7588880,,complete,,638974fc642773387b0fa186,mobile,Apple iPhone,iOS 15.6.1,Mobile Safari 15.6.1,414x896,800x364,,Audio Naming Task,26,Block 6-A,soundCheckPassed,6-A,6-A,394,186,2,Screen 2,Zone7,content_web_audio,3,,,AUDIO PLAY REQUESTED,1,0,1,0,,,,,2,Trial (Quiet),u_subj21_f_cura_194.wav,none,u,,1,6-A,quiet,subj21,f,cura,194
1723,1669953593036,02/12/2022 03:59:53,1669953592581,-6,01/12/2022 21:59:52,92237,21,task-bsko,,25622444,BLIND,7588880,,complete,,638974fc642773387b0fa186,mobile,Apple iPhone,iOS 15.6.1,Mobile Safari 15.6.1,414x896,800x364,,Audio Naming Task,26,Block 6-A,soundCheckPassed,6-A,6-A,394,186,2,Screen 2,Zone2,response_button_text,1163.0000000001164,,,u,1,1,0,0,,,,,2,Trial (Quiet),u_subj21_f_cura_194.wav,none,u,,1,6-A,quiet,subj21,f,cura,194
1724,1669953593410,02/12/2022 03:59:53,1669953592933,-6,01/12/2022 21:59:52,92237,21,task-bsko,,25622444,BLIND,7588880,,complete,,638974fc642773387b0fa186,mobile,Apple iPhone,iOS 15.6.1,Mobile Safari 15.6.1,414x896,800x364,,Audio Naming Task,26,Block 6-A,soundCheckPassed,6-A,6-A,301,187,1,Screen 1,fixation,fixation,367,,,,,0,1,0,,,,,2,Trial (Quiet),i_subj1_m_quite_114.wav,none,i,,1,6-A,quiet,subj1,m,quite,114
1725,1669953593410,02/12/2022 03:59:53,1669953592950,-6,01/12/2022 21:59:52,92237,21,task-bsko,,25622444,BLIND,7588880,,complete,,638974fc642773387b0fa186,mobile,Apple iPhone,iOS 15.6.1,Mobile Safari 15.6.1,414x896,800x364,,Audio Naming Task,26,Block 6-A,soundCheckPassed,6-A,6-A,301,187,2,Screen 2,Zone6,content_web_audio,2.0000000001164153,,,AUDIO PLAY REQUESTED,1,0,1,0,,,,,2,Trial (Quiet),i_subj1_m_quite_114.wav,none,i,,1,6-A,quiet,subj1,m,quite,114
1726,1669953593410,02/12/2022 03:59:53,1669953592952,-6,01/12/2022 21:59:52,92237,21,task-bsko,,25622444,BLIND,7588880,,complete,,638974fc642773387b0fa186,mobile,Apple iPhone,iOS 15.6.1,Mobile Safari 15.6.1,414x896,800x364,,Audio Naming Task,26,Block 6-A,soundCheckPassed,6-A,6-A,301,187,2,Screen 2,Zone7,content_web_audio,3,,,AUDIO PLAY REQUESTED,1,0,1,0,,,,,2,Trial (Quiet),i_subj1_m_quite_114.wav,none,i,,1,6-A,quiet,subj1,m,quite,114
1727,1669953594696,02/12/2022 03:59:54,1669953594223,-6,01/12/2022 21:59:54,92237,21,task-bsko,,25622444,BLIND,7588880,,complete,,638974fc642773387b0fa186,mobile,Apple iPhone,iOS 15.6.1,Mobile Safari 15.6.1,414x896,800x364,,Audio Naming Task,26,Block 6-A,soundCheckPassed,6-A,6-A,301,187,2,Screen 2,Zone4,response_button_text,1274,,,i,1,1,0,0,,,,,2,Trial (Quiet),i_subj1_m_quite_114.wav,none,i,,1,6-A,quiet,subj1,m,quite,114
1728,1669953595071,02/12/2022 03:59:55,1669953594533,-6,01/12/2022 21:59:54,92237,21,task-bsko,,25622444,BLIND,7588880,,complete,,638974fc642773387b0fa186,mobile,Apple iPhone,iOS 15.6.1,Mobile Safari 15.6.1,414x896,800x364,,Audio Naming Task,26,Block 6-A,soundCheckPassed,6-A,6-A,293,188,1,Screen 1,fixation,fixation,334,,,,,0,1,0,,,,,2,Trial (Quiet),i_subj4_f_quite_151.wav,none,i,,1,6-A,quiet,subj4,f,quite,151
1729,1669953595071,02/12/2022 03:59:55,1669953594550,-6,01/12/2022 21:59:54,92237,21,task-bsko,,25622444,BLIND,7588880,,complete,,638974fc642773387b0fa186,mobile,Apple iPhone,iOS 15.6.1,Mobile Safari 15.6.1,414x896,800x364,,Audio Naming Task,26,Block 6-A,soundCheckPassed,6-A,6-A,293,188,2,Screen 2,Zone6,content_web_audio,1,,,AUDIO PLAY REQUESTED,1,0,1,0,,,,,2,Trial (Quiet),i_subj4_f_quite_151.wav,none,i,,1,6-A,quiet,subj4,f,quite,151
1730,1669953595071,02/12/2022 03:59:55,1669953594551,-6,01/12/2022 21:59:54,92237,21,task-bsko,,25622444,BLIND,7588880,,complete,,638974fc642773387b0fa186,mobile,Apple iPhone,iOS 15.6.1,Mobile Safari 15.6.1,414x896,800x364,,Audio Naming Task,26,Block 6-A,soundCheckPassed,6-A,6-A,293,188,2,Screen 2,Zone7,content_web_audio,3.0000000001164153,,,AUDIO PLAY REQUESTED,1,0,1,0,,,,,2,Trial (Quiet),i_subj4_f_quite_151.wav,none,i,,1,6-A,quiet,subj4,f,quite,151
1731,1669953596107,02/12/2022 03:59:56,1669953595773,-6,01/12/2022 21:59:55,92237,21,task-bsko,,25622444,BLIND,7588880,,complete,,638974fc642773387b0fa186,mobile,Apple iPhone,iOS 15.6.1,Mobile Safari 15.6.1,414x896,800x364,,Audio Naming Task,26,Block 6-A,soundCheckPassed,6-A,6-A,293,188,2,Screen 2,Zone4,response_button_text,1224.0000000001164,,,i,1,1,0,0,,,,,2,Trial (Quiet),i_subj4_f_quite_151.wav,none,i,,1,6-A,quiet,subj4,f,quite,151
1732,1669953596592,02/12/2022 03:59:56,1669953596133,-6,01/12/2022 21:59:56,92237,21,task-bsko,,25622444,BLIND,7588880,,complete,,638974fc642773387b0fa186,mobile,Apple iPhone,iOS 15.6.1,Mobile Safari 15.6.1,414x896,800x364,,Audio Naming Task,26,Block 6-A,soundCheckPassed,6-A,6-A,225,189,1,Screen 1,fixation,fixation,366,,,,,0,1,0,,,,,2,Trial (Quiet),a_subj69_m_saca_259.wav,none,a,,1,6-A,quiet,subj69,m,saca,259
1733,1669953596782,02/12/2022 03:59:56,1669953596151,-6,01/12/2022 21:59:56,92237,21,task-bsko,,25622444,BLIND,7588880,,complete,,638974fc642773387b0fa186,mobile,Apple iPhone,iOS 15.6.1,Mobile Safari 15.6.1,414x896,800x364,,Audio Naming Task,26,Block 6-A,soundCheckPassed,6-A,6-A,225,189,2,Screen 2,Zone6,content_web_audio,1,,,AUDIO PLAY REQUESTED,1,0,1,0,,,,,2,Trial (Quiet),a_subj69_m_saca_259.wav,none,a,,1,6-A,quiet,subj69,m,saca,259
1734,1669953596782,02/12/2022 03:59:56,1669953596153,-6,01/12/2022 21:59:56,92237,21,task-bsko,,25622444,BLIND,7588880,,complete,,638974fc642773387b0fa186,mobile,Apple iPhone,iOS 15.6.1,Mobile Safari 15.6.1,414x896,800x364,,Audio Naming Task,26,Block 6-A,soundCheckPassed,6-A,6-A,225,189,2,Screen 2,Zone7,content_web_audio,3,,,AUDIO PLAY REQUESTED,1,0,1,0,,,,,2,Trial (Quiet),a_subj69_m_saca_259.wav,none,a,,1,6-A,quiet,subj69,m,saca,259
1735,1669953597782,02/12/2022 03:59:57,1669953597315,-6,01/12/2022 21:59:57,92237,21,task-bsko,,25622444,BLIND,7588880,,complete,,638974fc642773387b0fa186,mobile,Apple iPhone,iOS 15.6.1,Mobile Safari 15.6.1,414x896,800x364,,Audio Naming Task,26,Block 6-A,soundCheckPassed,6-A,6-A,225,189,2,Screen 2,Zone1,response_button_text,1164,,,a,1,1,0,0,,,,,2,Trial (Quiet),a_subj69_m_saca_259.wav,none,a,,1,6-A,quiet,subj69,m,saca,259
1736,1669953598177,02/12/2022 03:59:58,1669953597666,-6,01/12/2022 21:59:57,92237,21,task-bsko,,25622444,BLIND,7588880,,complete,,638974fc642773387b0fa186,mobile,Apple iPhone,iOS 15.6.1,Mobile Safari 15.6.1,414x896,800x364,,Audio Naming Task,26,Block 6-A,soundCheckPassed,6-A,6-A,260,190,1,Screen 1,fixation,fixation,367,,,,,0,1,0,,,,,2,Trial (Quiet),e_subj18_f_beta_202.wav,none,e,,1,6-A,quiet,subj18,f,beta,202
1737,1669953598177,02/12/2022 03:59:58,1669953597684,-6,01/12/2022 21:59:57,92237,21,task-bsko,,25622444,BLIND,7588880,,complete,,638974fc642773387b0fa186,mobile,Apple iPhone,iOS 15.6.1,Mobile Safari 15.6.1,414x896,800x364,,Audio Naming Task,26,Block 6-A,soundCheckPassed,6-A,6-A,260,190,2,Screen 2,Zone6,content_web_audio,1,,,AUDIO PLAY REQUESTED,1,0,1,0,,,,,2,Trial (Quiet),e_subj18_f_beta_202.wav,none,e,,1,6-A,quiet,subj18,f,beta,202
1738,1669953598177,02/12/2022 03:59:58,1669953597686,-6,01/12/2022 21:59:57,92237,21,task-bsko,,25622444,BLIND,7588880,,complete,,638974fc642773387b0fa186,mobile,Apple iPhone,iOS 15.6.1,Mobile Safari 15.6.1,414x896,800x364,,Audio Naming Task,26,Block 6-A,soundCheckPassed,6-A,6-A,260,190,2,Screen 2,Zone7,content_web_audio,3,,,AUDIO PLAY REQUESTED,1,0,1,0,,,,,2,Trial (Quiet),e_subj18_f_beta_202.wav,none,e,,1,6-A,quiet,subj18,f,beta,202
1739,1669953599890,02/12/2022 03:59:59,1669953599267,-6,01/12/2022 21:59:59,92237,21,task-bsko,,25622444,BLIND,7588880,,complete,,638974fc642773387b0fa186,mobile,Apple iPhone,iOS 15.6.1,Mobile Safari 15.6.1,414x896,800x364,,Audio Naming Task,26,Block 6-A,soundCheckPassed,6-A,6-A,260,190,2,Screen 2,Zone5,response_button_text,1583,,,e,1,1,0,0,,,,,2,Trial (Quiet),e_subj18_f_beta_202.wav,none,e,,1,6-A,quiet,subj18,f,beta,202
1740,1669953600280,02/12/2022 04:00:00,1669953599566,-6,01/12/2022 21:59:59,92237,21,task-bsko,,25622444,BLIND,7588880,,complete,,638974fc642773387b0fa186,mobile,Apple iPhone,iOS 15.6.1,Mobile Safari 15.6.1,414x896,800x364,,Audio Naming Task,26,Block 6-A,soundCheckPassed,6-A,6-A,279,191,1,Screen 1,fixation,fixation,334,,,,,0,1,0,,,,,2,Trial (Quiet),i_subj37_f_pite_150.wav,none,i,,1,6-A,quiet,subj37,f,pite,150
1741,1669953600280,02/12/2022 04:00:00,1669953599584,-6,01/12/2022 21:59:59,92237,21,task-bsko,,25622444,BLIND,7588880,,complete,,638974fc642773387b0fa186,mobile,Apple iPhone,iOS 15.6.1,Mobile Safari 15.6.1,414x896,800x364,,Audio Naming Task,26,Block 6-A,soundCheckPassed,6-A,6-A,279,191,2,Screen 2,Zone6,content_web_audio,2,,,AUDIO PLAY REQUESTED,1,0,1,0,,,,,2,Trial (Quiet),i_subj37_f_pite_150.wav,none,i,,1,6-A,quiet,subj37,f,pite,150
1742,1669953600280,02/12/2022 04:00:00,1669953599586,-6,01/12/2022 21:59:59,92237,21,task-bsko,,25622444,BLIND,7588880,,complete,,638974fc642773387b0fa186,mobile,Apple iPhone,iOS 15.6.1,Mobile Safari 15.6.1,414x896,800x364,,Audio Naming Task,26,Block 6-A,soundCheckPassed,6-A,6-A,279,191,2,Screen 2,Zone7,content_web_audio,4,,,AUDIO PLAY REQUESTED,1,0,1,0,,,,,2,Trial (Quiet),i_subj37_f_pite_150.wav,none,i,,1,6-A,quiet,subj37,f,pite,150
1743,1669953601318,02/12/2022 04:00:01,1669953600823,-6,01/12/2022 22:00:00,92237,21,task-bsko,,25622444,BLIND,7588880,,complete,,638974fc642773387b0fa186,mobile,Apple iPhone,iOS 15.6.1,Mobile Safari 15.6.1,414x896,800x364,,Audio Naming Task,26,Block 6-A,soundCheckPassed,6-A,6-A,279,191,2,Screen 2,Zone4,response_button_text,1240,,,i,1,1,0,0,,,,,2,Trial (Quiet),i_subj37_f_pite_150.wav,none,i,,1,6-A,quiet,subj37,f,pite,150
1744,1669953601744,02/12/2022 04:00:01,1669953601133,-6,01/12/2022 22:00:01,92237,21,task-bsko,,25622444,BLIND,7588880,,complete,,638974fc642773387b0fa186,mobile,Apple iPhone,iOS 15.6.1,Mobile Safari 15.6.1,414x896,800x364,,Audio Naming Task,26,Block 6-A,soundCheckPassed,6-A,6-A,334,192,1,Screen 1,fixation,fixation,334,,,,,0,1,0,,,,,2,Trial (Quiet),o_subj50_f_voto_97.wav,none,o,,1,6-A,quiet,subj50,f,voto,97
1745,1669953601744,02/12/2022 04:00:01,1669953601150,-6,01/12/2022 22:00:01,92237,21,task-bsko,,25622444,BLIND,7588880,,complete,,638974fc642773387b0fa186,mobile,Apple iPhone,iOS 15.6.1,Mobile Safari 15.6.1,414x896,800x364,,Audio Naming Task,26,Block 6-A,soundCheckPassed,6-A,6-A,334,192,2,Screen 2,Zone6,content_web_audio,1,,,AUDIO PLAY REQUESTED,1,0,1,0,,,,,2,Trial (Quiet),o_subj50_f_voto_97.wav,none,o,,1,6-A,quiet,subj50,f,voto,97
1746,1669953601744,02/12/2022 04:00:01,1669953601152,-6,01/12/2022 22:00:01,92237,21,task-bsko,,25622444,BLIND,7588880,,complete,,638974fc642773387b0fa186,mobile,Apple iPhone,iOS 15.6.1,Mobile Safari 15.6.1,414x896,800x364,,Audio Naming Task,26,Block 6-A,soundCheckPassed,6-A,6-A,334,192,2,Screen 2,Zone7,content_web_audio,3.0000000001164153,,,AUDIO PLAY REQUESTED,1,0,1,0,,,,,2,Trial (Quiet),o_subj50_f_voto_97.wav,none,o,,1,6-A,quiet,subj50,f,voto,97
1747,1669953602664,02/12/2022 04:00:02,1669953602190,-6,01/12/2022 22:00:02,92237,21,task-bsko,,25622444,BLIND,7588880,,complete,,638974fc642773387b0fa186,mobile,Apple iPhone,iOS 15.6.1,Mobile Safari 15.6.1,414x896,800x364,,Audio Naming Task,26,Block 6-A,soundCheckPassed,6-A,6-A,334,192,2,Screen 2,Zone3,response_button_text,1040,,,o,1,1,0,0,,,,,2,Trial (Quiet),o_subj50_f_voto_97.wav,none,o,,1,6-A,quiet,subj50,f,voto,97
1748,1669953603041,02/12/2022 04:00:03,1669953602533,-6,01/12/2022 22:00:02,92237,21,task-bsko,,25622444,BLIND,7588880,,complete,,638974fc642773387b0fa186,mobile,Apple iPhone,iOS 15.6.1,Mobile Safari 15.6.1,414x896,800x364,,Audio Naming Task,26,Block 6-A,soundCheckPassed,6-A,6-A,242,193,1,Screen 1,fixation,fixation,366,,,,,0,1,0,,,,,2,Trial (Quiet),e_subj75_m_peca_178.wav,none,e,,1,6-A,quiet,subj75,m,peca,178
1749,1669953603041,02/12/2022 04:00:03,1669953602550,-6,01/12/2022 22:00:02,92237,21,task-bsko,,25622444,BLIND,7588880,,complete,,638974fc642773387b0fa186,mobile,Apple iPhone,iOS 15.6.1,Mobile Safari 15.6.1,414x896,800x364,,Audio Naming Task,26,Block 6-A,soundCheckPassed,6-A,6-A,242,193,2,Screen 2,Zone6,content_web_audio,2,,,AUDIO PLAY REQUESTED,1,0,1,0,,,,,2,Trial (Quiet),e_subj75_m_peca_178.wav,none,e,,1,6-A,quiet,subj75,m,peca,178
1750,1669953603041,02/12/2022 04:00:03,1669953602551,-6,01/12/2022 22:00:02,92237,21,task-bsko,,25622444,BLIND,7588880,,complete,,638974fc642773387b0fa186,mobile,Apple iPhone,iOS 15.6.1,Mobile Safari 15.6.1,414x896,800x364,,Audio Naming Task,26,Block 6-A,soundCheckPassed,6-A,6-A,242,193,2,Screen 2,Zone7,content_web_audio,3.0000000001164153,,,AUDIO PLAY REQUESTED,1,0,1,0,,,,,2,Trial (Quiet),e_subj75_m_peca_178.wav,none,e,,1,6-A,quiet,subj75,m,peca,178
1751,1669953603996,02/12/2022 04:00:03,1669953603689,-6,01/12/2022 22:00:03,92237,21,task-bsko,,25622444,BLIND,7588880,,complete,,638974fc642773387b0fa186,mobile,Apple iPhone,iOS 15.6.1,Mobile Safari 15.6.1,414x896,800x364,,Audio Naming Task,26,Block 6-A,soundCheckPassed,6-A,6-A,242,193,2,Screen 2,Zone5,response_button_text,1141,,,e,1,1,0,0,,,,,2,Trial (Quiet),e_subj75_m_peca_178.wav,none,e,,1,6-A,quiet,subj75,m,peca,178
1752,1669953604480,02/12/2022 04:00:04,1669953604032,-6,01/12/2022 22:00:04,92237,21,task-bsko,,25622444,BLIND,7588880,,complete,,638974fc642773387b0fa186,mobile,Apple iPhone,iOS 15.6.1,Mobile Safari 15.6.1,414x896,800x364,,Audio Naming Task,26,Block 6-A,soundCheckPassed,6-A,6-A,363,194,1,Screen 1,fixation,fixation,366,,,,,0,1,0,,,,,2,Trial (Quiet),u_subj69_m_supo_118.wav,none,u,,1,6-A,quiet,subj69,m,supo,118
1753,1669953604666,02/12/2022 04:00:04,1669953604051,-6,01/12/2022 22:00:04,92237,21,task-bsko,,25622444,BLIND,7588880,,complete,,638974fc642773387b0fa186,mobile,Apple iPhone,iOS 15.6.1,Mobile Safari 15.6.1,414x896,800x364,,Audio Naming Task,26,Block 6-A,soundCheckPassed,6-A,6-A,363,194,2,Screen 2,Zone6,content_web_audio,1.0000000001164153,,,AUDIO PLAY REQUESTED,1,0,1,0,,,,,2,Trial (Quiet),u_subj69_m_supo_118.wav,none,u,,1,6-A,quiet,subj69,m,supo,118
1754,1669953604666,02/12/2022 04:00:04,1669953604053,-6,01/12/2022 22:00:04,92237,21,task-bsko,,25622444,BLIND,7588880,,complete,,638974fc642773387b0fa186,mobile,Apple iPhone,iOS 15.6.1,Mobile Safari 15.6.1,414x896,800x364,,Audio Naming Task,26,Block 6-A,soundCheckPassed,6-A,6-A,363,194,2,Screen 2,Zone7,content_web_audio,3,,,AUDIO PLAY REQUESTED,1,0,1,0,,,,,2,Trial (Quiet),u_subj69_m_supo_118.wav,none,u,,1,6-A,quiet,subj69,m,supo,118
1755,1669953605732,02/12/2022 04:00:05,1669953605197,-6,01/12/2022 22:00:05,92237,21,task-bsko,,25622444,BLIND,7588880,,complete,,638974fc642773387b0fa186,mobile,Apple iPhone,iOS 15.6.1,Mobile Safari 15.6.1,414x896,800x364,,Audio Naming Task,26,Block 6-A,soundCheckPassed,6-A,6-A,363,194,2,Screen 2,Zone2,response_button_text,1146,,,u,1,1,0,0,,,,,2,Trial (Quiet),u_subj69_m_supo_118.wav,none,u,,1,6-A,quiet,subj69,m,supo,118
1756,1669953606160,02/12/2022 04:00:06,1669953605532,-6,01/12/2022 22:00:05,92237,21,task-bsko,,25622444,BLIND,7588880,,complete,,638974fc642773387b0fa186,mobile,Apple iPhone,iOS 15.6.1,Mobile Safari 15.6.1,414x896,800x364,,Audio Naming Task,26,Block 6-A,soundCheckPassed,6-A,6-A,211,195,1,Screen 1,fixation,fixation,366,,,,,0,1,0,,,,,2,Trial (Quiet),a_subj50_f_vaso_91.wav,none,a,,1,6-A,quiet,subj50,f,vaso,91
1757,1669953606160,02/12/2022 04:00:06,1669953605550,-6,01/12/2022 22:00:05,92237,21,task-bsko,,25622444,BLIND,7588880,,complete,,638974fc642773387b0fa186,mobile,Apple iPhone,iOS 15.6.1,Mobile Safari 15.6.1,414x896,800x364,,Audio Naming Task,26,Block 6-A,soundCheckPassed,6-A,6-A,211,195,2,Screen 2,Zone6,content_web_audio,2,,,AUDIO PLAY REQUESTED,1,0,1,0,,,,,2,Trial (Quiet),a_subj50_f_vaso_91.wav,none,a,,1,6-A,quiet,subj50,f,vaso,91
1758,1669953606160,02/12/2022 04:00:06,1669953605552,-6,01/12/2022 22:00:05,92237,21,task-bsko,,25622444,BLIND,7588880,,complete,,638974fc642773387b0fa186,mobile,Apple iPhone,iOS 15.6.1,Mobile Safari 15.6.1,414x896,800x364,,Audio Naming Task,26,Block 6-A,soundCheckPassed,6-A,6-A,211,195,2,Screen 2,Zone7,content_web_audio,4,,,AUDIO PLAY REQUESTED,1,0,1,0,,,,,2,Trial (Quiet),a_subj50_f_vaso_91.wav,none,a,,1,6-A,quiet,subj50,f,vaso,91
1759,1669953607267,02/12/2022 04:00:07,1669953606706,-6,01/12/2022 22:00:06,92237,21,task-bsko,,25622444,BLIND,7588880,,complete,,638974fc642773387b0fa186,mobile,Apple iPhone,iOS 15.6.1,Mobile Safari 15.6.1,414x896,800x364,,Audio Naming Task,26,Block 6-A,soundCheckPassed,6-A,6-A,211,195,2,Screen 2,Zone1,response_button_text,1157.0000000001164,,,a,1,1,0,0,,,,,2,Trial (Quiet),a_subj50_f_vaso_91.wav,none,a,,1,6-A,quiet,subj50,f,vaso,91
1760,1669953607643,02/12/2022 04:00:07,1669953607066,-6,01/12/2022 22:00:07,92237,21,task-bsko,,25622444,BLIND,7588880,,complete,,638974fc642773387b0fa186,mobile,Apple iPhone,iOS 15.6.1,Mobile Safari 15.6.1,414x896,800x364,,Audio Naming Task,26,Block 6-A,soundCheckPassed,6-A,6-A,299,196,1,Screen 1,fixation,fixation,366,,,,,0,1,0,,,,,2,Trial (Quiet),i_subj12_f_pisa_196.wav,none,i,,1,6-A,quiet,subj12,f,pisa,196
1761,1669953607643,02/12/2022 04:00:07,1669953607083,-6,01/12/2022 22:00:07,92237,21,task-bsko,,25622444,BLIND,7588880,,complete,,638974fc642773387b0fa186,mobile,Apple iPhone,iOS 15.6.1,Mobile Safari 15.6.1,414x896,800x364,,Audio Naming Task,26,Block 6-A,soundCheckPassed,6-A,6-A,299,196,2,Screen 2,Zone6,content_web_audio,1,,,AUDIO PLAY REQUESTED,1,0,1,0,,,,,2,Trial (Quiet),i_subj12_f_pisa_196.wav,none,i,,1,6-A,quiet,subj12,f,pisa,196
1762,1669953607643,02/12/2022 04:00:07,1669953607085,-6,01/12/2022 22:00:07,92237,21,task-bsko,,25622444,BLIND,7588880,,complete,,638974fc642773387b0fa186,mobile,Apple iPhone,iOS 15.6.1,Mobile Safari 15.6.1,414x896,800x364,,Audio Naming Task,26,Block 6-A,soundCheckPassed,6-A,6-A,299,196,2,Screen 2,Zone7,content_web_audio,3,,,AUDIO PLAY REQUESTED,1,0,1,0,,,,,2,Trial (Quiet),i_subj12_f_pisa_196.wav,none,i,,1,6-A,quiet,subj12,f,pisa,196
1763,1669953608645,02/12/2022 04:00:08,1669953608090,-6,01/12/2022 22:00:08,92237,21,task-bsko,,25622444,BLIND,7588880,,complete,,638974fc642773387b0fa186,mobile,Apple iPhone,iOS 15.6.1,Mobile Safari 15.6.1,414x896,800x364,,Audio Naming Task,26,Block 6-A,soundCheckPassed,6-A,6-A,299,196,2,Screen 2,Zone4,response_button_text,1007,,,i,1,1,0,0,,,,,2,Trial (Quiet),i_subj12_f_pisa_196.wav,none,i,,1,6-A,quiet,subj12,f,pisa,196
1764,1669953609018,02/12/2022 04:00:09,1669953608399,-6,01/12/2022 22:00:08,92237,21,task-bsko,,25622444,BLIND,7588880,,complete,,638974fc642773387b0fa186,mobile,Apple iPhone,iOS 15.6.1,Mobile Safari 15.6.1,414x896,800x364,,Audio Naming Task,26,Block 6-A,soundCheckPassed,6-A,6-A,268,197,1,Screen 1,fixation,fixation,334,,,,,0,1,0,,,,,2,Trial (Quiet),e_subj21_f_veto_172.wav,none,e,,1,6-A,quiet,subj21,f,veto,172
1765,1669953609018,02/12/2022 04:00:09,1669953608418,-6,01/12/2022 22:00:08,92237,21,task-bsko,,25622444,BLIND,7588880,,complete,,638974fc642773387b0fa186,mobile,Apple iPhone,iOS 15.6.1,Mobile Safari 15.6.1,414x896,800x364,,Audio Naming Task,26,Block 6-A,soundCheckPassed,6-A,6-A,268,197,2,Screen 2,Zone6,content_web_audio,2,,,AUDIO PLAY REQUESTED,1,0,1,0,,,,,2,Trial (Quiet),e_subj21_f_veto_172.wav,none,e,,1,6-A,quiet,subj21,f,veto,172
1766,1669953609018,02/12/2022 04:00:09,1669953608420,-6,01/12/2022 22:00:08,92237,21,task-bsko,,25622444,BLIND,7588880,,complete,,638974fc642773387b0fa186,mobile,Apple iPhone,iOS 15.6.1,Mobile Safari 15.6.1,414x896,800x364,,Audio Naming Task,26,Block 6-A,soundCheckPassed,6-A,6-A,268,197,2,Screen 2,Zone7,content_web_audio,4,,,AUDIO PLAY REQUESTED,1,0,1,0,,,,,2,Trial (Quiet),e_subj21_f_veto_172.wav,none,e,,1,6-A,quiet,subj21,f,veto,172
1767,1669953609968,02/12/2022 04:00:09,1669953609514,-6,01/12/2022 22:00:09,92237,21,task-bsko,,25622444,BLIND,7588880,,complete,,638974fc642773387b0fa186,mobile,Apple iPhone,iOS 15.6.1,Mobile Safari 15.6.1,414x896,800x364,,Audio Naming Task,26,Block 6-A,soundCheckPassed,6-A,6-A,268,197,2,Screen 2,Zone5,response_button_text,1098,,,e,1,1,0,0,,,,,2,Trial (Quiet),e_subj21_f_veto_172.wav,none,e,,1,6-A,quiet,subj21,f,veto,172
1768,1669953610353,02/12/2022 04:00:10,1669953609865,-6,01/12/2022 22:00:09,92237,21,task-bsko,,25622444,BLIND,7588880,,complete,,638974fc642773387b0fa186,mobile,Apple iPhone,iOS 15.6.1,Mobile Safari 15.6.1,414x896,800x364,,Audio Naming Task,26,Block 6-A,soundCheckPassed,6-A,6-A,365,198,1,Screen 1,fixation,fixation,366,,,,,0,1,0,,,,,2,Trial (Quiet),u_subj20_m_buque_110.wav,none,u,,1,6-A,quiet,subj20,m,buque,110
1769,1669953610353,02/12/2022 04:00:10,1669953609883,-6,01/12/2022 22:00:09,92237,21,task-bsko,,25622444,BLIND,7588880,,complete,,638974fc642773387b0fa186,mobile,Apple iPhone,iOS 15.6.1,Mobile Safari 15.6.1,414x896,800x364,,Audio Naming Task,26,Block 6-A,soundCheckPassed,6-A,6-A,365,198,2,Screen 2,Zone6,content_web_audio,2.0000000001164153,,,AUDIO PLAY REQUESTED,1,0,1,0,,,,,2,Trial (Quiet),u_subj20_m_buque_110.wav,none,u,,1,6-A,quiet,subj20,m,buque,110
1770,1669953610353,02/12/2022 04:00:10,1669953609884,-6,01/12/2022 22:00:09,92237,21,task-bsko,,25622444,BLIND,7588880,,complete,,638974fc642773387b0fa186,mobile,Apple iPhone,iOS 15.6.1,Mobile Safari 15.6.1,414x896,800x364,,Audio Naming Task,26,Block 6-A,soundCheckPassed,6-A,6-A,365,198,2,Screen 2,Zone7,content_web_audio,3,,,AUDIO PLAY REQUESTED,1,0,1,0,,,,,2,Trial (Quiet),u_subj20_m_buque_110.wav,none,u,,1,6-A,quiet,subj20,m,buque,110
1771,1669953611492,02/12/2022 04:00:11,1669953611031,-6,01/12/2022 22:00:11,92237,21,task-bsko,,25622444,BLIND,7588880,,complete,,638974fc642773387b0fa186,mobile,Apple iPhone,iOS 15.6.1,Mobile Safari 15.6.1,414x896,800x364,,Audio Naming Task,26,Block 6-A,soundCheckPassed,6-A,6-A,365,198,2,Screen 2,Zone2,response_button_text,1149,,,u,1,1,0,0,,,,,2,Trial (Quiet),u_subj20_m_buque_110.wav,none,u,,1,6-A,quiet,subj20,m,buque,110
1772,1669953611898,02/12/2022 04:00:11,1669953611365,-6,01/12/2022 22:00:11,92237,21,task-bsko,,25622444,BLIND,7588880,,complete,,638974fc642773387b0fa186,mobile,Apple iPhone,iOS 15.6.1,Mobile Safari 15.6.1,414x896,800x364,,Audio Naming Task,26,Block 6-A,soundCheckPassed,6-A,6-A,310,199,1,Screen 1,fixation,fixation,366,,,,,0,1,0,,,,,2,Trial (Quiet),i_subj69_m_pite_144.wav,none,i,,1,6-A,quiet,subj69,m,pite,144
1773,1669953611898,02/12/2022 04:00:11,1669953611382,-6,01/12/2022 22:00:11,92237,21,task-bsko,,25622444,BLIND,7588880,,complete,,638974fc642773387b0fa186,mobile,Apple iPhone,iOS 15.6.1,Mobile Safari 15.6.1,414x896,800x364,,Audio Naming Task,26,Block 6-A,soundCheckPassed,6-A,6-A,310,199,2,Screen 2,Zone6,content_web_audio,1,,,AUDIO PLAY REQUESTED,1,0,1,0,,,,,2,Trial (Quiet),i_subj69_m_pite_144.wav,none,i,,1,6-A,quiet,subj69,m,pite,144
1774,1669953611898,02/12/2022 04:00:11,1669953611383,-6,01/12/2022 22:00:11,92237,21,task-bsko,,25622444,BLIND,7588880,,complete,,638974fc642773387b0fa186,mobile,Apple iPhone,iOS 15.6.1,Mobile Safari 15.6.1,414x896,800x364,,Audio Naming Task,26,Block 6-A,soundCheckPassed,6-A,6-A,310,199,2,Screen 2,Zone7,content_web_audio,3,,,AUDIO PLAY REQUESTED,1,0,1,0,,,,,2,Trial (Quiet),i_subj69_m_pite_144.wav,none,i,,1,6-A,quiet,subj69,m,pite,144
1775,1669953613004,02/12/2022 04:00:13,1669953612538,-6,01/12/2022 22:00:12,92237,21,task-bsko,,25622444,BLIND,7588880,,complete,,638974fc642773387b0fa186,mobile,Apple iPhone,iOS 15.6.1,Mobile Safari 15.6.1,414x896,800x364,,Audio Naming Task,26,Block 6-A,soundCheckPassed,6-A,6-A,310,199,2,Screen 2,Zone4,response_button_text,1157,,,i,1,1,0,0,,,,,2,Trial (Quiet),i_subj69_m_pite_144.wav,none,i,,1,6-A,quiet,subj69,m,pite,144
1776,1669953613414,02/12/2022 04:00:13,1669953612899,-6,01/12/2022 22:00:12,92237,21,task-bsko,,25622444,BLIND,7588880,,complete,,638974fc642773387b0fa186,mobile,Apple iPhone,iOS 15.6.1,Mobile Safari 15.6.1,414x896,800x364,,Audio Naming Task,26,Block 6-A,soundCheckPassed,6-A,6-A,269,200,1,Screen 1,fixation,fixation,367,,,,,0,1,0,,,,,2,Trial (Quiet),e_subj21_f_veto_89.wav,none,e,,1,6-A,quiet,subj21,f,veto,89
1777,1669953613414,02/12/2022 04:00:13,1669953612916,-6,01/12/2022 22:00:12,92237,21,task-bsko,,25622444,BLIND,7588880,,complete,,638974fc642773387b0fa186,mobile,Apple iPhone,iOS 15.6.1,Mobile Safari 15.6.1,414x896,800x364,,Audio Naming Task,26,Block 6-A,soundCheckPassed,6-A,6-A,269,200,2,Screen 2,Zone6,content_web_audio,2,,,AUDIO PLAY REQUESTED,1,0,1,0,,,,,2,Trial (Quiet),e_subj21_f_veto_89.wav,none,e,,1,6-A,quiet,subj21,f,veto,89
1778,1669953613414,02/12/2022 04:00:13,1669953612918,-6,01/12/2022 22:00:12,92237,21,task-bsko,,25622444,BLIND,7588880,,complete,,638974fc642773387b0fa186,mobile,Apple iPhone,iOS 15.6.1,Mobile Safari 15.6.1,414x896,800x364,,Audio Naming Task,26,Block 6-A,soundCheckPassed,6-A,6-A,269,200,2,Screen 2,Zone7,content_web_audio,4,,,AUDIO PLAY REQUESTED,1,0,1,0,,,,,2,Trial (Quiet),e_subj21_f_veto_89.wav,none,e,,1,6-A,quiet,subj21,f,veto,89
1779,1669953614432,02/12/2022 04:00:14,1669953613932,-6,01/12/2022 22:00:13,92237,21,task-bsko,,25622444,BLIND,7588880,,complete,,638974fc642773387b0fa186,mobile,Apple iPhone,iOS 15.6.1,Mobile Safari 15.6.1,414x896,800x364,,Audio Naming Task,26,Block 6-A,soundCheckPassed,6-A,6-A,269,200,2,Screen 2,Zone5,response_button_text,1017.0000000001164,,,e,1,1,0,0,,,,,2,Trial (Quiet),e_subj21_f_veto_89.wav,none,e,,1,6-A,quiet,subj21,f,veto,89
1780,1669953614864,02/12/2022 04:00:14,1669953614265,-6,01/12/2022 22:00:14,92237,21,task-bsko,,25622444,BLIND,7588880,,complete,,638974fc642773387b0fa186,mobile,Apple iPhone,iOS 15.6.1,Mobile Safari 15.6.1,414x896,800x364,,Audio Naming Task,26,Block 6-A,soundCheckPassed,6-A,6-A,267,201,1,Screen 1,fixation,fixation,367,,,,,0,1,0,,,,,2,Trial (Quiet),e_subj18_f_peca_170.wav,none,e,,1,6-A,quiet,subj18,f,peca,170
1781,1669953614864,02/12/2022 04:00:14,1669953614282,-6,01/12/2022 22:00:14,92237,21,task-bsko,,25622444,BLIND,7588880,,complete,,638974fc642773387b0fa186,mobile,Apple iPhone,iOS 15.6.1,Mobile Safari 15.6.1,414x896,800x364,,Audio Naming Task,26,Block 6-A,soundCheckPassed,6-A,6-A,267,201,2,Screen 2,Zone6,content_web_audio,2,,,AUDIO PLAY REQUESTED,1,0,1,0,,,,,2,Trial (Quiet),e_subj18_f_peca_170.wav,none,e,,1,6-A,quiet,subj18,f,peca,170
1782,1669953614864,02/12/2022 04:00:14,1669953614284,-6,01/12/2022 22:00:14,92237,21,task-bsko,,25622444,BLIND,7588880,,complete,,638974fc642773387b0fa186,mobile,Apple iPhone,iOS 15.6.1,Mobile Safari 15.6.1,414x896,800x364,,Audio Naming Task,26,Block 6-A,soundCheckPassed,6-A,6-A,267,201,2,Screen 2,Zone7,content_web_audio,3,,,AUDIO PLAY REQUESTED,1,0,1,0,,,,,2,Trial (Quiet),e_subj18_f_peca_170.wav,none,e,,1,6-A,quiet,subj18,f,peca,170
1783,1669953615763,02/12/2022 04:00:15,1669953615272,-6,01/12/2022 22:00:15,92237,21,task-bsko,,25622444,BLIND,7588880,,complete,,638974fc642773387b0fa186,mobile,Apple iPhone,iOS 15.6.1,Mobile Safari 15.6.1,414x896,800x364,,Audio Naming Task,26,Block 6-A,soundCheckPassed,6-A,6-A,267,201,2,Screen 2,Zone5,response_button_text,991.0000000001164,,,e,1,1,0,0,,,,,2,Trial (Quiet),e_subj18_f_peca_170.wav,none,e,,1,6-A,quiet,subj18,f,peca,170
1784,1669953616373,02/12/2022 04:00:16,1669953615277,-6,01/12/2022 22:00:15,92237,21,task-bsko,,25622444,BLIND,7588880,,complete,,638974fc642773387b0fa186,mobile,Apple iPhone,iOS 15.6.1,Mobile Safari 15.6.1,414x896,800x364,,Audio Naming Task,26,Block 6-A,soundCheckPassed,6-A,,,END TASK,,,,,647772,,,,,0,1,0,,,,,,,,,,,,,,,,,
END OF FILE
